0.01886759607
0.01320977319
0.01075152984
0.0092974611
0.008309441329
0.007582172273
0.007018084101
0.006564091722
0.006188512442
0.00587111391
0.005598290039
0.0051508677
0.004796676011
0.004507307391
0.004265159022
0.00396620377
0.003651641067
0.003460014829
0.003199294469
0.002990807655
0.002819213299
0.00262314574
0.002443696183
0.002297755012
0.002148725984
0.002004618384
0.00187858439
0.001760557877
0.001646262037
0.001543900625
0.001448737493
0.001358706931
0.001275625866
0.001200130193
0.001129030296
0.001063681444
0.001003523344
0.0009482392853
0.0008976107997
0.0008509307965
0.000808294723
0.0007690025735
0.0007335403974
0.0007009388238
0.0006714563761
0.0006447214463
0.0006206260839
0.0005988918208
0.0005793500988
0.0005618271852
0.0005462333956
0.0005323464941
0.0005200484511
0.0005091851113
0.0004996728622
0.0004913635982
0.0004841574195
0.0004779584863
0.000472694007
0.0004682802259
0.000464658906
0.0004617732328
0.0004595830793
0.0004580523484
0.0004571594213
0.0004568897636
0.0004572393462
0.0004582134365
0.0004598273753
0.0004621059099
0.0004650834224
0.0004688045963
0.0004733239085
0.0004787057869
0.0004850257439
0.0004923695087
0.0005008316937
0.0005105192953
0.0005215483091
0.0005340444488
0.0005481443385
0.0005639932105
0.0005817453051
0.0006015649847
0.000623623422
0.000648102574
0.0006751911591
0.0007050879039
0.0007380010252
0.0007741479531
0.0008137577857
0.0008570704891
0.0009043404447
