0.01741129459
0.01238705895
0.01009400196
0.008739610388
0.007821170434
0.007147355514
0.006620052284
0.006197938211
0.005851181398
0.005550020613
0.005292527579
0.004872205732
0.004537945563
0.004265460794
0.004035853564
0.003753178918
0.003454808457
0.00327293744
0.003025624043
0.002828090196
0.00266512741
0.002479249291
0.002308926348
0.002170947011
0.002028602289
0.001891241016
0.001771419686
0.001659756003
0.001551479836
0.001456008563
0.001368592749
0.001287013908
0.00121093268
0.001141491359
0.001075200848
0.001012647994
0.0009536568886
0.0009000854356
0.0008517138779
0.0008079847856
0.0007696107621
0.0007346866006
0.0007048909075
0.0006784693912
0.0006546158362
0.0006336685052
0.0006159124269
0.0005992838118
0.0005835433644
0.000566223596
0.0005482986483
0.0005295441967
0.000511757079
0.000495148018
0.0004824072285
0.000472842647
0.0004663791302
0.0004633458642
0.0004625509293
0.0004635096825
0.0004650695466
0.000466358269
0.0004677036593
0.0004717110247
0.0004780915871
0.0004868108157
0.0004986941987
0.0005099679689
0.0005190952118
0.0005247227747
0.0005295078736
0.0005322106887
0.0005379381363
0.0005496336855
0.0005692364093
0.0005949072428
0.0006299401386
0.0006703966264
0.0007155897989
0.0007642023068
0.000816467891
0.0008850572632
0.0009681283799
0.001068221147
0.001185226784
0.001320805245
0.001463519239
0.001628051611
0.001804395014
0.001998500293
0.002197269007
0.002390888157
0.002631181423
