429.6641863
274.637971
194.9393776
157.6593554
134.9181224
118.2601901
105.8723422
96.7898493
89.83225412
84.1499977
79.52458288
72.58311366
66.68393185
61.62581856
57.70080038
53.19125397
48.1062634
45.10825588
41.27200055
38.27736542
36.00888033
33.51698657
31.20437158
29.43520751
27.563987
25.73945334
24.18344851
22.84992986
21.498671
20.3621926
19.31884397
18.32941978
17.4124377
16.60166742
15.84634003
15.16757757
14.56198778
14.01106306
13.50064226
13.02049071
12.59248036
12.19901856
11.85223657
11.55338072
11.2764436
11.01536236
10.78872569
10.5954107
10.4260657
10.30071933
10.21595976
10.16297306
10.14362856
10.15403294
10.16934355
10.18093039
10.19999933
10.21666302
10.25124174
10.30516865
10.35242454
10.36783882
10.38940501
10.40595823
10.39450603
10.38957797
10.38006747
10.34199072
10.24827841
10.17681635
10.11373249
10.07989643
10.13665702
10.35448179
10.67823507
11.04130627
11.37390539
11.61193161
11.72480396
11.66376459
11.37759012
10.79101693
9.928367883
8.927005725
8.136333261
7.888981915
8.303570184
9.169187046
10.0679732
10.90411612
11.43503587
11.54804161
11.00649595
