0.02266517443
0.01604560137
0.01311705547
0.01137353607
0.01018519297
0.009309082359
0.008629007832
0.008081486807
0.007628520077
0.007245789181
0.006916913225
0.006377924516
0.005951726911
0.00560398441
0.005313400148
0.004955311262
0.004579551972
0.004351299263
0.00404174913
0.003795239751
0.003593191375
0.003363455628
0.003154473278
0.00298560881
0.002814389265
0.002650222792
0.002507992316
0.002376151382
0.002249950052
0.002138370972
0.002036069438
0.001940758907
0.001854272806
0.001777083877
0.001705778407
0.001641584398
0.001583767671
0.00153184013
0.001485406105
0.001443637033
0.001406441915
0.001373040876
0.001343675076
0.001317379166
0.001294218
0.001273757908
0.001255789686
0.001239992327
0.001226145438
0.001214040725
0.001203541654
0.001194435738
0.001186594814
0.001179879852
0.001174207078
0.001169464422
0.001165580217
0.001162496022
0.00116017605
0.00115859188
0.001157740369
0.001157636051
0.001158317337
0.001159850426
0.001162331024
0.001165895769
0.001170725102
0.001177058793
0.001185208702
0.001195572717
0.001208656556
0.001225100011
0.001245702027
0.001271451823
0.001303567031
0.001343523176
0.001393076672
0.0014543112
0.001529639646
0.001621821755
0.001733984951
0.001869621302
0.002032611635
0.002227275041
0.002458396889
0.002731351288
0.003052165539
0.003427682463
0.003865703218
0.004375147554
0.004966269867
0.005650851067
0.006442479393
