408.8836292
289.1763824
236.154046
204.5522357
182.9900269
167.0763494
154.710483
144.7444453
136.4909198
129.5099416
123.5050838
113.6489873
105.8394544
99.45454686
94.10833516
87.50382848
80.54947798
76.31034463
70.53924954
65.9212272
62.11807067
57.76963506
53.78670409
50.54500998
47.23203929
44.02543871
41.21809866
38.58619441
36.03425937
33.74556733
31.61454706
29.59498563
27.72772676
26.02738648
24.42236145
22.94343205
21.57826468
20.32004991
19.1642562
18.09520215
17.11558687
16.20989132
15.38997686
14.63414951
13.94915463
13.3271919
12.76662018
12.26186619
11.80995019
11.40780977
11.05432162
10.74536238
10.47920988
10.25339336
10.06694767
9.917650619
9.804361194
9.726137162
9.682469327
9.672939104
9.697582576
9.756782209
9.851169282
9.981923588
10.15033147
10.3582607
10.60775617
10.90135395
11.24201216
11.63301377
12.0780804
12.58147776
13.14796934
13.78290536
14.4924299
15.28347421
16.16376136
17.14234678
18.22946719
19.43687605
20.77825541
22.26934283
23.92837817
25.77667059
27.83881696
30.14366938
32.72462954
35.62070622
38.87731477
42.54719596
46.69172494
51.38202786
56.70071109
