431.4295854
277.0593032
194.3460731
155.1553446
132.2540985
116.3702692
104.647363
95.76655453
88.72395521
83.02117121
78.22667193
70.7089082
64.88665681
60.1410401
56.37040601
51.91391751
47.29369098
44.54522007
40.92953313
38.11332072
35.83852157
33.26179862
30.94177899
29.1112759
27.22906663
25.42700575
23.89469865
22.49487765
21.1324479
19.95239859
18.88593836
17.90244975
17.00418308
16.19953117
15.44510328
14.76717656
14.13968962
13.56058927
13.03638084
12.53905279
12.06931272
11.63393179
11.23764826
10.86562898
10.5496465
10.25958461
9.987445212
9.740708513
9.517180641
9.309944628
9.136196355
8.999573642
8.909128211
8.849230721
8.812195152
8.783459386
8.777575252
8.795342922
8.844930925
8.921521942
9.010076265
9.102364957
9.201485419
9.306985086
9.392623656
9.459588328
9.460533117
9.376472267
9.233414663
9.09247738
9.001231291
9.010795143
9.136228433
9.374806773
9.669369281
9.980542375
10.26694232
10.50008816
10.67415882
10.77689324
10.76322357
10.61113307
10.22986628
9.649624021
9.167659542
9.215176191
9.695765561
10.34012509
11.25055628
12.2370697
12.7930819
12.74580455
12.457706
