71.11195381
59.34967628
50.6727847
44.90124993
40.6524172
37.37588154
34.78039297
32.66780028
30.90073507
29.40595628
28.10194868
25.93269207
24.18916943
22.73822886
21.51988415
20.04118146
18.86047542
17.86384952
16.74181964
15.61093567
14.67284401
13.75072863
12.86285923
12.14054968
11.37336245
10.67644677
10.00041636
9.416330811
8.87722643
8.383041131
7.943988684
7.529876751
7.174717312
6.855290505
6.591981123
6.378667527
6.217094291
6.1060248
6.036855612
6.008973039
6.014117886
6.050070285
6.124983848
6.241106062
6.394234554
6.581784256
6.798217475
7.035735385
7.284139676
7.542456747
7.81598621
8.098936883
8.396494546
8.709237435
9.02784505
9.341111829
9.637721018
9.896732899
10.11839064
10.31546423
10.48631675
10.63468125
10.77764257
10.90723065
11.02216594
11.13060594
11.22605036
11.30005009
11.33612893
11.33940286
11.27011333
11.18045508
11.10585563
11.08503053
11.10068639
11.17161765
11.36830923
11.8046659
12.54691251
13.45686031
14.39488575
15.32261411
15.88531995
15.95764647
15.65576861
14.76335794
13.49857537
12.39039267
12.91118009
14.91836743
16.98057697
19.39562355
