0.00200996808
0.004019936161
0.006029904241
0.008039872321
0.0100498404
0.01205980848
0.01406977656
0.01607974464
0.01808971272
0.0200996808
0.02210964888
0.02612958504
0.0301495212
0.03416945736
0.03818939353
0.04220932969
0.04823923393
0.05426913817
0.06230901049
0.07034888281
0.07838875513
0.08843859553
0.100498404
0.1145681806
0.1306479252
0.1467276699
0.1668273507
0.1889369995
0.2130566165
0.2432061377
0.275365627
0.3115450524
0.3537543821
0.399983648
0.4542527861
0.5165617966
0.5849007114
0.6632894665
0.751728062
0.852226466
0.9667946466
1.097442572
1.244170242
1.410997592
1.599934592
1.815001176
2.060217282
2.335582909
2.64913793
3.00490228
3.408905864
3.865168618
4.385750351
4.974670999
5.641980401
6.399738368
7.257994738
8.234839225
9.340321669
10.59454175
12.01759915
13.62959355
15.46067447
17.5369715
19.89265409
22.56390167
25.59493353
29.03197895
32.933327
37.35525677
42.3721371
48.0643667
54.51837421
61.84068793
70.147886
79.56860639
90.25560668
102.3777242
116.1279158
131.7272781
149.4190171
169.4865384
192.2514369
218.0734968
247.3627517
280.5875241
318.2724156
361.0204167
409.5108967
464.5116632
526.9030824
