406.1272243
345.404486
208.5421598
188.3748845
198.1820386
161.2480696
144.756694
145.7121992
137.6824966
122.922569
119.7980624
109.9503595
105.5413841
95.65027232
93.38077581
86.30019896
79.21358227
74.70248919
68.60510134
64.04358418
60.61720424
56.40522088
52.10055113
49.07000382
45.74532055
42.71982633
39.96339663
37.3594185
34.7920543
32.56978394
30.44380144
28.41038669
26.51048049
24.76079225
23.09807361
21.55245769
20.07732167
18.73122805
17.52227028
16.42045601
15.40906756
14.45514519
13.56799727
12.74013623
11.95022953
11.22976197
10.58098501
9.973438216
9.415294463
8.911455762
8.454939997
8.019952517
7.598977764
7.174082262
6.765134259
6.363516575
6.025648062
5.773354842
5.592357125
5.43409649
5.314490807
5.182307714
5.024714163
4.867352073
4.723650332
4.593506164
4.51830463
4.476854512
4.517096004
4.631754469
4.766373157
4.92428012
5.141018356
5.367159749
5.617337119
5.902352927
6.208358894
6.529672421
6.885069421
7.267320302
7.72986715
8.34323152
9.227017929
10.33282206
11.57101677
12.93311419
14.5762708
16.48733582
18.86029259
21.70365168
25.02831929
28.72345099
32.40497996
