493.455389
271.1166594
195.7018875
157.2272404
133.6438911
117.5756653
105.8465163
96.85955775
89.7220422
83.89464054
79.03163112
71.33998106
65.4922658
60.8668221
57.09757708
52.56700801
47.94084974
45.19078593
41.52885279
38.66457398
36.34856776
33.74698458
31.40702171
29.53271315
27.64535312
25.84618908
24.29402678
22.85921906
21.48790521
20.27589048
19.16379362
18.12582069
17.1813302
16.33532797
15.55039043
14.84014347
14.19683888
13.61551906
13.0923162
12.61846805
12.19352925
11.80916486
11.46873351
11.16159053
10.88896611
10.64621047
10.43123376
10.24053279
10.07172169
9.922485098
9.791326334
9.675734405
9.574177044
9.484908222
9.406838067
9.33841173
9.278522011
9.226134133
9.180436993
9.140542272
9.105789807
9.075525421
9.049241098
9.026433986
9.006727002
8.989765907
8.975275982
8.963028492
8.952853236
8.944642907
8.938353395
8.934012103
8.931732021
8.931728314
8.934342778
8.940077195
8.949634896
8.963981666
8.984418057
9.012676604
9.051049518
9.10254096
9.171061355
9.261667714
9.380825283
9.53673642
9.739648608
10.00219605
10.33968016
10.77026368
11.31508151
11.99819735
12.84653945
