406.3371087
345.4968954
208.5287071
188.3374148
198.1373965
161.1829601
144.6881972
145.6594999
137.6329787
122.889307
119.7787352
109.9416311
105.5350385
95.65043926
93.37767167
86.30506111
79.22977743
74.73737516
68.66255373
64.11067087
60.68616218
56.47969479
52.17081719
49.12909152
45.80632494
42.77306004
39.99713654
37.39483785
34.82152455
32.59059638
30.45400564
28.41558248
26.4978008
24.73526861
23.06429014
21.52203243
20.06067088
18.7368434
17.54553799
16.44497192
15.43714849
14.48306906
13.58897502
12.75169572
11.9604178
11.24649319
10.5816957
9.958995397
9.394668054
8.874593097
8.394070159
7.954739055
7.533876413
7.115897178
6.727487968
6.352677637
6.039762171
5.799044274
5.616910792
5.444311272
5.307075462
5.170541628
5.015784635
4.860817497
4.724305951
4.59831069
4.524236895
4.496662147
4.547040407
4.654894448
4.783877797
4.953257594
5.175459155
5.402122129
5.662836811
5.953271281
6.26344848
6.590129614
6.943481679
7.323645031
7.783545083
8.402638187
9.298823457
10.40891042
11.66277718
13.04916095
14.72634686
16.67286697
19.11820184
22.03703015
25.4356055
29.16277602
32.87752699
