427.6389281
276.551566
199.0835131
162.5522074
138.978464
120.8730493
107.3309149
97.84252203
90.90234483
85.37819372
80.91561701
74.5745257
68.39454562
62.35224237
57.82178816
53.10324447
47.68954453
44.61251209
41.05612421
38.2378453
36.02648789
33.34449511
30.92516682
29.17673579
27.25839597
25.41174169
23.89596606
22.50990474
21.15359379
19.99319727
18.92096903
17.93409268
17.06246285
16.28087681
15.53013285
14.86293618
14.25447746
13.69690355
13.18546756
12.72053938
12.30257703
11.91685146
11.57423922
11.25957417
10.96545264
10.69111765
10.42374761
10.16554645
9.94382281
9.75832641
9.611615106
9.492783133
9.40449415
9.329369766
9.250947279
9.166129009
9.100553562
9.072614082
9.092822856
9.176683836
9.294630773
9.417366767
9.512315684
9.564087552
9.575459856
9.567658285
9.520233091
9.461609605
9.393749012
9.296917318
9.170923519
9.077708812
9.039659263
9.020299104
8.958525869
8.879662858
8.789906323
8.718053723
8.787673044
8.969699964
9.137290255
9.20941889
9.066265813
8.732720661
8.486910326
8.557434605
8.907995933
9.387364911
10.16525588
11.2539318
12.18313806
12.66334286
12.72380807
