0.0006505498999
0.001256566491
0.001824861405
0.002340008931
0.002793968808
0.003183295038
0.003508069096
0.003770990306
0.003976624341
0.004130745087
0.004239772251
0.004348755695
0.00435277884
0.004292093494
0.004196013175
0.004025953959
0.003800042862
0.003647228099
0.003428698998
0.003247095547
0.003092136264
0.002908050715
0.002733457139
0.002587421188
0.002434575401
0.002284170495
0.002149372388
0.002021528435
0.001897296761
0.001785688523
0.001681785549
0.001583042069
0.001489968607
0.001404589067
0.001323352038
0.001247241265
0.001177165877
0.001111138041
0.001049861615
0.0009952489309
0.0009444146303
0.0008974714087
0.0008553240751
0.0008164795082
0.000780152561
0.0007479155194
0.0007174824484
0.0006902252725
0.0006647195716
0.0006411531539
0.0006203857443
0.0006035112
0.0005907267945
0.0005822254055
0.0005762543543
0.0005717560654
0.0005688095006
0.0005653261303
0.0005611940416
0.0005559596785
0.0005486303659
0.0005396013211
0.0005319002547
0.0005252285741
0.0005231412624
0.0005278547301
0.0005402205758
0.0005562358286
0.0005732696587
0.0005869860802
0.0005959196822
0.0005982243682
0.0005936118669
0.0005842199291
0.0005749929112
0.000569083735
0.0005661342733
0.0005651570187
0.0005683811987
0.0005703624996
0.0005631621474
0.0005507554975
0.000532517358
0.000512762425
0.0004943175752
0.0004885630053
0.0005032446232
0.000543099054
0.000612394675
0.0006979101823
0.0007641170193
0.0008392833695
0.0009218264258
