365.4242979
311.0030566
266.5180395
235.773135
213.4632244
196.4394288
182.8668274
171.7431196
162.4054961
154.4091659
147.4953094
136.1353328
127.174747
119.8114618
113.6195001
105.9043318
99.55408965
94.21002764
88.222782
82.13621257
77.16315817
72.31756238
67.70169676
63.90586126
59.87662335
56.18720174
52.56655508
49.42321305
46.50650602
43.81655099
41.37968288
38.96338284
36.77411814
34.635415
32.66491235
30.83642274
29.20072484
27.77761509
26.50305346
25.40484028
24.43255216
23.58895298
22.88611037
22.20222514
21.45075584
20.77860487
20.13897629
19.53655128
18.96443575
18.49288164
18.11062889
17.9022574
17.76906521
17.66777073
17.6438833
17.64773214
17.59385331
17.53226159
17.58421746
17.73549762
18.00802164
18.37316765
18.79785784
19.21320712
19.61362563
19.98929786
20.36447208
20.66255459
20.84849778
20.89717044
20.74184677
20.53479762
20.58686583
21.02349357
21.78594227
22.78782442
23.9970583
25.16214269
26.03498321
26.71839211
27.41283415
28.30913417
29.12353113
29.81909637
29.80256677
28.98559167
27.32283769
25.01862865
22.76266624
22.44503288
24.48745224
26.60053943
