225.9722852
238.0201187
207.6507747
186.0273377
167.976154
154.6854095
143.9211036
135.2033543
128.3836457
122.0350003
116.8895821
108.0519387
100.8057857
94.90426935
90.00778213
83.9067089
77.25558567
73.31099675
67.84398239
63.48916382
59.88665352
55.71856473
51.91415273
48.7973119
45.62248963
42.51642544
39.75909364
37.15372904
34.62724756
32.3434763
30.2256359
28.23726111
26.38732562
24.6610582
23.03545959
21.53463514
20.16915083
18.92863322
17.8220769
16.7958011
15.83123476
14.94321644
14.14274926
13.42501832
12.78377857
12.22850146
11.71492903
11.25237103
10.81432712
10.43696643
10.08656651
9.762670198
9.461804322
9.211496374
8.989811887
8.784520318
8.592839192
8.454678037
8.37586065
8.348613936
8.386766279
8.476805755
8.559206289
8.580072095
8.573298241
8.51432799
8.39786708
8.317454754
8.313323025
8.439609832
8.792675875
9.278760965
9.857038275
10.56671849
11.28275361
12.02060062
12.8769925
13.72196041
14.52032072
15.42547842
16.29356503
17.23851307
18.26644003
19.24123701
20.07713779
21.15333672
22.02137202
22.75193758
24.19622677
26.9404233
30.21416944
33.87826839
39.3928941
