0.00258013756
0.00516027512
0.00774041268
0.01032055024
0.0129006878
0.01548082536
0.01806096292
0.02064110048
0.02322123804
0.0258013756
0.02838151316
0.03354178828
0.0387020634
0.04386233852
0.04902261364
0.05676302632
0.06708357656
0.07482398924
0.08772467703
0.1006253648
0.1135260526
0.1315870156
0.152228116
0.1728692165
0.1986705921
0.2296322428
0.2631740311
0.3018760945
0.3483185706
0.3999213218
0.4592644857
0.5289281998
0.6089124641
0.6992172787
0.8050029187
0.926269384
1.065596812
1.225565341
1.408755108
1.620326388
1.862859318
2.144094312
2.46403137
2.835571178
3.261293876
3.751520012
4.31399
4.961604528
5.707264282
6.56645009
7.552062638
8.687323164
9.992872769
11.49709297
13.22320499
15.20991092
17.49591279
20.1276531
23.15157432
26.63217989
30.63397325
35.23951879
40.53396106
46.62824598
53.63589959
61.69882947
70.97184386
81.63813253
93.90926677
108.0251994
124.262005
142.9396208
164.4244263
189.1369838
217.5649395
250.268183
287.8840085
331.1554955
380.9315093
438.1873419
504.0505134
579.8136727
666.9629791
767.214224
882.5308921
1015.183504
1167.77284
1343.297018
1545.205683
1777.461925
2044.630009
2351.952774
2705.470322
