402.8642032
260.0155268
219.1156733
213.5527337
176.2351258
169.696421
154.9860912
143.265666
141.834095
129.2369848
125.3765903
113.9970091
106.3882639
101.6253733
96.40562867
89.56344523
81.31419079
77.59759249
71.57199273
66.7789939
62.89642963
58.54606848
54.53084125
51.27327227
47.9651452
44.83069025
41.98029589
39.37714097
36.77215073
34.41010618
32.17689385
30.04348594
28.08583195
26.29011839
24.63572071
23.10652149
21.6396113
20.28182278
19.04923773
17.91350226
16.86326466
15.93720963
15.12251989
14.32302879
13.55135649
12.85412225
12.19997516
11.58821311
11.10306426
10.73333962
10.43958829
10.22343688
10.06413342
9.912940741
9.783539392
9.707984698
9.68960213
9.734217484
9.851772487
10.00067848
10.14132385
10.28506133
10.41231611
10.53022438
10.68200577
10.89302746
11.12018798
11.36452717
11.59521801
11.85455496
12.14591149
12.46094764
12.88538071
13.49567086
14.29349401
15.30582584
16.49352199
17.72588709
18.9550242
20.07890938
21.06047103
22.05432829
22.96470481
23.86982644
25.37675256
27.49760478
30.33260447
33.97140064
38.57990102
43.7281317
48.90688545
54.68353917
60.48325771
