549.2771473
386.7569859
315.3847975
272.9878969
244.1126253
222.8263174
206.2990014
192.9871666
181.9679652
172.6512809
164.639847
151.4952278
141.0843477
132.5754747
125.452814
116.6563236
109.5011213
103.5339676
96.92947039
90.23934338
84.7893739
79.41659347
74.30409179
70.09089135
65.62687376
61.5767075
57.61743963
54.12169234
50.8213197
47.76356993
44.96402732
42.20090543
39.75553081
37.44007864
35.2943759
33.28556223
31.40101402
29.70073622
28.0999084
26.62776381
25.2784021
24.04718579
22.91905899
21.88705128
20.94812493
20.10069168
19.34323889
18.66735186
18.07458638
17.56033185
17.11927647
16.75274884
16.45791468
16.23241451
16.07620181
15.9883628
15.96823015
16.01581139
16.13116687
16.31533237
16.56857221
16.89262338
17.28900405
17.75951252
18.3064339
18.93271544
19.64057931
20.43406726
21.31641417
22.29190351
23.36473798
24.54038408
25.82366911
27.22054035
28.7371581
30.38063404
32.158145
34.07737389
36.14730587
38.37706923
40.77631936
43.35589477
46.12709722
49.10242129
52.29500458
55.71886122
59.38928093
63.32240249
67.53586389
72.04807585
76.87919812
82.05051114
