0.01158511938
0.008206822893
0.006712992369
0.005824124847
0.005218632858
0.004772483093
0.004426357655
0.004147852162
0.003917572187
0.003723107208
0.003556098466
0.003282612145
0.003066593179
0.002890529766
0.002743562929
0.002562690297
0.002373232967
0.002258355245
0.002102865831
0.001979343042
0.001878338197
0.001763804293
0.001659960715
0.001576336799
0.001491854089
0.001411193373
0.001341628385
0.001277452501
0.001216343186
0.00116261617
0.001113641714
0.001068293243
0.001027406673
0.0009911524706
0.0009578825223
0.0009281306737
0.0009015117778
0.0008777593147
0.0008566528161
0.0008377805536
0.0008210697842
0.000806142
0.000793079463
0.0007814305285
0.0007712054636
0.00076219657
0.0007542982959
0.0007473584369
0.0007412711412
0.0007359375312
0.000731291767
0.000727235537
0.0007237085942
0.0007206463469
0.0007180097715
0.000715747132
0.0007138254545
0.0007122182107
0.0007109105734
0.000709891507
0.0007091641124
0.0007087416654
0.0007086530554
0.0007089445358
0.000709684576
0.0007109703783
0.0007129340682
0.0007157540652
0.0007196675019
0.0007249842858
0.0007321062424
0.0007415501073
0.0007539705331
0.0007701858957
0.0007912068463
0.0008182560349
0.000852777712
0.0008964580091
0.0009512103174
0.001019169887
0.001102694912
0.001204357933
0.001326967123
0.001473615479
0.001647718575
0.001853123534
0.002094170794
0.002375824312
0.002703781761
0.003084593748
0.003525822095
0.0040361786
0.004625729741
