471.802563
319.85752
257.3197599
221.1694844
196.9199945
179.2164498
165.5630846
154.6201028
145.5956976
137.9880223
131.4615969
120.7821302
112.3467939
105.4661267
99.71484632
92.62136278
85.16416316
80.62371025
74.44760504
69.50887611
65.44315118
60.79536637
56.53813898
53.07235866
49.52879252
46.09656604
43.08883146
40.26572079
37.52429821
35.06120929
32.76294855
30.57941154
28.55455909
26.70444065
24.95118133
23.32832576
21.82252886
20.42648873
19.1354695
17.93221517
16.82006394
15.78170424
14.831224
13.944009
13.12845747
12.37599395
11.68538219
11.05057331
10.46862733
9.936452314
9.453538452
9.015261375
8.620125779
8.26539232
7.950503844
7.672644566
7.430423635
7.22242749
7.047849223
6.905353377
6.794294394
6.713941854
6.66395518
6.644051375
6.654253567
6.694767635
6.766007219
6.868634312
7.003573564
7.171970505
7.37523007
7.615067716
7.893487541
8.21281794
8.575809291
8.985623033
9.445819693
9.960626315
10.53484243
11.17399676
11.88454402
12.67390861
13.55069547
14.52496249
15.60830717
16.81434669
18.15884272
19.66022614
21.33998535
23.22311784
25.33878283
27.72085488
30.40878975
