1557.206747
1128.280392
245.7831419
271.1576033
499.5184533
244.2628368
155.7460936
284.4602911
239.4164537
134.5243972
176.7350939
135.4433287
174.844511
106.902015
128.9640769
121.4929478
96.38588214
91.56424838
83.05239698
74.14582129
72.58995122
70.10908952
59.15368122
56.22906844
51.83850437
48.38170191
45.53887608
42.68264908
39.25034775
36.58804447
34.15209352
31.34646913
29.31263633
27.42920127
25.51770662
23.89382965
22.26290362
20.76899436
19.43399509
18.18201568
17.03146299
15.96585075
15.00763374
14.13127366
13.33155191
12.59856831
11.91850326
11.25908055
10.62551802
10.05751386
9.558892331
9.10419331
8.701946642
8.336452999
8.005304732
7.726322733
7.531525623
7.360815928
7.213276942
7.109211759
7.012657947
6.915181469
6.866356349
6.867945434
6.883608501
6.919995382
6.98882558
7.081085835
7.189951574
7.373576097
7.642150007
7.985972236
8.371636359
8.783619399
9.193950643
9.632969172
10.15004721
10.81432214
11.64172747
12.56111609
13.53195313
14.49917528
15.51444775
16.42880926
17.25603919
18.09907978
18.73468208
19.07735219
19.69365808
20.32782887
21.23154946
22.40679936
23.34786606
