365.4270637
311.0060037
266.5190466
235.7729797
213.4672167
196.4484007
182.8775476
171.7552128
162.4166932
154.4186077
147.5042366
136.1426974
127.1801934
119.813578
113.6187601
105.8996887
99.54685057
94.20285419
88.2160205
82.13045578
77.15949971
72.31663779
67.70314176
63.91112894
59.88635314
56.20054353
52.58187409
49.43677483
46.51561673
43.82065642
41.37888733
38.95884612
36.76730051
34.62778479
32.65449784
30.82402078
29.18524328
27.75802511
26.4788304
25.37728456
24.40529509
23.56609249
22.86890145
22.19091373
21.44372071
20.77430616
20.13601825
19.53184132
18.96391562
18.49880883
18.11646403
17.908637
17.77651816
17.67928874
17.65285765
17.65916029
17.60182351
17.52974028
17.57684116
17.73459568
18.00824143
18.37343596
18.79822786
19.2146935
19.61511033
19.99179514
20.36636029
20.65886835
20.83622737
20.8800568
20.72645638
20.52605902
20.58319947
21.02480259
21.78761091
22.78786902
23.99566396
25.1641168
26.03506083
26.71123932
27.40504422
28.30312805
29.11872025
29.81781907
29.81185524
29.01377288
27.35012736
25.03535644
22.76337031
22.44631997
24.48916293
26.59575335
