470.7035081
319.7464851
257.4202472
221.3407974
197.1187699
179.4256603
165.7750855
154.8311908
145.8040151
138.1926429
131.662089
120.9740382
112.5303894
105.6419886
99.88361346
92.78061905
85.31255
80.76505647
74.57887476
69.63168046
65.55871641
60.90235527
56.63698452
53.16436371
49.61359665
46.17418106
43.15995623
40.3305733
37.58287061
35.11395632
32.81007835
30.62101369
28.59083835
26.73565877
24.97739469
23.3496893
21.8391673
20.43851319
19.14298645
17.9352805
16.81875653
15.77604588
14.82131164
13.92984751
13.11010979
12.35350414
11.65881557
11.01999167
10.43410918
9.898095444
9.411483577
8.969665472
8.571189342
8.213352773
7.895657547
7.615328855
7.371030215
7.161401862
6.985692943
6.842616128
6.731572338
6.651870059
6.603197908
6.585294057
6.598187019
6.642077989
6.717358516
6.824655344
6.964842851
7.138999028
7.34844501
7.594796375
7.879938676
8.206061696
8.575755639
8.991994941
9.458120571
9.978103803
10.55644137
11.19830339
11.90971857
12.69760357
13.56995839
14.53612019
15.6068307
16.79469193
18.11426849
19.58258333
21.21947722
23.04803015
25.09517808
27.392233
29.9757049
