389.2860319
275.3204131
224.8445536
194.7618153
174.2368786
159.0892913
147.3191301
137.8335103
129.9781111
123.3340932
117.6192656
108.239655
100.8081437
94.7326837
89.64589889
83.36236339
76.74669786
72.71445474
67.22567727
62.83423149
59.21821457
55.08447919
51.29903261
48.21878467
45.07161214
42.02641932
39.36130134
36.86366283
34.44294621
32.27296983
30.25353073
28.34081064
26.57344724
24.96514879
23.4480814
22.05123639
20.76280538
19.57618157
18.48688112
17.47989084
16.55748637
15.7047486
14.93250124
14.21992331
13.5729385
12.98371367
12.45018879
11.96651761
11.52925022
11.13478907
10.78140291
10.46432289
10.18108649
9.928348015
9.704346047
9.505751077
9.330291171
9.175719723
9.040291139
8.921898293
8.819001029
8.729990644
8.653622145
8.588615304
8.534015422
8.488904367
8.452562976
8.424377971
8.403871918
8.390701528
8.384642925
8.385591655
8.393564007
8.408695099
8.431243744
8.461593303
8.500247866
8.547852224
8.605183168
8.673158586
8.752851758
8.8454868
8.952448067
9.075294136
9.215743295
9.375702179
9.557241835
9.762617447
9.994261315
10.25477372
10.54693058
10.8736658
11.23808424
