377.3801584
337.7710487
286.6118691
241.666718
214.3425227
197.1074879
185.1987699
175.7209471
165.6302537
156.0540277
148.5099109
137.9441277
128.7993426
120.8031501
114.7296611
106.7649922
100.2418119
94.78577129
88.74109152
82.53063561
77.48733983
72.590417
67.95696641
64.10177875
60.0534446
56.38617534
52.75568017
49.54538777
46.52049078
43.69519351
41.11981256
38.54114789
36.2773428
34.15334113
32.23529921
30.43526785
28.78552469
27.28627094
25.8582403
24.50365965
23.3004468
22.1696293
21.10175092
20.1525898
19.31662853
18.58681751
17.94847182
17.44924595
17.03891552
16.71749305
16.46811505
16.28439224
16.17400398
16.19617839
16.30884773
16.44688635
16.59878041
16.74982376
16.8566539
16.96586672
17.15129118
17.37283442
17.60174024
17.83881675
18.04260017
18.18020664
18.26248897
18.31541049
18.43133353
18.6403984
18.86238391
19.45335907
20.41250251
21.63984827
23.2546692
25.44638379
28.20494429
31.54380368
35.46310534
40.00080309
45.17145124
50.62067323
56.28807058
62.00280098
66.90127833
70.30751135
72.49755817
73.22592921
71.98794997
69.28357785
65.09158508
62.76881426
