0.0006163200568
0.00116913547
0.001692013247
0.002167599012
0.002587864617
0.002949193343
0.003251289986
0.003496375269
0.003688478185
0.003832815298
0.003935256129
0.004038653477
0.004044364185
0.003989919396
0.003902542389
0.003746847344
0.0035383087
0.003396340794
0.003192523588
0.003022886933
0.002878528125
0.002708743409
0.002548856802
0.002415549922
0.002277430386
0.002142281182
0.002021147371
0.001906601823
0.001797690219
0.001698594731
0.001605364992
0.001517846389
0.001437774736
0.001364537129
0.00129942731
0.001242414751
0.001192644838
0.001148218927
0.001107678578
0.001068890847
0.001032288411
0.0009969208587
0.0009637187031
0.0009311815102
0.0008994736984
0.0008677671971
0.0008357778671
0.0008034630718
0.0007739544595
0.0007472124949
0.0007231864017
0.0007025982272
0.0006860469939
0.0006704918629
0.000656574969
0.0006449741478
0.0006342080348
0.0006223168553
0.00061087465
0.0005997571556
0.0005913535476
0.0005853889208
0.000584021494
0.0005882407095
0.0005960550829
0.0006032008209
0.0006119444192
0.0006211953552
0.0006283085071
0.0006362202846
0.0006457266067
0.0006568041653
0.0006726373256
0.0006976351537
0.0007332838784
0.0007812796324
0.0008472396223
0.0009324313361
0.001032868003
0.001144298711
0.001264177982
0.001384759438
0.00150508717
0.001628482858
0.001763954948
0.001941367028
0.002161169698
0.002414236385
0.002654088549
0.00283027771
0.002956699317
0.003066898614
0.003233225232
