494.2525487
271.3159589
195.7242718
157.172901
133.5504475
117.4605927
105.7190143
96.72488446
89.58337935
83.75399404
78.89030327
71.19959527
65.35444451
60.73228792
56.96661495
52.44148372
47.82226684
45.07704176
41.422432
38.56462386
36.25435544
33.65978945
31.32668859
29.45827949
27.57724998
25.78451559
24.23823928
22.80918057
21.44366845
20.23706087
19.13018478
18.09733735
17.15775077
16.31636115
15.53591401
14.82992784
14.19066535
13.61316624
13.09355472
12.62309799
12.20132476
11.81993498
11.48223475
11.17764039
10.90735071
10.66673567
10.45370637
10.2647761
10.09756828
9.949778556
9.819915417
9.70548491
9.6049639
9.516619109
9.439367878
9.371668484
9.312423108
9.260606386
9.215414899
9.175969533
9.141617458
9.111712459
9.085753548
9.063245768
9.043819465
9.027128948
9.012908726
9.00094095
8.991068454
8.983199862
8.977311072
8.973455034
8.97177759
8.97253646
8.976128987
8.983129416
8.994335395
9.010836154
9.034092592
9.066044943
9.109253476
9.167064936
9.243823462
9.345128839
9.478112491
9.651780157
9.87732037
10.16843814
10.54160941
11.01623433
11.61470382
12.36231653
13.28720701
