226.1330415
238.1426363
207.7224261
186.0402425
167.9227035
154.6131755
143.8283434
135.0886857
128.2603416
121.912919
116.7766685
107.946124
100.7049247
94.81189353
89.91881916
83.82712612
77.19138563
73.26375576
67.82041373
63.47217932
59.87676876
55.72849681
51.93798644
48.84371561
45.69088952
42.57905195
39.80133519
37.19243647
34.64181176
32.34769266
30.2330124
28.24690676
26.38746221
24.68434737
23.05278129
21.52897057
20.15827152
18.90894601
17.77700346
16.75841998
15.80066306
14.90134548
14.09689796
13.37896365
12.72770316
12.15851678
11.64390405
11.18626005
10.77486883
10.43026264
10.13900245
9.859314446
9.596821304
9.364058107
9.161263319
8.96788713
8.794707004
8.671209224
8.578799521
8.518795896
8.525901836
8.57087608
8.608387914
8.608704771
8.605968942
8.574334852
8.521252176
8.476802794
8.521818621
8.696726602
9.074433234
9.602778521
10.19909484
10.9141878
11.69013985
12.39026481
13.29798253
14.2690545
15.17344769
16.0621723
16.99793645
17.94821569
18.99237791
20.00637152
20.88809323
21.9743905
22.85471011
23.54717882
24.96893947
27.77520606
31.10026961
34.87430474
40.78372024
