0.001084579445
0.002044915413
0.002954510349
0.003781863557
0.004513077271
0.005142026835
0.005668374895
0.006096062316
0.006432059899
0.006685306757
0.006865795465
0.007049549107
0.007060865318
0.00696400315
0.006806549458
0.006523933799
0.006145842087
0.005891184184
0.005530865294
0.005233345977
0.004982308862
0.004690911997
0.004414594121
0.004182365695
0.003946854387
0.003718782381
0.003516595043
0.003327769853
0.003148112474
0.002986990468
0.002840590265
0.002698942778
0.002566028321
0.002442402237
0.002320592261
0.002201529264
0.002085595707
0.001973938209
0.001867955058
0.001768356283
0.001674214038
0.001587326565
0.001506593936
0.001432033627
0.001366281327
0.001309893435
0.001259510541
0.001218045393
0.001180156157
0.001144941539
0.001110966404
0.001077466354
0.001042772826
0.00101079649
0.0009810614731
0.0009535687074
0.0009292455269
0.0009092548367
0.0008927657332
0.0008781672858
0.0008653175464
0.0008561849423
0.000851527412
0.0008521300847
0.0008573803129
0.0008672492671
0.0008785570101
0.0008922174223
0.000907309434
0.0009232233285
0.0009391663152
0.0009504695391
0.000959356413
0.0009792636833
0.001021959407
0.001090206914
0.001178458132
0.001288458979
0.00141571788
0.001550513928
0.001703618474
0.001879712935
0.002063768677
0.002256078775
0.002469196574
0.002680714018
0.002916070673
0.003197126372
0.003500631208
0.003797325389
0.004132311434
0.004390580707
0.004646962658
