0.0005718504615
0.001104020729
0.001604766823
0.002060270695
0.002463198482
0.002810226311
0.003101166771
0.003338159626
0.003525021517
0.003666667693
0.003768599135
0.003875910608
0.003889621919
0.003845037991
0.003768199552
0.003628579736
0.003440323413
0.003311546004
0.003126063543
0.002971256338
0.002837606356
0.002676055098
0.002521073569
0.002391115826
0.002254594182
0.002118748014
0.001997604192
0.001883470825
0.001770941811
0.001668166644
0.001572613399
0.001481722821
0.001397339057
0.001320391473
0.001248115609
0.00118123028
0.001120091713
0.001062966673
0.001012207581
0.0009663280421
0.0009256112854
0.0008885939921
0.0008558038306
0.0008264343005
0.0008002806074
0.000777370553
0.0007575097485
0.0007402458184
0.0007243247189
0.0007102372707
0.0006993798481
0.0006915835327
0.0006853465389
0.0006802459864
0.0006744824396
0.0006674035294
0.0006607919086
0.0006551239706
0.0006497787358
0.0006474539414
0.0006457563081
0.0006422825963
0.0006348684995
0.0006240682727
0.0006072647155
0.0005875336145
0.0005668634865
0.0005503768299
0.0005444124128
0.0005507051403
0.0005633630599
0.0005817849026
0.0006015525606
0.0006230820079
0.0006552535684
0.0007023222129
0.0007640856536
0.0008420181893
0.0009333288816
0.001033739987
0.001147270013
0.001276825978
0.001425297721
0.001591904541
0.001771217988
0.0019599429
0.002182064328
0.00245049256
0.002796760183
0.003205717683
0.003668225223
0.004169076941
0.004684102356
