395.1388992
279.4414121
228.1924601
197.6460365
176.8028648
161.4190797
149.4643639
139.8291967
131.8492823
125.0993876
119.293008
109.7619769
102.2092469
96.03367169
90.86221629
84.47280183
77.74376318
73.64124291
68.05502806
63.58382598
59.9006623
55.68817737
51.82833703
48.68558014
45.47230528
42.36052795
39.63454286
37.07717755
34.59555155
32.36789436
30.29159278
28.32158282
26.49768799
24.83432207
23.26150371
21.80941229
20.46605729
19.2248641
18.08151996
17.02065974
16.04512641
15.1396367
14.3162874
13.55355113
12.85847617
12.22346784
11.64718218
11.1242403
10.65189743
10.22730081
9.849637981
9.514871037
9.221464722
8.966999084
8.750674712
8.570169698
8.424276733
8.311890807
8.232347624
8.184866875
8.169146518
8.185064599
8.232748983
8.312674116
8.425435782
8.572018285
8.75352702
8.97139126
9.227306054
9.523138777
9.86099019
10.24324706
10.67251279
11.15163366
11.68380545
12.27250771
12.92143882
13.63483366
14.41725248
15.27371458
16.20986109
17.2318933
18.34671651
19.56213332
20.88677928
22.33052348
23.90440223
25.62101155
27.49470102
29.54181965
31.78115874
34.2342614
36.92604139
