0.0009620364194
0.001844490548
0.00267634152
0.003433161095
0.004101924885
0.004676904264
0.005157831508
0.005548285664
0.005854645416
0.006085152841
0.006249087237
0.006415327309
0.006425412204
0.006338985822
0.006199929255
0.005953423523
0.005627463178
0.005408425902
0.005097648515
0.004841931398
0.004625038465
0.004367452605
0.00412391244
0.003922848377
0.003716456979
0.003516027039
0.003339176198
0.003172741826
0.003011034807
0.002863638617
0.002721834362
0.002581006881
0.002442058989
0.002303904536
0.002162308814
0.00202383389
0.001896243785
0.001778546421
0.001672575975
0.001577205545
0.001493536077
0.00141448801
0.001340224217
0.001272754291
0.001212492992
0.001157576809
0.001106233873
0.001065229249
0.00103050909
0.001001271415
0.0009744530894
0.0009532113406
0.0009323075701
0.0009097975229
0.000886766777
0.0008673388791
0.0008501996988
0.0008389782799
0.0008337824233
0.0008334213976
0.0008357573346
0.0008390760059
0.0008396032617
0.000840277174
0.0008413203495
0.0008414928757
0.000844063953
0.0008522862336
0.0008690215127
0.0008974926743
0.0009383411012
0.000990644853
0.001057373076
0.001137565854
0.001227145858
0.001325308676
0.001432901324
0.00154947419
0.00168395064
0.001849355261
0.002065321723
0.002339319341
0.002677801479
0.00307523275
0.003537046209
0.004057786019
0.004652063065
0.005291816804
0.005994140611
0.006775163386
0.007648089337
0.008643312649
0.009924357597
