0.002683747292
0.005367494585
0.008051241877
0.01073498917
0.01341873646
0.01610248375
0.01878623105
0.02146997834
0.02415372563
0.02683747292
0.02952122022
0.0348887148
0.04025620939
0.04562370397
0.05099119856
0.05904244043
0.0697774296
0.07782867148
0.09124740794
0.1046661444
0.1180848809
0.1368711119
0.1583410903
0.1798110686
0.2066485415
0.238853509
0.2737422238
0.3139984332
0.3623058845
0.4159808303
0.477707018
0.5501681949
0.633364361
0.7272955162
0.8373291552
0.963465278
1.108387632
1.274779964
1.465326022
1.6853933
1.937665545
2.230194
2.562978664
2.949438274
3.392256578
3.902168563
4.487225473
5.160846043
5.936449011
6.830136859
7.855328325
9.036177134
10.39415326
11.95877793
13.75420487
15.82069029
18.19849039
20.93591263
24.08126445
27.70163955
31.8641316
36.65462052
42.16166996
48.50068107
55.78973871
64.176449
73.82183677
84.91644808
97.6803502
112.3631316
129.2519533
148.6796
171.0271637
196.7320953
226.3016229
260.3181199
299.4444716
344.4535975
396.2284503
455.7834864
524.2915035
603.097059
693.7459913
798.0229924
917.9703939
1055.949893
1214.666708
1397.239353
1607.255997
1848.838877
2126.735542
2446.399366
2814.113001
