61.17673911
43.75750577
36.03017953
31.63975545
28.84851041
26.91842943
25.51302933
24.45915854
23.62316321
22.92464193
22.32804833
21.3042421
20.36960773
19.44471265
18.48399784
16.97120434
14.94529668
13.51423263
11.51668203
10.27433018
9.592463049
8.970123631
8.44429939
8.249977525
7.630801412
6.842654273
6.342977767
6.150452085
5.567677602
5.258520926
4.924319396
4.641166956
4.327675272
4.091954077
3.86176943
3.634481131
3.415259285
3.217727782
3.067613205
2.895444516
2.754985209
2.633924323
2.509160596
2.402331843
2.30742911
2.215026092
2.130439517
2.059405789
1.997829072
1.944730567
1.895411418
1.852786148
1.820395569
1.78941245
1.758646221
1.733245521
1.713672678
1.69689861
1.684748541
1.675086467
1.666833811
1.656229064
1.642400005
1.63446842
1.637286584
1.645265526
1.658476825
1.682153963
1.711015975
1.747888065
1.796892858
1.855190757
1.92299619
1.993462299
2.042856353
2.068434075
2.081141171
2.089102499
2.10468586
2.147217002
2.22242146
2.337855228
2.437346255
2.500405984
2.493938196
2.413394013
2.293145334
2.261889846
2.344062871
2.483370078
2.532304962
2.447850723
2.341200656
