0.002636394505
0.00527278901
0.007909183515
0.01054557802
0.01318197252
0.01581836703
0.01845476153
0.02109115604
0.02372755054
0.02636394505
0.02900033955
0.03427312856
0.03954591757
0.04481870658
0.05009149559
0.05800067911
0.06854625713
0.07645544064
0.08963741317
0.1028193857
0.1160013582
0.1344561198
0.1555472758
0.1766384318
0.2030023769
0.2346391109
0.2689122395
0.3084581571
0.3559132582
0.4086411483
0.4692782219
0.5404608735
0.6221891032
0.7144629108
0.8225550855
0.9464656273
1.088830931
1.25228739
1.4394714
1.655655749
1.903476833
2.190843834
2.517756752
2.897397561
3.332402654
3.83331761
4.408051612
5.069786633
5.831704645
6.709624015
7.716726716
8.876740298
10.21075592
11.74777391
13.51152184
15.54154561
17.87739114
20.56651353
23.65636789
27.21286408
31.30191196
36.00787615
41.41775767
47.64492149
54.80536897
63.0441018
72.51930365
83.41815853
95.9568508
110.3805651
126.9713958
146.0562556
168.0095126
193.2608992
222.3086938
255.7249942
294.1609897
338.3759619
389.2372847
447.7415152
515.0407577
592.4558459
681.5053431
783.9424516
901.7734676
1037.318418
1193.234789
1372.586071
1578.897123
1816.217447
2089.210825
2403.234411
2764.460004
