489.4329275
268.3540629
193.4383179
155.2566605
131.8759335
115.960699
104.35349
95.46733592
88.41536961
82.66202255
77.86411779
70.28254072
64.52530022
59.97630175
56.27300703
51.82668275
47.29304893
44.60160425
41.02261937
38.22773234
35.97121508
33.44065559
31.16902189
29.35302396
27.52816286
25.79273266
24.29940148
22.92271222
21.61088717
20.45521387
19.39844747
18.41576916
17.5251461
16.73070882
15.9968253
15.33580763
14.73990738
14.20401034
13.72403047
13.29144744
12.90539784
12.55788394
12.25153076
11.97638325
11.73322048
11.51759226
11.3273813
11.15926275
11.01094462
10.88023338
10.76568327
10.66498987
10.57672843
10.49930826
10.43172462
10.37258341
10.32088942
10.27571851
10.23634589
10.20198496
10.17204883
10.14595736
10.12325654
10.10349541
10.08632868
10.07142592
10.05851865
10.04736846
10.03777443
10.02957281
10.02263148
10.0168494
10.01215936
10.00852942
10.00596661
10.00452417
10.00431034
10.0055007
10.00835606
10.01324542
10.02067795
10.03134353
10.04616709
10.06638073
10.09361252
10.1300087
10.17837835
10.24238477
10.32677535
10.43765548
10.58281397
10.77207348
11.01767197
