403.0572678
259.9669423
219.0596226
213.4894894
176.1572607
169.6053068
154.8928568
143.1701608
141.7262559
129.1501895
125.2960035
113.9341808
106.339809
101.5611126
96.33640445
89.48576719
81.23500342
77.51016522
71.50839042
66.73744882
62.87131509
58.54302762
54.53958278
51.27080059
47.94695104
44.79667814
41.93015967
39.2885942
36.65587042
34.27617551
32.05698611
29.94197188
28.01642473
26.28090283
24.67139567
23.14455275
21.69123784
20.35527977
19.11594253
17.95591336
16.90208817
15.9569577
15.10375504
14.28951004
13.51732349
12.82141135
12.15222519
11.53879053
11.03857022
10.66171529
10.34806327
10.12154382
9.964438066
9.831956454
9.702171847
9.630431482
9.6151848
9.63336952
9.703941538
9.820777554
9.939513893
10.07363911
10.23392131
10.40474292
10.56960686
10.74984271
10.93215111
11.15526211
11.38922223
11.62570725
11.82247178
12.06442339
12.39409998
12.9340208
13.71043997
14.72073932
15.89674494
17.11401198
18.25829534
19.31747665
20.34752391
21.3571564
22.27504455
23.26424654
24.87426991
27.00906772
29.93337348
33.6482316
38.3593256
43.74657885
49.22897728
55.14304414
61.38836292
