431.4663227
277.1019375
194.3546921
155.1537323
132.2457955
116.3585231
104.6376654
95.75692509
88.71822004
83.01397099
78.22278979
70.70381484
64.88600131
60.14156634
56.37273358
51.91564469
47.29366264
44.54470799
40.92594803
38.10682319
35.83188349
33.25238127
30.93374854
29.11196729
27.23397763
25.43511573
23.90662111
22.50634953
21.13738476
19.95640551
18.8852273
17.89773895
16.99761353
16.19271224
15.43692593
14.76075949
14.13180629
13.55312264
13.03103355
12.53911532
12.07421894
11.64058001
11.24056465
10.8646322
10.54128476
10.24398203
9.972137617
9.731533324
9.510491912
9.30284292
9.132030073
8.993494396
8.899115519
8.840689847
8.807816189
8.779863881
8.773826984
8.791426494
8.841544401
8.916713097
9.008383195
9.106288092
9.20964974
9.318123618
9.412434767
9.474262927
9.465225197
9.377948493
9.224843982
9.072848696
8.977236423
8.983402368
9.110405914
9.351718956
9.651151737
9.963713913
10.25019559
10.48158366
10.64851248
10.74945208
10.73679197
10.59020358
10.21701575
9.652544228
9.181534557
9.237074025
9.707707779
10.3436319
11.2537125
12.24413887
12.78075192
12.75237756
12.46016503
