476.6494652
262.9706239
190.375033
153.2774774
130.5026964
114.963053
103.6048827
94.89182179
87.96437221
82.30293358
77.57420262
70.08624438
64.38549996
59.87098882
56.18840494
51.75727139
47.2269949
44.53108298
40.93781944
38.12442332
35.84768972
33.28817662
30.98416008
29.13731951
27.27639738
25.50126226
23.96887868
22.55153977
21.19615724
19.99756879
18.89721962
17.86968646
16.93422553
16.09590519
15.31772931
14.61327935
13.97494964
13.3978941
12.87834271
12.40765824
11.98545828
11.60351841
11.26522955
10.96006417
10.68929121
10.44833462
10.23515846
10.04632374
9.879501026
9.732432891
9.603669907
9.490769667
9.392258355
9.306463509
9.232354268
9.168468024
9.113787425
9.067382933
9.028546315
8.996530412
8.970812961
8.950914482
8.936502367
8.927300477
8.923155541
8.923989012
8.929815476
8.940738341
8.956955475
8.978754869
9.006520261
9.040740667
9.082010053
9.13103432
9.188648036
9.255813985
9.333619233
9.423316283
9.526301679
9.644132241
9.778545984
9.931449365
10.10492841
10.30126544
10.52290983
10.77251784
11.05290974
11.3670969
11.71826846
12.10977744
12.54515462
13.02808684
13.56244324
