1557.370479
1128.378379
246.2709563
271.4496943
499.4696468
244.5095901
156.0555684
284.4543309
239.5125247
134.7659208
176.8307339
135.6157115
174.8137713
107.0793905
129.0431087
121.5038953
96.44141518
91.61279672
83.06583844
74.21373109
72.60812759
70.07739032
59.23519317
56.28318449
51.88585302
48.41957817
45.54889771
42.66352635
39.23439743
36.56881048
34.14034962
31.35237304
29.33882665
27.47356763
25.56100984
23.92387339
22.29038471
20.77390081
19.42314668
18.17224601
17.02073685
15.9545733
14.99537169
14.13356162
13.35546522
12.63524495
11.95364925
11.28213735
10.62001072
10.02954881
9.512559006
9.051576836
8.665613489
8.318657797
8.008610879
7.751682608
7.560757951
7.393914648
7.245381773
7.120015698
7.011097202
6.914744015
6.86026997
6.845250539
6.861114543
6.897093842
6.946551298
7.028187043
7.155556937
7.354633217
7.62581342
7.961258429
8.329380999
8.71284477
9.084964195
9.498544543
9.999749047
10.65923271
11.46979981
12.35443665
13.2913014
14.28049211
15.32260445
16.22647358
17.08570119
17.9560389
18.61524837
19.03576771
19.73588009
20.46514141
21.45005686
22.63267115
23.37279662
