582.2855995
389.8892527
312.1913896
267.675944
237.971495
216.3609361
199.7358528
186.4360395
175.4840869
166.2623699
158.3590085
145.4412432
135.2505217
126.9459274
120.009773
111.461454
104.5212759
98.74149473
92.35189193
85.88628527
80.62331368
75.43753902
70.50449725
66.43954744
62.13212097
58.22275739
54.39903211
51.02035397
47.8273801
44.86553966
42.14990743
39.46498391
37.08405311
34.82454701
32.72533275
30.75440764
28.89947358
27.2200699
25.63294207
24.16748085
22.81854526
21.58237485
20.44480946
19.39984176
18.44556412
17.58170699
16.80823313
16.1181673
15.51479828
14.99515571
14.55563158
14.19922799
13.92462799
13.73094337
13.61915204
13.58906983
13.64061782
13.77377834
13.98828273
14.28493416
14.66278935
15.12289378
15.66565433
16.29173801
17.00239394
17.79969746
18.68483133
19.66132491
20.73176175
21.90009118
23.17024225
24.54771324
26.037313
27.64522069
29.37790675
31.24296609
33.24809316
35.40157965
37.71319145
40.19285616
42.85109177
45.69972543
48.75108801
52.01881437
55.51723283
59.26161998
63.2686338
67.55584452
72.1424422
77.04844388
82.29575555
87.90748801
