518.325324
365.9919136
298.71363
258.6582859
231.3432211
211.1902645
195.5334298
182.9167838
172.4690378
163.632655
156.0320941
143.557164
133.672549
125.5908477
118.8235443
110.4628259
103.6592534
97.98313204
91.69806442
85.32815936
80.13611408
75.01453948
70.13771464
66.11580513
61.85101687
57.97794258
54.18772546
50.83721347
47.66978692
44.7308692
42.03573733
39.3707383
37.0073181
34.76441571
32.68073273
30.72459731
28.88387983
27.21770098
25.6434807
24.19038401
22.85329211
21.62843483
20.50172357
19.46713752
18.52269761
17.66802384
16.90294434
16.22040749
15.62349982
15.10910794
14.6734777
14.31940635
14.04542886
13.85051561
13.73553784
13.70025562
13.74455988
13.86847259
14.07180508
14.35542801
14.71857274
15.16239089
15.6874331
16.29450031
16.98495186
17.76094202
18.62374475
19.57690821
20.6230481
21.76610349
23.00998515
24.36013367
25.82130894
27.39960986
29.10141846
30.9342193
32.90559396
35.02371026
37.29818605
39.73879901
42.35590831
45.1611626
48.16670738
51.38597328
54.83307471
58.52306069
62.47234159
66.69822656
71.21962061
76.05624257
81.22967138
86.76267089
