1274.076871
674.0202184
472.7223878
371.2501792
309.793486
268.4014933
238.5148732
215.8479906
198.0158216
183.5844294
171.6391805
152.9486588
138.9236033
127.9544276
119.1025797
108.5713786
97.9447914
91.68942628
83.43071526
77.02539356
71.87881247
66.12883699
60.98071847
56.86904359
52.73480542
48.79398614
45.38897898
42.23169608
39.19948582
36.50170606
34.0056949
31.6520309
29.48382917
27.51401231
25.65654291
23.94462258
22.36203658
20.89941115
19.55040414
18.29590494
17.13853469
16.05959638
15.0731776
14.15330427
13.30836897
12.52924779
11.81449897
11.15776528
10.55596669
10.00591805
9.507148216
9.05497677
8.647993781
8.283541424
7.961231319
7.678379709
7.433783741
7.226229083
7.055105933
6.919276096
6.818263733
6.751497538
6.718732717
6.719773475
6.754631733
6.823475335
6.926584673
7.064431645
7.237675115
7.447100019
7.693658975
7.978517851
8.303007903
8.668642687
9.07719484
9.530637131
10.03107776
10.58098657
11.18300818
11.84003494
12.55529488
13.33225938
14.1746996
15.08676797
16.07287257
17.13788495
18.2869801
19.52579523
20.86041362
22.29735755
23.84368501
25.50695034
27.29533045
