0.01985859576
0.01383097572
0.01123579745
0.009706241753
0.008668916567
0.007906243495
0.007315147273
0.006839667808
0.006446458125
0.006114247905
0.005828746076
0.005360613426
0.004990070208
0.00468734848
0.004434014472
0.004121212374
0.003792000746
0.003591390043
0.003318340849
0.003099879254
0.002919973982
0.002714267323
0.002525826334
0.002372422237
0.002215598774
0.00206374734
0.001930733976
0.001805955483
0.001684876038
0.001576187906
0.001474881586
0.001378755716
0.001289751193
0.001208569946
0.001131794999
0.0010608979
0.0009952921778
0.0009346557538
0.000878777093
0.0008269042066
0.0007791749892
0.0007348403074
0.0006944913564
0.0006570718377
0.0006229255859
0.0005916779404
0.0005632608579
0.0005374069271
0.000513977605
0.000492828122
0.0004739149309
0.0004570324629
0.0004420991687
0.0004289873897
0.000417651777
0.0004079666807
0.0003998622712
0.0003932719949
0.0003881527059
0.0003844504811
0.0003821375968
0.000381191376
0.0003816042062
0.0003833804097
0.0003865344145
0.0003910955468
0.0003971011214
0.0004046021311
0.0004136615
0.0004243503434
0.0004367495648
0.0004509513346
0.0004670559767
0.0004851722302
0.0005054205454
0.0005279297869
0.0005528337523
0.0005802822673
0.0006104318685
0.0006434494734
0.0006795169344
0.0007188265959
0.0007615843409
0.0008080139808
0.0008583511232
0.0009128540038
0.0009717955611
0.001035471779
0.001104201075
0.001178324113
0.001258208949
0.001344249142
0.001436870396
