0.028787654
0.01918386195
0.0153489964
0.01316590988
0.0117157746
0.01066458637
0.009858399797
0.009215239353
0.008686958292
0.008243192018
0.007863724496
0.007245446179
0.006759683774
0.006365374306
0.006037284403
0.005634768147
0.005309728185
0.005040452515
0.004744529194
0.004447319451
0.00420736808
0.003972999628
0.003752301404
0.003572378962
0.003383968762
0.003215307019
0.003052863945
0.00291175105
0.00278082249
0.002661806656
0.002555049788
0.002452048197
0.00236312489
0.002281124161
0.002207296887
0.002140312877
0.002079595602
0.002026813043
0.001979085365
0.001937116326
0.001900508742
0.001868911887
0.001841743792
0.001818683845
0.001799533172
0.001784138842
0.001772357358
0.001763974342
0.001758947619
0.001757180667
0.001758655835
0.001763389524
0.001771429638
0.001782913612
0.001797945144
0.001816679586
0.001839376503
0.001866250702
0.001897566287
0.001933749469
0.001975025911
0.002021876119
0.002074708482
0.002133961342
0.002200123412
0.00227374855
0.002355293193
0.002445411995
0.00254465213
0.002653665754
0.002773081575
0.002903654876
0.003046056036
0.003201066637
0.003369479352
0.003552180917
0.003750054784
0.003964031095
0.004195176756
0.004444567488
0.004713331574
0.00500272446
0.0053140492
0.00564873926
0.00600829764
0.006394323786
0.006808559272
0.007252840299
0.00772917161
0.008239644835
0.00878654923
0.009372300939
