0.01707861207
0.01438249114
0.01224063248
0.01081617186
0.009809218836
0.009045822634
0.008421283265
0.007899497018
0.007463160121
0.007091537457
0.00676601436
0.006221802047
0.005796349996
0.005446223378
0.005156187194
0.004800846732
0.004517671238
0.00427869045
0.004002764014
0.003727785378
0.003504359
0.003285691224
0.003068308426
0.002895026165
0.002710961818
0.002542310018
0.002378200881
0.002236392331
0.002099528554
0.001970412205
0.001855737411
0.001744116952
0.001645641551
0.001554180443
0.001467849166
0.001385619004
0.001306912204
0.001233874562
0.001167729888
0.001110401166
0.001059063816
0.001014843485
0.0009759025631
0.0009423565571
0.0009146958651
0.0008951532633
0.0008824798274
0.0008748958739
0.0008736250993
0.0008744910737
0.0008766211709
0.0008808737752
0.0008846254629
0.0008881192966
0.0008895087045
0.0008901985757
0.000890964476
0.0008941492586
0.0008984168466
0.0009040364713
0.0009133330427
0.0009282516126
0.000947216033
0.0009725505222
0.001005006495
0.001049918765
0.001101077945
0.001151709724
0.001202757346
0.001251651838
0.001290842813
0.001331490321
0.001387457763
0.00146495974
0.001551507467
0.001646401808
0.001740598857
0.001808344997
0.0018337821
0.001830393115
0.001825031179
0.001833549107
0.00188169219
0.001987284433
0.002160477821
0.002353094332
0.002528529428
0.002673511435
0.002717663689
0.002713290545
0.002823385117
0.003171530041
