0.005000010415
0.01000002083
0.01500003125
0.02000004166
0.02500005208
0.03000006249
0.03500007291
0.04000008332
0.04500009374
0.05000010415
0.05500011457
0.0650001354
0.07500015623
0.08500017706
0.09500019789
0.1100002291
0.1250002604
0.1400002916
0.1600003333
0.1850003854
0.2100004374
0.2400004999
0.2750005729
0.3100006458
0.3550007395
0.4050008437
0.4650009686
0.530001104
0.6050012603
0.6900014373
0.7850016352
0.9000018748
1.025002135
1.170002437
1.335002781
1.525003177
1.745003635
1.990004145
2.275004739
2.600005416
2.970006187
3.390007062
3.870008062
4.420009207
5.05001052
5.770012019
6.590013728
7.530015686
8.600017915
9.820020456
11.22002337
12.81502669
14.63503049
16.72003483
19.10003979
21.81504544
24.92005191
28.4650593
32.51006772
37.14007737
42.42008836
48.45510094
55.3501153
63.2251317
72.22015044
82.50017186
94.2351963
107.6452242
122.9602561
140.4552926
160.4353342
183.2653818
209.3404361
239.1254981
273.145569
312.0106499
356.4057424
407.110848
465.0359687
531.2061066
606.786264
693.1214438
791.7366493
904.3868839
1033.067152
1180.052458
1347.952808
1539.738207
1758.818664
2009.064185
2294.919781
2621.445461
