395.3669451
279.6021506
228.323187
197.758782
176.903282
161.510356
149.5485049
139.9075614
131.9228422
125.1688657
119.3589599
109.8221044
102.2647198
96.085307
90.9106113
84.51715285
77.7837953
73.6786046
68.08869703
63.61448169
59.92878838
55.71334582
51.85072098
48.70563184
45.48989796
42.3756509
39.64741371
37.08784248
34.60396914
32.37418348
30.29578044
28.32364618
26.49764351
24.83220761
23.25726997
21.80304681
20.45753151
19.21413977
18.06855294
17.00537532
16.02745514
15.11946903
14.29354749
13.52809507
12.83018022
12.19217645
11.61273101
11.08643217
10.61051035
10.18208206
9.800320569
9.461136026
9.162960181
8.903319074
8.681384792
8.494764256
8.342191602
8.222493003
8.13494902
8.078692304
8.053354057
8.058724158
8.094862481
8.162148347
8.261111211
8.392649364
8.557799779
8.757917499
8.994625575
9.269728014
9.585265279
9.943563898
10.3471722
10.79888542
11.30184773
11.85949283
12.47548502
13.15402466
13.89965361
14.71738896
15.61288697
16.59239494
17.66290104
18.83233506
20.10952422
21.50459979
23.02895773
24.69566627
26.51968697
28.51815073
30.7108315
33.12049583
35.77356134
