0.01275119016
0.009030401645
0.007384664185
0.006405140349
0.00573771369
0.005245796652
0.004864063563
0.004556826026
0.004302722861
0.004088084227
0.00390370265
0.003601654171
0.003362954051
0.003168307564
0.003005748719
0.002805567175
0.002595711534
0.002468360346
0.002295833693
0.00215862439
0.002046307512
0.001918789443
0.001803001087
0.001709615514
0.001615117439
0.001524724389
0.001446608336
0.001374391993
0.001305468492
0.00124472367
0.001189213482
0.001137678279
0.00109108742
0.001049662409
0.001011543191
0.0009773616707
0.000946698103
0.0009192665148
0.000894831977
0.0008729352785
0.0008535076236
0.0008361227947
0.0008208889621
0.0008072901348
0.0007953472567
0.0007848254415
0.0007756077634
0.000767521795
0.0007604484756
0.000754276349
0.0007489317276
0.0007443032868
0.000740323552
0.0007369203173
0.0007340501043
0.0007316557815
0.0007297013704
0.000728158323
0.0007270103319
0.0007262458848
0.0007258674129
0.0007258879608
0.0007263345497
0.0007272511513
0.0007286998811
0.0007307683791
0.0007335721805
0.000737264725
0.0007420460376
0.0007481723938
0.000755970912
0.000765857148
0.0007783522957
0.0007941041301
0.0008139122357
0.0008387476537
0.0008697676898
0.0009083443975
0.0009560642531
0.001014736597
0.001086403833
0.001173336792
0.001278048466
0.001403325625
0.001552248103
0.001728269879
0.00193526322
0.002177625718
0.002460374244
0.002789249493
0.003170855954
0.003612785833
0.004123800103
