0.01242436818
0.008797152207
0.007192466492
0.006237180788
0.005586137861
0.005106199999
0.004733688736
0.004433814077
0.004185751685
0.003976174695
0.003796106265
0.003501039952
0.003267768365
0.003077476573
0.00291849511
0.002722629676
0.002517169444
0.002392406893
0.002223270978
0.002088643275
0.001978347881
0.001853004704
0.001739058165
0.001647047213
0.00155381992
0.001464507974
0.001387200322
0.001315608577
0.001247151853
0.001186695774
0.001131332326
0.001079817381
0.001033134011
0.0009915253945
0.0009531410982
0.0009186329952
0.0008875956205
0.0008597566529
0.0008348940142
0.0008125549618
0.0007926824143
0.0007748519811
0.0007591852774
0.0007451608791
0.0007328077612
0.0007218896315
0.0007122904973
0.0007038350446
0.0006964018339
0.000689875868
0.0006841807597
0.0006791986244
0.0006748565596
0.0006710746207
0.0006678025957
0.0006649724241
0.0006625366596
0.0006604525713
0.0006586881103
0.0006572101848
0.0006559967151
0.0006550285129
0.0006542945316
0.0006537879631
0.0006535103096
0.0006534698038
0.0006536837422
0.0006541798315
0.0006549987657
0.000656196943
0.0006578505142
0.0006600608531
0.0006629608427
0.0006667232244
0.0006715717979
0.0006777937195
0.0006857535303
0.0006959141716
0.0007088541735
0.0007252895358
0.0007460969496
0.0007723305177
0.000805237531
0.0008462708156
0.000897086352
0.0009595517613
0.001035737269
0.001127929042
0.001238644912
0.0013706639
0.001527081009
0.001711365453
0.001927449069
