67.92394212
57.18044526
49.00424388
43.49261564
39.506448
36.38448403
33.84210686
31.72847108
29.94563384
28.43958185
27.15097519
25.04959523
23.38871043
22.03785129
20.88520418
19.43368787
18.27070867
17.30799392
16.21316257
15.09108806
14.18897571
13.29659029
12.44815703
11.75182194
11.00428264
10.32918674
9.663702721
9.070892182
8.508483198
8.001628971
7.537331488
7.082743053
6.679039702
6.299201262
5.94034183
5.603909381
5.27824973
4.985533469
4.707658103
4.457994528
4.240541146
4.054234314
3.880575537
3.738323099
3.6226
3.518631294
3.434972933
3.370592068
3.334135022
3.320436978
3.333851022
3.378122636
3.444891274
3.529020394
3.620819806
3.714460038
3.791435639
3.843198053
3.873047533
3.881201123
3.869836348
3.84388331
3.804410405
3.754457306
3.735373311
3.763639162
3.853708084
4.025126206
4.264641822
4.545059338
4.849685089
5.162039006
5.502314765
5.854224188
6.228750522
6.592461833
6.965278398
7.32001603
7.709936427
8.110339307
8.541183865
9.028694224
9.59953491
10.20728827
10.79311317
11.44142382
12.17355482
12.98662948
13.81930611
14.72262383
16.34278463
18.47674372
