215.1632124
233.6512392
204.2475734
182.9117185
166.5977102
154.044028
143.9806461
135.565253
128.5435482
122.2467421
116.7897873
107.5257384
100.108561
94.16405268
89.23345178
83.16821582
76.84509395
73.01643164
67.5614041
63.25169425
59.75506568
55.71195108
51.90622335
48.82333125
45.6173707
42.57551926
39.88813131
37.33314974
34.85463374
32.58158979
30.42566886
28.34874597
26.44166523
24.71416865
23.0963241
21.62573876
20.29956349
19.09280756
17.98206993
16.95331547
15.98945121
15.09519908
14.27327377
13.55273042
12.94032483
12.39664056
11.91792411
11.55415601
11.25214788
11.0171099
10.87457182
10.81696289
10.79095339
10.78330913
10.79049117
10.79730285
10.80667609
10.82482422
10.84721885
10.87295015
10.89318557
10.88169662
10.83509561
10.74919153
10.60567919
10.39801567
10.14502771
9.837757392
9.395063598
8.840597106
8.27951319
7.764590492
7.476529923
7.533901867
7.73828445
7.937937133
8.106788321
8.193032831
8.194647615
8.358630589
8.782754501
9.304697436
9.95417691
10.56752134
10.98589162
11.13431229
11.32266563
10.93340603
10.21246588
9.2665566
8.664676174
8.051367677
7.230809442
