1596.244737
823.8304171
565.8437809
436.4971773
358.629501
306.5179382
269.1366877
240.9715749
218.9582134
201.2572387
186.697575
164.117504
147.3688611
134.4104399
124.0581
111.8814127
99.77031922
92.7341401
83.56185019
76.54777789
70.97996076
64.8350472
59.40422651
55.11657243
50.85103382
46.82824085
43.38651824
40.22336218
37.2107725
34.55091912
32.10679748
29.81648019
27.7186627
25.82248782
24.04266133
22.40914922
20.90475331
19.51919102
18.24534051
17.06430733
15.97790601
14.96810507
14.04771608
13.19225939
12.4094394
11.69076384
11.03496539
10.43636178
9.892401498
9.400546533
8.960757646
8.569349918
8.225623692
7.927896009
7.676390064
7.469521003
7.306938451
7.188303285
7.113592922
7.082506483
7.095021873
7.151143956
7.250855927
7.394419265
7.581927768
7.81384523
8.090585661
8.412884438
8.781731991
9.198270575
9.663910115
10.18041176
10.7497953
11.37437307
12.05687501
12.80033921
13.6080063
14.48368146
15.43142352
16.4556603
17.56132001
18.75368269
20.03846541
21.42194305
22.91075474
24.5122169
26.23407946
28.08476385
30.07333679
32.20949912
34.50372904
36.96722295
39.61208211
