427.7089939
276.537569
199.0775962
162.5438189
138.9647878
120.8512587
107.309948
97.82389035
90.8900557
85.36628615
80.90868269
74.57388066
68.39472885
62.34213937
57.80930162
53.09049771
47.67687556
44.6013909
41.04862534
38.23172905
36.02453701
33.33914633
30.91620065
29.17164079
27.25218163
25.40225185
23.88679834
22.50051789
21.14086012
19.9821777
18.90664769
17.92029326
17.05165706
16.27585804
15.52209668
14.85846591
14.24675027
13.68847242
13.1791015
12.72167536
12.30854191
11.92519093
11.57858259
11.25727121
10.95756582
10.67270746
10.40088738
10.14103859
9.920375602
9.735207594
9.591340548
9.478671576
9.395201083
9.324583821
9.250454216
9.169520395
9.103970285
9.07219708
9.085712999
9.157067573
9.268425083
9.38937841
9.483368698
9.544776078
9.5720361
9.563474566
9.514879355
9.45881672
9.389414147
9.291742746
9.173638568
9.08292848
9.057046297
9.046666676
8.995714009
8.920500909
8.831628026
8.725703867
8.771618956
8.944184761
9.104533769
9.173018458
9.042440572
8.734121759
8.515785243
8.59042253
8.950914222
9.415560421
10.16710346
11.24151834
12.16794162
12.66064753
12.71358228
