0.02538971265
0.01795914761
0.01466840772
0.01270739203
0.01136957379
0.01038236429
0.009615359101
0.008997298173
0.008485518197
0.008052710373
0.0076804759
0.007069641654
0.006585788899
0.006190319828
0.005859284915
0.005450488431
0.005118015019
0.004840796171
0.00453404311
0.004223421672
0.003970487502
0.00372125728
0.003484242828
0.003289049951
0.003082396442
0.002895076461
0.002712160193
0.002550860775
0.002398790776
0.00225812783
0.002129577918
0.002002970128
0.001891195228
0.001785649149
0.001688149212
0.001597199306
0.001512232299
0.001435938554
0.001364498787
0.001299217468
0.001239817394
0.001186075161
0.001137316522
0.001093229381
0.001053673858
0.001018569855
0.0009878359606
0.0009611153678
0.0009384543419
0.000919655897
0.0009045179557
0.0008930789296
0.0008852347016
0.0008809218536
0.0008801433717
0.0008828840991
0.0008891662338
0.0008990182327
0.0009124825978
0.0009296813934
0.000950647042
0.0009755364754
0.001004475075
0.001037604956
0.001075098107
0.001117166477
0.001163969489
0.001215783972
0.001272829642
0.001335391516
0.001403746535
0.001478249632
0.001559212814
0.001647017151
0.001742055389
0.001844778494
0.001955640324
0.002075125574
0.00220379945
0.002342235713
0.002491040955
0.00265089558
0.002822509487
0.003006667694
0.003204196784
0.003415979971
0.003642982488
0.003886226064
0.004146830177
0.00442596839
0.00472493027
0.005045084396
