418.8850315
290.3495118
235.4625739
203.2211607
181.3951316
165.3660769
152.9524647
142.9722705
134.7221276
127.7538828
121.7666888
111.9518264
104.1845685
97.83964929
92.53011639
85.97419161
79.07382291
74.8684122
69.14336309
64.56153829
60.78715069
56.46968792
52.51245814
49.28905077
45.99150978
42.79575434
39.99365041
37.36205678
34.80506048
32.50618833
30.35968623
28.3187908
26.42461839
24.69229253
23.0489426
21.52600972
20.11101931
18.79714758
17.57998033
16.44326843
15.39017973
14.40432057
13.49909584
12.65108548
11.86830566
11.14255863
10.4726777
9.852822345
9.280127203
8.751551337
8.266619143
7.820720352
7.412343928
7.038665615
6.699128209
6.39073621
6.111946739
5.861129544
5.63733608
5.438888222
5.264913668
5.114312448
4.986509492
4.880818254
4.797082881
4.735250989
4.695683106
4.679073216
4.686564727
4.719803445
4.780993581
4.872986518
4.999345699
5.164420975
5.373460303
5.632665446
5.949223354
6.331529487
6.789181903
7.333146198
7.97599022
8.732010157
9.617517414
10.65122406
11.8544554
13.25179737
14.87137643
16.74560158
18.91177466
21.41278112
24.29805725
27.62444538
31.45749365
