488.8468281
268.1360499
193.3342344
155.204972
131.8530027
115.9552367
104.3593564
95.4808876
88.43430469
82.68481634
77.8897224
70.3117456
64.55647266
60.00851023
56.30569346
51.85947917
47.32540166
44.63341283
41.05336428
38.25736607
35.99976574
33.46778784
31.1946918
29.37739221
27.55110059
25.81419208
24.31949308
22.94146079
21.62827891
20.47134429
19.41336679
18.42950924
17.53776978
16.74229529
16.00741599
15.34546776
14.7486989
14.21199455
13.73126878
13.29799355
12.91130898
12.56320858
12.25632586
11.98069212
11.73709081
11.52106642
11.33050005
11.16206259
11.01345931
10.88249379
10.76771861
10.66682575
10.57838844
10.5008135
10.43309476
10.37383587
10.32204017
10.27678225
10.23733652
10.20291558
10.17293237
10.14680688
10.12408585
10.10431965
10.08716517
10.07229519
10.05944577
10.04838476
10.03891979
10.03089858
10.02420436
10.0187566
10.01451527
10.01148452
10.00971925
10.00933604
10.01052663
10.01357721
10.01889427
10.02703866
10.03877221
10.0551162
10.07742929
10.10751001
10.14772106
10.20115843
10.27184668
10.36499179
10.48727338
10.64717665
10.85536379
11.1250364
11.47228899
