0.02223196458
0.01572528817
0.01284459207
0.01112822957
0.009957475338
0.00909365016
0.008422582065
0.007881885453
0.007434212118
0.007055656516
0.006730113357
0.00619597484
0.005772954552
0.005427270608
0.005137962822
0.004780776108
0.004490355909
0.004248266617
0.003980468455
0.003709399925
0.003488769295
0.003271471934
0.003064938791
0.002894948519
0.002715095124
0.002552192945
0.00239325827
0.002253241473
0.002121374667
0.001999541074
0.001888339415
0.001778971798
0.001682565648
0.001591680213
0.001507870465
0.001429836158
0.001357077469
0.001291875349
0.001230941523
0.001175366445
0.001124885359
0.001079277383
0.001037938163
0.001000569763
0.0009670183993
0.000937179655
0.0009109481536
0.0008879830941
0.0008682894299
0.0008516652141
0.0008378999602
0.0008270005866
0.0008188490419
0.000813358752
0.0008105153282
0.0008102891534
0.0008126775497
0.0008176982472
0.0008253826193
0.0008358186939
0.0008490492208
0.0008652003015
0.0008843857075
0.0009067350589
0.0009324022605
0.0009615723451
0.0009943962915
0.001031108651
0.001071904956
0.001117027278
0.001166711589
0.001221249833
0.00128090166
0.001345975972
0.001416788966
0.001493698768
0.001577064298
0.001667266041
0.001764743853
0.001869942837
0.001983331575
0.002105433442
0.002236792883
0.002378010204
0.002529715757
0.002692581181
0.002867338571
0.003054760354
0.003255690389
0.003471009464
0.003701681946
0.003948725905
