419.104972
290.3961704
235.4702184
203.214448
181.3819255
165.3496179
152.9343035
142.9532246
134.7026573
127.7342593
121.7470767
111.9325038
104.1656987
97.8212864
92.51226667
85.9570806
79.0576063
74.85279533
69.12862427
64.54754969
60.7738094
56.45711697
52.50061891
49.277824
45.98092329
42.78580013
39.98425884
37.35319949
34.7967267
32.49832789
30.35226913
28.31179553
26.41801402
24.68604434
23.04303032
21.52040624
20.10569987
18.79208872
17.57515958
16.43866668
15.38577758
14.4001022
13.49504357
12.6471868
11.86454761
11.13893104
10.46917218
9.849433474
9.276852388
8.748391348
8.26357805
7.81780711
7.409572381
7.036055785
6.69670624
6.388536587
6.110012913
5.859515485
5.636106913
5.438123167
5.26470675
5.114775642
4.987773724
4.883037825
4.800436346
4.739945947
4.701958336
4.687203036
4.696862904
4.732626373
4.796743834
4.892116613
5.022360951
5.191882329
5.40598821
5.670943706
5.994003512
6.383640443
6.849540336
7.402771835
8.056026769
8.82374957
9.722429532
10.77099209
11.99101387
13.40737818
15.04855722
16.94736258
19.14156197
21.67457757
24.59646441
27.96477541
31.84587672
