0.01747050254
0.01235705216
0.01009240666
0.008742810472
0.007822071567
0.007142608944
0.006614684733
0.006189260987
0.00583697855
0.005539044482
0.005282797299
0.004862272449
0.004529139992
0.004256837277
0.004028882214
0.003747350428
0.003451016577
0.003270450286
0.003024733425
0.002828215933
0.002666460367
0.002481628603
0.002312464933
0.00217489745
0.00203443427
0.001898632075
0.001779887748
0.001668717534
0.001561097353
0.001464753375
0.00137522633
0.001290574451
0.001212507017
0.001141618986
0.001074914089
0.001013663308
0.0009573386978
0.0009056407104
0.0008583613501
0.0008148368352
0.0007751524511
0.0007386530004
0.0007057852625
0.0006756460739
0.0006484705711
0.0006239113448
0.0006018648218
0.0005820721845
0.0005643769506
0.0005486195761
0.0005347173325
0.000522470856
0.0005117763598
0.0005025012449
0.0004945761397
0.0004878805678
0.0004823392522
0.0004778852534
0.0004744738673
0.0004720600419
0.0004706235966
0.0004701559174
0.0004706670707
0.0004721857638
0.0004747585768
0.0004784564376
0.0004833714072
0.000489624466
0.0004973679545
0.0005067868572
0.0005181051223
0.0005315928609
0.0005475700648
0.0005664138975
0.0005885701437
0.0006145587727
0.0006449788848
0.0006805322079
0.0007220236832
0.0007703782963
0.000826662499
0.0008920947935
0.0009680695384
0.001056188093
0.001158274642
0.001276428894
0.001413047566
0.001570885337
0.001753104972
0.001963334665
0.002205748995
0.002485140729
0.002807030189
