368.7402332
312.4249832
267.9318038
237.7584729
215.7573943
198.7193325
184.9812284
173.6328767
164.107714
155.9718257
148.962339
137.327365
128.0917635
120.5479369
114.2134761
106.2945167
99.93401653
94.63106036
88.66058148
82.46706721
77.45142319
72.49590681
67.79023089
63.93418266
59.86973275
56.16203156
52.52217628
49.31686284
46.30712992
43.49925967
40.92201173
38.40478929
36.14681793
33.9412119
31.88046279
29.95524124
28.12777644
26.42919901
24.89516937
23.50158891
22.23000294
21.12477971
20.20125842
19.36333931
18.63165462
17.96613318
17.37471294
16.81233662
16.36920955
15.96552737
15.62575699
15.40580203
15.29052515
15.33069249
15.48528221
15.7048862
15.98504869
16.36244906
16.74134454
17.16541341
17.65916213
18.18994684
18.70167297
19.24693708
19.73604221
20.19819299
20.65287952
21.14682554
21.9453113
23.01640154
24.16439839
25.28138866
26.59822817
28.11136439
29.62592545
31.14127329
32.61421401
34.43276165
36.17260095
37.78504798
39.45367517
41.28776242
42.60497855
42.68126367
42.64151087
42.87649541
43.21284477
43.66500407
44.41458888
47.85263468
52.9311336
57.23224635
