0.002021296516
0.004042593031
0.006063889547
0.008085186062
0.01010648258
0.01212777909
0.01414907561
0.01617037212
0.01819166864
0.02021296516
0.02223426167
0.0262768547
0.03031944773
0.03436204076
0.0384046338
0.04446852334
0.0525537094
0.05861759895
0.06872408153
0.07883056411
0.08893704668
0.1030861223
0.1192564944
0.1354268665
0.1556398317
0.1798953899
0.2061722446
0.2364916923
0.2728750296
0.3133009599
0.3597907798
0.4143657857
0.4770259777
0.5477713557
0.6306445129
0.7256454491
0.8347954609
0.9601158449
1.103627897
1.269374212
1.459376084
1.679697404
1.930338172
2.221404871
2.554918796
2.938965134
3.379607774
3.886953199
4.471107892
5.144199632
5.916334901
6.805705368
7.828481405
9.006897273
10.35914464
11.91554296
13.70641167
15.76813412
18.13709363
20.86382263
23.99885353
27.60686781
31.75456826
36.52887063
42.01871197
48.33526358
55.59980325
63.95584305
73.56912928
84.62764251
97.34766149
111.979827
128.811163
148.1711411
170.4417861
196.0617194
225.5302013
259.4293652
298.4242176
343.2788085
394.8764447
454.2297956
522.503128
601.0406041
691.3804305
795.3013483
914.8408242
1052.347605
1210.524164
1392.475212
1601.776424
1842.535073
2119.483015
