215.1511921
233.6939292
204.2429693
182.8771135
166.5647871
154.0295907
143.9748282
135.5574356
128.5275701
122.2182239
116.7482578
107.4570168
100.0340289
94.10770451
89.19640639
83.15158705
76.85206354
73.02744363
67.57100188
63.26111495
59.7779754
55.75257292
51.95236337
48.84747718
45.62837152
42.5605108
39.83761554
37.284761
34.81666714
32.53994953
30.38799073
28.35279219
26.44540007
24.71442508
23.09078533
21.60526902
20.24304103
19.00128692
17.85301546
16.81111353
15.83088094
14.91441694
14.13163172
13.4518227
12.85883524
12.35198598
11.92874503
11.57879928
11.30676935
11.1189191
11.01223141
10.93950105
10.89568629
10.85021565
10.79723243
10.74409844
10.7249402
10.73718213
10.77035965
10.80401514
10.80785895
10.78913554
10.72463483
10.61949356
10.49110988
10.32843466
10.07660725
9.703954525
9.198199224
8.649849241
8.096065907
7.650418513
7.451898618
7.53765703
7.755118697
7.98323034
8.139866825
8.182537964
8.232939775
8.460264126
8.902095078
9.418766758
10.04309818
10.69822884
11.13358679
11.4203579
11.63762226
11.25047881
10.54229844
9.645336779
8.931928594
8.262438196
7.371014074
