0.01348482693
0.009545088884
0.007801589596
0.006763345616
0.006055548826
0.005533614611
0.005128385047
0.004802074059
0.004532062482
0.004303873893
0.004107756491
0.003786253311
0.003531933107
0.003324350993
0.003150824897
0.002936891076
0.00271226014
0.002575723713
0.002390429593
0.002242744583
0.002121594798
0.00198370945
0.001858130579
0.001756533074
0.001653380884
0.001554322038
0.001468351805
0.001388515483
0.001311938128
0.001244082988
0.001181723779
0.001123478759
0.001070482989
0.001023050425
0.0009791037502
0.0009394177369
0.00090356078
0.0008712516226
0.0008422651868
0.0008161034548
0.0007927272792
0.000771662738
0.0007530773324
0.0007363737822
0.0007216044936
0.0007085033345
0.00069694491
0.000686729744
0.0006777206003
0.0006697858658
0.0006628390488
0.0006567414095
0.0006514075186
0.0006467419521
0.0006426847013
0.0006391525007
0.0006360863484
0.0006334318239
0.0006311466326
0.0006291853802
0.0006275148406
0.0006261028907
0.0006249251945
0.0006239586057
0.0006231865219
0.0006225943544
0.0006221717958
0.0006219114775
0.0006218094215
0.0006218650126
0.0006220809557
0.0006224635345
0.0006230228555
0.0006237732179
0.0006247337979
0.0006259292367
0.0006273902894
0.0006291555662
0.0006312724388
0.0006337989893
0.0006368065819
0.0006403822951
0.0006446325477
0.0006496877692
0.0006557069198
0.0006628849643
0.0006714594769
0.00068172061
0.0006940214952
0.0007087899968
0.0007265427757
0.000747899018
0.000773596615
