0.01737592243
0.0127170642
0.01062166027
0.009306257554
0.008313260771
0.007491004123
0.006830894543
0.006348425495
0.005992705111
0.005703117787
0.005468186286
0.005138028991
0.0048641574
0.004574762753
0.004330646479
0.004036442766
0.003673336085
0.003405640806
0.003069871389
0.002817781975
0.002650601998
0.002467404936
0.00231538384
0.002209907622
0.002052960435
0.001882889465
0.00176126982
0.001670532909
0.001540098092
0.001446703374
0.001356846964
0.00127640566
0.001197348966
0.001132166064
0.001069766718
0.001010373245
0.000952231706
0.0008993139385
0.0008536317113
0.0008074796421
0.000766057796
0.0007287835754
0.0006940840578
0.0006623519055
0.0006338467357
0.0006077001859
0.0005854693208
0.0005672123066
0.0005503802476
0.0005359261771
0.0005230298348
0.0005106598626
0.0004984364749
0.0004882573296
0.0004801739653
0.0004740813637
0.0004694633867
0.0004654995018
0.0004607203889
0.0004553597751
0.0004507057375
0.0004469481814
0.0004448319765
0.0004448709649
0.0004457651451
0.0004456676881
0.0004443171723
0.0004427958502
0.0004427884153
0.0004451352115
0.000450242221
0.0004552860322
0.0004586409095
0.0004621891947
0.0004627997722
0.0004627866336
0.0004623466375
0.0004626098704
0.0004634206667
0.0004647801146
0.0004633121635
0.0004634271437
0.0004685973226
0.0004816893568
0.0005049790876
0.0005306960482
0.000559217692
0.0005822066602
0.0006049014085
0.0006159163791
0.0006101243354
0.0005902220616
0.0005785627281
