502.4716749
355.3858109
290.240502
251.4155908
224.9265585
205.3778636
190.1882703
177.9472255
167.8102172
159.2366628
151.8623482
139.7595422
130.1709575
122.3324697
115.76993
107.6640166
101.0697094
95.56984134
89.48213256
83.31518034
78.29127553
73.3385173
68.62579174
64.74221161
60.62770704
56.89500299
53.2465255
50.02568387
46.98541825
44.16928601
41.59163785
39.04833408
36.79834966
34.6688386
32.69646733
30.85105559
29.12106241
27.56156299
26.09476265
24.74750543
23.51439694
22.39119479
21.36417438
20.42703458
19.5770725
18.81289778
18.13316958
17.53037833
17.00595167
16.55581495
16.17538599
15.86587002
15.62486759
15.4505127
15.34283715
15.30116939
15.32519795
15.41506965
15.57102679
15.79440586
16.08548502
16.44623616
16.87828807
17.38354543
17.96440591
18.62393722
19.36442373
20.19004208
21.10411011
22.11102764
23.21510552
24.42195338
25.73652479
27.16492812
28.71349764
30.38955136
32.20049001
34.15425286
36.26013312
38.52760478
40.96672303
43.58880178
46.40569494
49.43055449
52.67729174
56.16083901
59.89758571
63.90498098
68.20224065
72.80966137
77.74968281
83.04632744
