0.0006204429341
0.001178470996
0.001706063687
0.002186099694
0.002610716452
0.002976428093
0.003282977806
0.003532547349
0.003729092533
0.003877745642
0.00398428147
0.004094790593
0.004105657237
0.004054312794
0.003968418816
0.003813401136
0.003605518444
0.003464740611
0.00326411844
0.003098194153
0.002957109234
0.002790143798
0.002631086917
0.002497804245
0.002359887563
0.002224244617
0.002102047063
0.001985039959
0.001869924792
0.001764478876
0.001665337338
0.001571758177
0.001483756
0.0014026275
0.001323422784
0.001247539529
0.001174342287
0.001107577075
0.001046779993
0.0009911967451
0.0009409527164
0.0008966026762
0.0008572378222
0.0008205542221
0.0007872689035
0.0007560792856
0.0007253058373
0.000696139542
0.0006703273965
0.0006479064874
0.0006289013837
0.0006145345679
0.0006047030525
0.0005943517098
0.0005853894021
0.0005795242191
0.0005728917225
0.0005639406573
0.0005580786424
0.0005542179218
0.0005520951793
0.0005533963081
0.0005568179533
0.0005598692711
0.0005626911735
0.0005646647075
0.0005661369133
0.0005677218094
0.0005685320939
0.000565277367
0.00055433277
0.0005355562327
0.0005129311159
0.0004981294145
0.000499353696
0.0005142832632
0.0005383160001
0.0005666473973
0.0005959799406
0.0006229506098
0.0006574637583
0.000701909123
0.0007560000867
0.0008150217906
0.0008874608363
0.0009858425419
0.001108704561
0.001241656205
0.001389695246
0.001542295634
0.001722371859
0.001960381057
0.00222044337
