466.5474011
378.5001346
222.6455365
204.802179
217.232164
170.7425272
155.201021
160.7746729
145.4027388
131.6632533
131.0962014
116.9314376
114.9391162
102.3853078
98.46558675
92.52577801
83.26344494
79.36909267
73.57054928
68.60575851
64.90429019
60.78544445
56.18191742
52.85436726
49.41967564
45.99863452
43.06668265
40.31177711
37.59527536
35.12261734
32.84427804
30.66202739
28.6465318
26.77625812
25.00133582
23.39364671
21.88749157
20.51314983
19.27522152
18.11418922
17.03875406
16.05205032
15.15582659
14.31391073
13.56218556
12.83745283
12.13444066
11.45077259
10.80225561
10.14959216
9.555713638
9.05789723
8.630065199
8.245256454
7.957204325
7.719846236
7.466101676
7.202192395
6.962562718
6.77066511
6.599665994
6.50805081
6.489057315
6.505031722
6.503579586
6.542192136
6.623897507
6.76674192
6.921728027
7.109013253
7.315232642
7.539848503
7.816349209
8.234135247
8.773118181
9.423152978
10.18765031
11.03201627
11.88217882
12.58525687
13.10185733
13.35634626
13.38931943
13.15532622
13.06608676
13.83610084
15.65106104
18.03008882
20.71079952
23.91757267
27.13988379
29.86935965
33.49501968
