386.4136837
273.2955264
223.1936997
193.3337049
172.9607428
157.9253525
146.2424171
136.8271368
129.0300286
122.4353489
116.7629919
107.4531685
100.0770407
94.04693398
88.99818638
82.76173619
76.19579257
72.19394734
66.74668843
62.3886036
58.80017431
54.69813538
50.94189722
47.88557479
44.76302715
41.74187232
39.09800087
36.62049004
34.21952497
32.06750301
30.06503019
28.16865787
26.41669193
24.82270046
23.31944014
21.93563033
20.65955214
19.4846398
18.4064272
17.4100276
16.4976637
15.65454803
14.89134437
14.18743526
13.54863311
12.96715771
12.4409295
11.96413458
11.53332574
11.14491277
10.79714517
10.48528618
10.20687362
9.958581614
9.738645644
9.543766073
9.371687159
9.220182825
9.087522545
8.971625819
8.870971438
8.783974712
8.709409913
8.646020017
8.592868626
8.549057751
8.513885829
8.486757001
8.467210185
8.454917201
8.449668505
8.451373341
8.46006099
8.475879045
8.499098546
8.530114814
8.56944373
8.617742143
8.67579904
8.744544889
8.825066152
8.918600748
9.026547633
9.150480977
9.292135596
9.453435906
9.636471848
9.843518845
10.07703078
10.33963086
10.63411934
10.96345585
11.33077248
