466.5527073
378.5170842
222.6286976
204.8070228
217.2820316
170.745356
155.2057736
160.8093659
145.412881
131.6604112
131.0998103
116.9201821
114.9437056
102.3723991
98.46605205
92.55107538
83.30011179
79.41982999
73.62211178
68.65030668
64.94194882
60.80294483
56.15482376
52.81274651
49.36609944
45.93774569
43.02318053
40.2947488
37.59230797
35.13101661
32.86595086
30.68456731
28.6613281
26.79093266
25.02603109
23.41986976
21.90968432
20.52810352
19.28850288
18.11837444
17.03670004
16.06074765
15.17509068
14.33669905
13.58825421
12.86046778
12.14224591
11.45167597
10.78963922
10.13264251
9.552573338
9.074482159
8.656167998
8.277023815
7.978804642
7.698239391
7.408037417
7.128395386
6.882389639
6.692582582
6.54191398
6.462532886
6.443402844
6.448253122
6.449379295
6.482527502
6.55671688
6.684246407
6.843339698
7.032655866
7.248951844
7.481009887
7.763317038
8.181309448
8.740866488
9.416182797
10.18604443
11.04293927
11.91958074
12.66001976
13.21731451
13.53781313
13.58146008
13.32463288
13.15455224
13.81938399
15.52947141
17.86972091
20.48297259
23.60564638
26.79831928
29.48360383
32.98749081
