407.4244489
288.1453961
235.3128616
203.824268
182.3393733
166.4828048
154.1613534
144.2311418
136.0073115
129.0514716
123.0682554
113.247725
105.4664209
99.10463164
93.77780988
87.19730621
80.26830285
76.04466517
70.29473323
65.69371384
61.90461564
57.57232863
53.60427384
50.37476039
47.07432003
43.8799425
41.08339623
38.46170563
35.91977819
33.64016531
31.51770314
29.50636107
27.64681108
25.95359517
24.35539791
22.88285663
21.52367295
20.27104669
19.12044241
18.05622187
17.08104076
16.17941397
15.36310909
14.61048158
13.92819586
13.30842692
12.74947898
12.24573015
11.7941355
11.39155963
11.03680516
10.72566111
10.45631708
10.22619823
10.03425671
9.878150503
9.756629646
9.668634147
9.613561961
9.590864645
9.600486053
9.642694519
9.71805234
9.827641641
9.972717602
10.15510646
10.37686819
10.64057606
10.94926728
11.30636341
11.7157826
12.18204958
12.7102684
13.30622183
13.97658701
14.72895555
15.57186486
16.51534743
17.5708266
18.75148063
20.07269152
21.55222028
23.21069844
25.07224696
27.16474788
29.52087215
32.17842893
35.18149136
38.58126336
42.43706795
46.81774595
51.80285773
57.48453861
