0.01347257419
0.009536465716
0.007794588898
0.006757318951
0.006050191174
0.005528753847
0.005123912769
0.004797916755
0.004528167564
0.004300202192
0.004104277891
0.003783094267
0.00352903005
0.00332165947
0.003148312348
0.002934602407
0.002710211246
0.002573823437
0.00238873528
0.002241218688
0.002120210484
0.0019824908
0.001857067868
0.001755600784
0.001652585692
0.001553663812
0.001467817491
0.001388101241
0.001311644422
0.001243901271
0.001181650033
0.001123510969
0.001070616599
0.00102327946
0.000979425728
0.0009398279304
0.0009040546568
0.000871824564
0.0008429123868
0.0008168207044
0.0007935098364
0.0007725065976
0.0007539774387
0.0007373263801
0.0007226052366
0.0007095483453
0.0006980303976
0.0006878523294
0.0006788771704
0.0006709736122
0.0006640553401
0.0006579840517
0.0006526745857
0.0006480318748
0.000643996136
0.0006404844861
0.0006374382247
0.000634803248
0.0006325375325
0.0006305960271
0.0006289457931
0.0006275550387
0.0006263997167
0.0006254570214
0.0006247106331
0.0006241462758
0.0006237539048
0.0006235263947
0.0006234599527
0.0006235540476
0.0006238113324
0.0006242378451
0.0006248431585
0.0006256406364
0.0006266479716
0.0006278875545
0.0006293868428
0.0006311797559
0.0006333070855
0.0006358178283
0.0006387709471
0.0006422367635
0.000646299266
0.0006510590941
0.0006566360266
0.0006631738519
0.000670844006
0.0006798519049
0.0006904432944
0.0007029116225
0.0007176074193
0.0007349477092
0.0007554281333
