0.02974909621
0.01862845247
0.01449758869
0.01223631874
0.01077057975
0.009725546267
0.00893348535
0.008307068048
0.007795906891
0.007368678252
0.007004774138
0.006414302399
0.0059521199
0.005577751263
0.005266577848
0.004884897414
0.004486072816
0.004244420889
0.003917113249
0.003656522089
0.003442750813
0.003199216738
0.002976950353
0.002796592539
0.002612761069
0.002435298381
0.002280307107
0.002135322484
0.001995046707
0.001869505099
0.001752849159
0.001642520366
0.001540723999
0.001448222216
0.001361094686
0.001280993529
0.001207227124
0.001139405202
0.001077260608
0.001019928292
0.000967530419
0.0009192134898
0.0008755840123
0.000835459775
0.0007991705549
0.0007662719081
0.0007366448173
0.0007099614139
0.0006860300089
0.0006646535372
0.000645737844
0.0006290283604
0.000614398218
0.0006016787937
0.0005907855464
0.0005815609782
0.0005739065889
0.000567732051
0.000562974124
0.0005595647377
0.0005574653804
0.0005566473872
0.000557100986
0.0005588326272
0.0005618629586
0.00056623165
0.0005719907919
0.0005792104562
0.0005879771217
0.0005983901027
0.0006105630092
0.0006246250606
0.0006407177746
0.0006589948051
0.0006796247968
0.0007027875454
0.0007286697111
0.0007574756646
0.0007894172919
0.0008247172274
0.0008636133291
0.0009063536546
0.0009531995189
0.001004430277
0.001060336642
0.001121232803
0.001187447869
0.001259335449
0.001337273315
0.001421663516
0.001512938534
0.00161155946
0.001718023889
