283.4521048
203.3992534
167.4689032
146.2147278
132.0537401
121.7815287
113.9130388
107.5379166
102.1105757
97.30140854
92.9272333
85.03684753
78.15372962
72.41550406
67.86928463
62.82428481
58.98815248
55.86344381
52.83085468
49.60797382
46.18961081
43.18874596
40.64400426
38.62331939
35.90749692
33.93927765
31.77595537
30.09871023
28.30835689
26.81549941
25.43704668
24.02185733
22.78911616
21.62755718
20.54074883
19.60075559
18.68916699
17.89771202
17.13772243
16.45897015
15.85065743
15.32351952
14.85912866
14.46449643
14.16036827
13.90335725
13.66705015
13.39834671
13.08894375
12.74039003
12.35505389
11.9318398
11.54003238
11.20761396
10.93694218
10.69819362
10.53512663
10.42010873
10.3440023
10.29279379
10.2808951
10.28000642
10.25253811
10.2360109
10.25920417
10.33806347
10.47572718
10.7025974
11.01942617
11.36525634
11.791848
12.24980164
12.6189329
12.90929447
13.26273607
13.72232302
14.22615289
14.84733368
15.39353781
15.74499466
15.67856493
15.16670636
13.91986848
11.90802049
9.880597205
9.292786781
9.286291828
9.655218765
11.30538233
13.41211818
14.18815237
17.053961
