493.9902198
271.3058128
195.7848298
157.2617439
133.6520528
117.5679879
105.8286822
96.83492033
89.69270737
83.86199441
78.99661988
71.30204787
65.45285227
60.82673513
57.0572891
52.52691568
47.90147476
45.15209491
41.49137872
38.62829912
36.31342221
33.71327723
31.37475938
29.50170965
27.61570576
25.81791428
24.26699593
22.83338479
21.46325393
20.25231447
19.1412267
18.10421309
17.16060845
16.31540866
15.5312219
14.8216583
14.17897494
13.59821751
13.07552089
12.60213071
12.17760168
11.79360676
11.45350139
11.14665126
10.87428556
10.63175921
10.4169846
10.22646209
10.05780833
9.908710329
9.77767305
9.662188033
9.560724633
9.471538636
9.393541383
9.325179693
9.265347653
9.213011773
9.167362102
9.127511681
9.092801638
9.062579321
9.036338363
9.013577988
8.99392353
8.977023875
8.962608207
8.950452866
8.940394249
8.932333637
8.926238178
8.922150088
8.920201822
8.920634125
8.923822505
8.930313015
8.940866864
8.956525797
8.978689217
9.009217846
9.050569428
9.105959717
9.179566968
9.276783171
9.404484285
9.571367146
9.788256952
10.06844272
10.42793986
10.88565668
11.46347513
12.18618039
13.08139027
