0.02028156798
0.01343653803
0.0107151081
0.00916795021
0.00814041651
0.007395264097
0.006823361673
0.00636667576
0.00599115418
0.005675336115
0.005404940546
0.004963528609
0.004615777234
0.004332703143
0.004096496019
0.003805675323
0.003500567169
0.003315122794
0.003063294834
0.00286229575
0.002697101038
0.002508593778
0.002336283581
0.00219629597
0.0020534769
0.001915494774
0.00179491208
0.001682068206
0.001572861783
0.001475117128
0.001384296333
0.001298419441
0.001219212093
0.001147271964
0.001079553379
0.001017342391
0.000960100391
0.0009075213577
0.0008593930696
0.0008150393135
0.0007745468662
0.0007372470784
0.0007035973237
0.0006726737104
0.0006447174962
0.0006193721526
0.0005965312168
0.0005759266115
0.0005573944662
0.0005407659918
0.0005259522216
0.0005127383251
0.0005010083623
0.0004906118113
0.0004814654694
0.0004734240008
0.0004663877524
0.000460260307
0.0004549672069
0.0004504219199
0.0004465621982
0.0004433253895
0.0004406645868
0.0004385341505
0.0004369022599
0.0004357411605
0.0004350323009
0.0004347636718
0.0004349308322
0.0004355366412
0.0004365910645
0.0004381115244
0.0004401228317
0.0004426573292
0.0004457556112
0.0004494663573
0.0004538458655
0.0004589601283
0.00046488341
0.0004716988927
0.0004794996211
0.0004883874934
0.0004984736365
0.0005098791327
0.0005227331019
0.0005371748505
0.0005533512713
0.0005714183768
0.0005915405598
0.000613889906
0.0006386471663
0.0006660007461
0.0006961484625
