406.0545964
345.3747904
208.5090946
188.349858
198.1850936
161.2203803
144.7330208
145.701389
137.6732515
122.9037793
119.7855305
109.941736
105.5478846
95.643164
93.38442142
86.29743409
79.20544293
74.69197668
68.59134012
64.0370157
60.61125757
56.40396607
52.09739382
49.06459925
45.73968526
42.72543011
39.96508833
37.36228857
34.79697559
32.57350357
30.4385634
28.40763306
26.50393722
24.75157221
23.09070624
21.55537033
20.09162795
18.75213382
17.55347952
16.45253259
15.43486461
14.47348364
13.58319658
12.74532656
11.95800763
11.24729563
10.59690241
9.985940681
9.428407357
8.911576589
8.440283334
7.99823504
7.570775294
7.144068149
6.736998024
6.338939343
6.009269909
5.762750056
5.584435311
5.431281137
5.307499201
5.177588015
5.020590777
4.861792746
4.712313694
4.571842491
4.482600672
4.434770251
4.464702191
4.568660734
4.701103336
4.870142814
5.09915374
5.332552377
5.587905353
5.874812033
6.182946954
6.505460268
6.857498981
7.237945637
7.695593565
8.296920086
9.163555092
10.2468471
11.46647867
12.81046018
14.42903898
16.29996059
18.6430159
21.46080497
24.74437994
28.40197846
32.06219848
