0.009999989173
0.01999997835
0.02999996752
0.03999995669
0.04999994586
0.05999993504
0.06999992421
0.07999991338
0.08999990255
0.09999989173
0.1099998809
0.1299998592
0.1499998376
0.1699998159
0.1899997943
0.2199997618
0.2499997293
0.2799996968
0.3199996535
0.3699995994
0.4199995453
0.4799994803
0.5499994045
0.6199993287
0.7099992313
0.809999123
0.9299989931
1.059998852
1.20999869
1.379998506
1.5699983
1.799998051
2.04999778
2.339997466
2.669997109
3.049996698
3.489996221
3.979995691
4.549995074
5.19999437
5.939993569
6.779992659
7.73999162
8.839990429
10.09998906
11.53998751
13.17998573
15.05998369
17.19998138
19.63997874
22.4399757
25.62997225
29.26996831
33.43996379
38.19995864
43.62995276
49.83994604
56.92993836
65.0199296
74.27991958
84.83990814
96.90989507
110.6998801
126.4498631
144.4398436
164.9998214
188.4697959
215.2897669
245.9197337
280.9096959
320.8696526
366.5296031
418.6795467
478.2494822
546.2894085
624.0193244
712.8092282
814.2191184
930.068993
1062.40885
1213.568686
1386.238499
1583.468286
1808.768042
2066.127763
2360.097445
2695.897081
3079.466666
3517.626191
4018.115649
4589.82503
5242.874323
