295.7250768
206.063646
167.5302121
144.8487692
129.484027
118.199441
109.4624913
102.4414946
96.64101407
91.74513251
87.54165169
80.65890474
75.22126003
70.78718603
67.08339089
62.52053912
58.81968156
55.74178177
52.34555952
48.91841301
46.13811136
43.40923702
40.82570738
38.7080004
36.47745949
34.46757214
32.51787883
30.81104222
29.21435565
27.74996849
26.42384817
25.13082378
24.00159338
22.94732128
21.98509179
21.09876303
20.28155705
19.55744202
18.88825112
18.28455126
17.74176879
17.25582276
16.81863662
16.4255028
16.07327661
15.75937442
15.48128154
15.23405421
15.01651497
14.82535142
14.65705991
14.51074417
14.38405713
14.27481764
14.18194601
14.10410004
14.0399391
13.9886372
13.94942103
13.92159545
13.90484896
13.89887213
13.90359448
13.91909398
13.94561488
13.98359432
14.03357549
14.09637664
14.1729199
14.26437362
14.37206675
14.49762899
14.64280504
14.8096446
15.00041446
15.21769753
15.46428824
15.74324867
16.05803526
16.41233923
16.81013946
17.25581814
17.75405228
18.30995226
18.92898185
19.61701989
20.38047382
21.22623872
22.16189258
23.19561293
24.33648725
25.59448844
