0.03922738487
0.02774222871
0.02265494737
0.01962280564
0.01755389624
0.01602692981
0.0148403575
0.01388403822
0.01309202832
0.01242211577
0.01184585997
0.010899986
0.01015048037
0.009537670226
0.009024526572
0.00839056972
0.007722974691
0.007315996112
0.00676188749
0.006318435743
0.005953187499
0.005535510519
0.005152870657
0.00484137999
0.004522970461
0.004214701347
0.003944732851
0.003691548716
0.003445958904
0.00322560078
0.003020316328
0.00282565101
0.002645539741
0.00248139812
0.002326315693
0.002183265396
0.002051058111
0.001929038132
0.00181677092
0.001712736908
0.001617202541
0.00152865742
0.001448267224
0.001373910792
0.001306255047
0.001244536647
0.001188599074
0.001137892306
0.001092120794
0.001050977099
0.001014350578
0.0009818174648
0.0009531966226
0.0009282210594
0.000906784026
0.0008886305401
0.000873617139
0.0008616128431
0.0008525365902
0.0008462968201
0.0008428588184
0.0008422096084
0.0008443745026
0.0008494185637
0.0008574388938
0.0008685829856
0.0008830338922
0.0009010288596
0.0009228600991
0.000948872016
0.0009794721202
0.001015143127
0.001056445193
0.001104027897
0.001158652461
0.001221199205
0.001292675433
0.001374267803
0.001467340655
0.001573473903
0.001694510066
0.001832577158
0.001990140076
0.00217006515
0.002375651607
0.002610736414
0.002879733653
0.003187751161
0.003540683193
0.003945316161
0.004409478764
0.004942173546
0.005553779753
