368.7406164
312.4255136
267.931673
237.7581116
215.7574331
198.7188289
184.9799115
173.630319
164.1046564
155.969024
148.959969
137.32573
128.0908251
120.5477603
114.2136188
106.2951567
99.93494881
94.6320099
88.66181427
82.46806568
77.45233064
72.49659612
67.79104788
63.93518718
59.87086693
56.16356361
52.52357487
49.31823139
46.30855991
43.50049027
40.92298595
38.40522105
36.14766206
33.94204515
31.8810547
29.95527305
28.12571848
26.42641881
24.89339074
23.50129015
22.23067221
21.12546198
20.20209355
19.36440773
18.63263296
17.96684045
17.37464459
16.81269869
16.36997847
15.96634557
15.62639162
15.40617155
15.29104445
15.33139207
15.48586743
15.70530189
15.98545664
16.363168
16.74193792
17.16568159
17.65950752
18.19030441
18.70179886
19.2471227
19.73596417
20.19834427
20.65306258
21.14695426
21.94573191
23.01716918
24.16527793
25.28231768
26.59928315
28.11256157
29.62724254
31.14266139
32.6156365
34.43434548
36.17437254
37.78691352
39.45590819
41.29033165
42.60778869
42.68428132
42.64476594
42.8800103
43.21660231
43.66889694
44.41863223
47.85699019
52.93368157
57.23167059
