0.007090167408
0.005324540448
0.00465361395
0.004182002176
0.003690121107
0.003201260319
0.002810993747
0.002560068583
0.002402436393
0.002280672073
0.002184979526
0.00208991473
0.001953497903
0.001770488958
0.001666774449
0.001578825046
0.001487484327
0.001378006686
0.001312264467
0.001203871258
0.0011505228
0.001065816959
0.001003753904
0.0009606914917
0.0009042379324
0.0008546175511
0.000801120255
0.0007594389687
0.0007224320876
0.0006899789518
0.0006585315968
0.0006264571961
0.0006022647641
0.0005788104783
0.000557389258
0.0005379428912
0.0005200035947
0.0005041694207
0.0004896763676
0.0004761864792
0.0004645641607
0.0004553070086
0.0004489339788
0.0004450998784
0.0004443640516
0.0004470928317
0.0004526370817
0.0004605327894
0.0004710274845
0.0004838344201
0.0004986417239
0.0005141626372
0.0005291640358
0.0005435978605
0.0005577715734
0.000572146577
0.0005872365991
0.0006036752438
0.0006222343777
0.000642997439
0.0006663434523
0.0006925530316
0.0007212763154
0.0007529664801
0.0007883706671
0.000826424919
0.0008655700957
0.0009054597435
0.0009453547834
0.0009829117106
0.001014478355
0.001044342215
0.001076731118
0.001109827214
0.001140535834
0.001172431173
0.001202109184
0.001228372751
0.001248426206
0.001257801918
0.001262100912
0.001255799334
0.001216356528
0.001161394693
0.001143684094
0.001107623724
0.001033503022
0.0009604361587
0.0009288126675
0.0009412207171
0.0009448018383
0.0009268419043
