476.6292562
262.9637382
190.3721373
153.2763405
130.5024747
114.9633511
103.6054898
94.89261595
87.9652782
82.30390311
77.57520359
70.08724932
64.38646484
59.87189157
56.18923463
51.75798324
47.22754789
44.5315205
40.93807524
38.12451164
35.84762388
33.28791465
30.98369765
29.13667732
27.27555399
25.500205
23.96761647
22.55006822
21.19446457
19.99566046
18.89509372
17.8673375
16.93165394
16.09311558
15.3147191
14.61005196
13.97150892
13.39424503
12.87449171
12.40361098
11.98122284
11.59910159
11.26064215
10.9553139
10.6843884
10.44328888
10.2299798
10.04102145
9.874084076
9.726909681
9.598048664
9.485057478
9.386461678
9.300587812
9.226404435
9.162447766
9.107699524
9.061229161
9.022327544
8.990246345
8.964462276
8.944494636
8.930009676
8.920729858
8.91650059
8.917241755
8.922966324
8.933775877
8.949866263
8.971523285
8.999128261
9.033167514
9.074232054
9.123024538
9.180375936
9.247245113
9.324714928
9.414033248
9.516591685
9.633941803
9.767816004
9.920114886
10.09291837
10.28850244
10.50931003
10.75799079
11.03735836
11.35041743
11.7003504
12.09050357
12.52440088
13.00572227
13.53832976
