377.3750353
337.7651276
286.6040476
241.6613923
214.3403036
197.1053472
185.1964545
175.719313
165.6288095
156.0532898
148.5103687
137.9451842
128.7993096
120.8017638
114.726618
106.760141
100.2370596
94.78052683
88.73514638
82.523827
77.48070718
72.58380016
67.95111534
64.0977583
60.05137087
56.38539711
52.75585608
49.54628297
46.52145953
43.69582981
41.11996712
38.54032276
36.27522787
34.15060321
32.23169415
30.4310679
28.78327045
27.28644405
25.85899374
24.50438248
23.30012346
22.16834893
21.10160053
20.15238453
19.31615933
18.58695689
17.94843973
17.44905087
17.03897476
16.71766613
16.4681089
16.28335773
16.17396018
16.19618243
16.30880489
16.44663565
16.59902562
16.75000831
16.85642794
16.9652769
17.15054809
17.37211229
17.60141364
17.83864976
18.04260097
18.18037408
18.26272308
18.31569788
18.43155258
18.64049539
18.86246476
19.45369348
20.41286325
21.64050401
23.25546719
25.44721508
28.20587385
31.54487928
35.46438696
40.00239599
45.17332335
50.62282913
56.29053237
62.00559358
66.90433919
70.31080249
72.50109224
73.22986261
71.9925047
69.28886387
65.09779815
62.77738318
