0.002604077213
0.005208154427
0.00781223164
0.01041630885
0.01302038607
0.01562446328
0.01822854049
0.02083261771
0.02343669492
0.02604077213
0.02864484935
0.03385300377
0.0390611582
0.04426931263
0.04947746705
0.05728969869
0.06770600754
0.07551823918
0.08853862525
0.1015590113
0.1145793974
0.1328079379
0.1536405556
0.1744731733
0.2005139454
0.231762872
0.2656158758
0.304677034
0.3515504238
0.4036319681
0.463525744
0.5338358287
0.6145622223
0.7057049248
0.8124720905
0.9348637196
1.075483889
1.236936676
1.421826158
1.63536049
1.880143748
2.163988164
2.486893739
2.861880857
3.291553598
3.786328268
4.354017101
5.007640481
5.760218796
6.627376508
7.622134003
8.767927977
10.08559105
11.60376806
13.34589572
15.35103517
17.65824758
20.31440634
23.36638483
26.879285
30.91820875
35.56648658
40.91005302
47.0608834
54.13355711
62.2712984
71.63035191
82.3956071
94.78059833
109.0275048
125.4149627
144.2658776
165.9500286
190.8918801
219.5836029
252.5902815
290.5551232
334.2281022
384.4659598
442.2530372
508.7273162
585.1934395
673.1513556
774.3327757
890.7194026
1024.602824
1178.607951
1355.76072
1559.542782
1793.954
2063.600988
2373.775229
2730.572868
