476.52771
262.9241973
190.3519449
153.2651615
130.4963299
114.9603323
103.6045535
94.89313859
87.96686246
82.30628317
77.57819469
70.0911001
64.39087526
59.87668397
56.19429762
51.76332296
47.23311707
44.53720231
40.94388284
38.13040195
35.85357421
33.29392933
30.98977234
29.14280576
27.28174615
25.50647191
23.97396368
22.55650736
21.20101239
20.00232597
18.90188962
17.87427895
16.93875219
16.10037801
15.3221578
14.6176736
13.97931882
13.4022465
12.88268574
12.41199835
11.98980113
11.60786888
11.26959162
10.96444141
10.69368643
10.45275026
10.23959655
10.05078615
9.883989534
9.736949274
9.60821593
9.495347427
9.396870209
9.311112291
9.237043168
9.173200959
9.118569015
9.072218661
9.033442503
9.001494574
8.975853771
8.956042094
8.941728425
8.932638558
8.928621151
8.929600041
8.935592357
8.946704463
8.963137567
8.98518335
9.01322968
9.047770219
9.089404066
9.138842789
9.196927254
9.264627121
9.343036826
9.43341699
9.537172765
9.655870106
9.79125673
9.945249162
10.11994381
10.31763374
10.54077903
10.79204688
11.07426834
11.39046553
11.74383826
12.13775005
12.57574223
13.06151218
13.59893991
