1566.310726
1135.182334
249.5152083
273.6613813
501.5472391
247.1017388
157.7931828
285.4240464
241.0896703
136.3332786
177.8255301
137.0912432
175.120114
108.2940072
129.6727418
121.8368994
97.04748896
92.1604002
83.74692821
74.82039037
73.05798602
70.23245002
59.66516894
56.59792117
52.19502037
48.68791437
45.69776809
42.82289464
39.41490429
36.76783839
34.31233797
31.60168212
29.53209392
27.62895418
25.73937941
24.06276857
22.46744552
20.98433564
19.60847989
18.32772719
17.17838749
16.13326394
15.20269483
14.33153045
13.51980921
12.76425427
12.05964795
11.3614691
10.72968669
10.1979161
9.714338953
9.297243689
8.966370563
8.657570354
8.383095546
8.155269404
7.943340147
7.741763648
7.56156197
7.404304051
7.256477422
7.167302693
7.132902598
7.12527649
7.13012116
7.161942346
7.189566483
7.227598795
7.322318152
7.497332689
7.734069643
8.042415091
8.383026729
8.761738736
9.252131142
9.917547966
10.77489158
11.80113478
12.91238904
13.98351886
15.03709764
16.06695828
17.16008228
18.17088364
19.17326975
20.0956846
20.57968985
20.74064856
21.0722467
21.44794724
21.56650144
20.4038483
17.16126484
