0.002523409761
0.005046819522
0.007570229282
0.01009363904
0.0126170488
0.01514045856
0.01766386833
0.02018727809
0.02271068785
0.02523409761
0.02775750737
0.03280432689
0.03785114641
0.04289796593
0.04794478545
0.05551501474
0.06560865378
0.07317888306
0.08579593187
0.09841298067
0.1110300295
0.1286938978
0.1488811759
0.169068454
0.1943025516
0.2245834687
0.2573877956
0.295238942
0.3406603177
0.3911285129
0.4491669374
0.517299001
0.5955247035
0.6838440452
0.7873038454
0.9059041041
1.042168231
1.198619636
1.377781729
1.58470133
1.821901847
2.096953511
2.409856322
2.773227327
3.189589938
3.669037792
4.21914112
4.85251697
5.581782391
6.422077841
7.38602037
8.496320664
9.773166003
11.24431389
12.93247502
14.87550054
17.11124159
19.68511954
22.64255578
26.04663555
29.96044409
34.46473051
39.64276734
45.6030612
52.45664211
60.34229761
69.41143229
79.84320824
91.84454506
105.6501199
121.5299375
139.7969007
160.8093338
184.9785525
212.7814813
244.7657
281.5544909
323.874596
372.5562171
428.5532031
492.968284
567.0656883
652.2988997
750.345986
863.1272618
992.8633279
1142.097781
1313.762824
1511.232255
1738.382031
1999.676065
2300.241925
2645.986913
