0.007337717073
0.005272974548
0.004337842128
0.003771400523
0.00337795903
0.003085094994
0.002856646604
0.00267444189
0.002523181487
0.002395994979
0.00228663035
0.002107830696
0.001964638885
0.001846510051
0.001747928324
0.001625809824
0.001525364449
0.001440724797
0.001347951463
0.001253734456
0.001177949457
0.001103122517
0.001031860935
0.0009729839003
0.0009107235997
0.0008537648169
0.0007975761402
0.0007481867905
0.0007022828199
0.0006595793647
0.0006209403585
0.000583077642
0.0005492507124
0.0005176039565
0.0004878812436
0.0004604811432
0.000435687765
0.0004139419703
0.000392250329
0.0003717064063
0.0003526315895
0.0003348877805
0.0003182618604
0.0003023542955
0.0002883016778
0.0002751511129
0.0002631317845
0.0002513098629
0.0002411340759
0.0002323411921
0.0002250520451
0.0002187450868
0.0002137471486
0.0002100139901
0.0002070527179
0.0002045428088
0.0002031726319
0.0002028120782
0.0002027017729
0.0002034973887
0.0002061064153
0.0002096228442
0.00021373514
0.0002180209113
0.0002216534199
0.0002237247603
0.0002241494069
0.000224301281
0.0002239356413
0.0002240722253
0.0002260357149
0.0002296199421
0.0002331131123
0.0002343582288
0.0002356042131
0.0002350232741
0.0002361611246
0.0002413340664
0.0002520676072
0.00026348481
0.0002694835819
0.0002664983762
0.0002561753219
0.0002338543771
0.0002054813165
0.0001919435755
0.0001870548209
0.0001790809145
0.0001653321466
0.0001528347891
0.0001164851224
9.922365503e-05
