0.003102030632
0.006204061265
0.009306091897
0.01240812253
0.01551015316
0.01861218379
0.02171421443
0.02481624506
0.02791827569
0.03102030632
0.03412233696
0.04032639822
0.04653045948
0.05273452075
0.05893858201
0.06824467391
0.08065279644
0.08995888834
0.1054690415
0.1209791947
0.1364893478
0.1582035622
0.1830198073
0.2078360524
0.2388563587
0.2760807263
0.3164071245
0.362937584
0.4187741354
0.480814748
0.5521614525
0.6359162796
0.7320792292
0.8406503014
0.9678335573
1.113628997
1.281138651
1.47346455
1.693708725
1.948075237
2.239666117
2.577787455
2.962439254
3.409131665
3.920966719
4.510352539
5.186595217
5.965204906
6.861691759
7.894667959
9.079643661
10.44453714
12.01416464
13.8226485
15.89790699
18.28647058
21.03486972
24.19894096
27.83452086
32.01916019
36.8304097
42.36753438
48.73290123
56.05989759
64.48501278
74.17885851
85.3275566
98.15135124
112.9046089
129.8758185
149.3968973
171.852497
197.6831061
227.3943555
261.572529
300.8907673
346.1152719
398.1394276
457.9838026
526.8209643
606.0065003
697.0945277
801.8718164
922.4012166
1061.043374
1220.528075
1403.982166
1615.010208
1857.759615
2136.995107
2458.204175
2827.690145
3252.714872
