0.01236524865
0.01035932182
0.008375354562
0.007277274137
0.006550913861
0.006018556175
0.005605344993
0.005273641548
0.005002729804
0.004774952146
0.004577142758
0.004251698817
0.003994563611
0.003781688088
0.003601908758
0.003376896149
0.00313928813
0.002993265508
0.002791058906
0.002627791309
0.002491635472
0.002332056515
0.002182171012
0.002060183195
0.001933901016
0.001811358699
0.001703209903
0.001601954971
0.001503540233
0.001416533345
0.001336123422
0.001259044236
0.001187110622
0.001122353823
0.001062249884
0.001007571059
0.0009584632272
0.0009128066109
0.0008694316724
0.0008270355734
0.0007868713252
0.0007496521293
0.0007178374667
0.0006893370578
0.0006645807043
0.000643704297
0.0006257156357
0.0006088430883
0.0005931968615
0.0005793176372
0.0005660005856
0.0005520039307
0.0005397418627
0.0005299550664
0.0005241590797
0.0005231922807
0.0005254852556
0.0005286352916
0.0005324909807
0.0005344483531
0.0005345684336
0.0005376512152
0.0005431004416
0.0005505568365
0.0005619457479
0.0005764880396
0.0005922318743
0.0006126198848
0.0006363844028
0.0006662284708
0.000706601564
0.00075990783
0.0008255523769
0.0009066421644
0.001005106854
0.001124899105
0.001269480183
0.001442169819
0.001641561935
0.001872842588
0.0021348125
0.002430157185
0.00276426504
0.003145915411
0.003580937296
0.004078826685
0.004663420688
0.005355051833
0.006167940128
0.007091267377
0.008141060267
0.009294101124
0.01054387706
