317.1329577
219.8891908
178.4337192
154.110396
137.6609918
125.5916884
116.2529327
108.7512745
102.5552306
97.32625822
92.83714966
85.48687457
79.67939106
74.94292673
70.98563692
66.10884632
62.15153038
58.85869813
55.22310872
51.55144712
48.57002467
45.64076198
42.86416665
40.58524836
38.18141864
36.01169798
33.90292319
32.05290388
30.31831472
28.72345226
27.27527012
25.85900893
24.61814313
23.4556858
22.39081948
21.40611593
20.49441779
19.68304777
18.92980197
18.24700481
17.63002621
17.07476171
16.57246498
16.11813735
15.70851655
15.34094692
15.01281506
14.71856534
14.4570349
14.22446349
14.01673905
13.83287833
13.67005688
13.52553953
13.39794342
13.28548673
13.1862659
13.09901916
13.02247336
12.95526997
12.89666789
12.84565637
12.80154198
12.76374301
12.73179116
12.70534943
12.68427314
12.66853206
12.65832455
12.65406202
12.656435
12.66647578
12.68563317
12.71588677
12.75987385
12.82107678
12.90400331
13.01443847
13.15978743
13.34934274
13.59464043
13.90987881
14.31217178
14.8218941
15.46275575
16.26184259
17.24962428
18.45971912
19.928984
21.69732572
23.80831417
26.30949782
