225.8489974
238.0648895
207.7100596
186.0583557
167.970502
154.63781
143.8406839
135.0974398
128.2633263
121.9255986
116.7912075
107.9755563
100.7497356
94.87477889
90.00065549
83.92146896
77.29101118
73.35361229
67.88221195
63.5231358
59.92447896
55.76403351
51.97032706
48.88462496
45.70125156
42.57697537
39.80158297
37.17212645
34.6038588
32.34366086
30.24761534
28.27331626
26.45170349
24.75682605
23.1415866
21.62598321
20.2474945
18.9908393
17.85745152
16.79373496
15.82958534
14.96049906
14.17329637
13.46167629
12.82710597
12.2321247
11.66902712
11.18239387
10.74387932
10.37372625
10.07657573
9.782718199
9.474015289
9.200477644
8.966597542
8.746270368
8.567032597
8.458881467
8.400778449
8.38570641
8.434269672
8.524483798
8.611617787
8.658721432
8.667912708
8.605599427
8.503506678
8.449044235
8.47443279
8.63859599
9.005264843
9.476227658
10.0504123
10.72699107
11.35259154
12.05384611
12.85165169
13.61452677
14.34466567
15.21039868
15.98084533
16.93504523
17.94893179
18.89798369
19.73525696
20.80889885
21.59311375
22.26045014
23.72061297
26.4245798
29.63331635
33.26724416
38.67516186
