0.002017963589
0.004035927179
0.006053890768
0.008071854357
0.01008981795
0.01210778154
0.01412574513
0.01614370871
0.0181616723
0.02017963589
0.02219759948
0.02623352666
0.03026945384
0.03430538102
0.0383413082
0.04439519897
0.05246705332
0.05852094409
0.06861076204
0.07870057998
0.08879039793
0.1029161431
0.1190598518
0.1352035605
0.1553831964
0.1795987595
0.2058322861
0.23610174
0.2724250846
0.3127843563
0.3591975189
0.4136825358
0.4762394071
0.5468681327
0.6296046399
0.7244489286
0.8334189624
0.9585327049
1.10180812
1.267281134
1.456969712
1.676927743
1.927155228
2.217741985
2.550705977
2.934119059
3.374035121
3.880543982
4.46373546
5.135717335
5.906579426
6.794483405
7.815572982
8.992045754
10.3420634
11.89589536
13.6838111
15.74213396
18.10718729
20.82942017
23.9592817
27.5613467
31.70220799
36.46863799
41.9494271
48.25556331
55.50812445
63.85038593
73.44782076
84.48809956
97.18714443
111.7951828
128.5987657
147.9268209
170.1607437
195.7384322
225.1583234
259.0015908
297.9321443
342.7127743
394.2253309
453.4808137
521.6415699
600.0495451
690.2404098
793.9899718
913.3323385
1050.612384
1208.528124
1390.179153
1599.135246
1839.496907
2115.988189
