383.570307
271.2870606
221.5555786
191.9166093
171.6946527
156.7708543
145.1747439
135.8295281
128.0905188
121.5450425
115.9150626
106.6749238
99.35414984
93.36941252
88.35874822
82.16948851
75.65344704
71.68215186
66.27668162
61.95223701
58.3916766
54.3217244
50.5951304
47.56315557
44.46574022
41.46920337
38.8471737
36.39043883
34.00995505
31.87664473
29.89194899
28.01280642
26.27717186
24.69845682
23.21004321
21.84035427
20.57776017
19.41573173
18.34981296
17.3652481
16.46419087
15.63199189
14.87912192
14.18518416
13.55585155
12.98339283
12.46569359
11.99696595
11.57375462
11.19246713
10.85132001
10.54560458
10.27284991
10.02974483
9.814513216
9.623882571
9.455608425
9.307480828
9.177779299
9.064445475
8.96597138
8.880789643
8.807686128
8.745417041
8.693053381
8.649703429
8.614667752
8.587349387
8.567282159
8.554128982
8.547667598
8.547790556
8.554506895
8.567940784
8.588336733
8.616061689
8.651603099
8.695589384
8.748784811
8.812101407
8.886616758
8.973575398
9.074404487
9.1907355
9.324400868
9.477473636
9.652259761
9.851334901
10.07755923
10.33409395
10.62443904
10.95245167
11.32240181
