0.04327187988
0.02416714193
0.01765718948
0.0143217678
0.01226974837
0.0108673397
0.009841089091
0.009053213461
0.008426518013
0.007914268153
0.007486443936
0.006809324676
0.006294450548
0.005887417527
0.005556090406
0.005158606787
0.004844792177
0.004589621244
0.004314197316
0.004042843443
0.003827638336
0.003620818717
0.003429170281
0.003275215675
0.00311626723
0.002976020979
0.002842850664
0.002728758591
0.002624295017
0.002530565234
0.002447542572
0.002368439385
0.002300983722
0.002239506371
0.002184788105
0.00213568947
0.002091660816
0.002053776119
0.002019851669
0.001990299075
0.001964752014
0.001942891724
0.001924255175
0.001908574659
0.001895676042
0.001885424521
0.001877698768
0.001872339446
0.001869306509
0.001868531598
0.001870007812
0.001873750441
0.001879805409
0.001888286831
0.001899287082
0.001912941573
0.0019294668
0.001949052777
0.001971932395
0.001998465148
0.002028872436
0.002063572283
0.002102940173
0.002147384089
0.002197360115
0.002253384162
0.002315907525
0.002385541741
0.002462823714
0.002548377777
0.002642814689
0.002746848589
0.00286112806
0.002986390489
0.003123381367
0.003272920805
0.003435823781
0.00361294008
0.003805229252
0.004013655134
0.004239221881
0.00448303716
0.00474624615
0.005030101986
0.005335915083
0.005665076425
0.006019097217
0.00639956905
0.006808227693
0.007246883659
0.007717517673
0.008222220379
