181.283066
159.3107623
130.1342977
113.0651288
101.3887355
92.7793978
86.01091322
80.53183438
76.05141742
72.18475169
68.87820178
63.43314037
59.13857915
55.63790368
52.67215962
49.00076197
45.08534445
42.70750772
39.43134456
36.80169416
34.63770734
32.18356795
29.92474531
28.0934563
26.21710951
24.38983298
22.78522956
21.29197621
19.84797025
18.56757444
17.37935659
16.24485151
15.20074904
14.23273834
13.28522066
12.39675169
11.5613487
10.79193914
10.08713623
9.442680835
8.858272452
8.323954908
7.833064325
7.369041671
6.940915344
6.54633562
6.179326403
5.846430812
5.538768068
5.272076945
5.032163034
4.829111167
4.670575386
4.56475402
4.491533812
4.423116847
4.3702378
4.30735564
4.237382803
4.194443993
4.212742347
4.282461654
4.406094339
4.583178723
4.803132733
5.037151129
5.262505937
5.500147298
5.754516084
6.037996798
6.351573184
6.682112252
7.03399004
7.427920552
7.895605741
8.473847912
9.136037573
9.843101832
10.61055381
11.53210148
12.69170465
14.29099719
16.25671304
18.5836653
21.31975582
24.4923721
28.01330774
32.2673792
37.26472562
43.10544092
49.55981007
57.15488299
65.22945395
