489.2631854
268.2605871
193.3708809
155.2026071
131.8301482
115.9205922
104.3175616
95.43463457
88.38525141
82.63402976
77.83791227
70.25919316
64.50415747
59.95692782
56.25509442
51.81055563
47.2787857
44.58847327
41.01103101
38.21738458
35.9618972
33.43252921
31.16200518
29.3469276
27.52302735
25.7885512
24.29607886
22.92021854
21.6092229
20.45431821
19.3982913
18.41633751
17.52640686
16.73262048
15.9993703
15.33895319
14.74362208
14.20826217
13.72878608
13.29667747
12.91106921
12.56396842
12.2579929
11.98319618
11.74035321
11.52501674
11.33506986
11.16719023
11.01908738
10.88856948
10.7741917
10.67365205
10.58552717
10.50822819
10.44075137
10.38170441
10.33009335
10.28499525
10.24568626
10.21138083
10.18149285
10.15544296
10.13277767
10.11304655
10.0959046
10.08102159
10.06812907
10.05698843
10.04739835
10.03919438
10.03224332
10.02644261
10.02172288
10.01804928
10.0154249
10.01389767
10.0135688
10.01460451
10.01725317
10.02186744
10.02893482
10.03911677
10.05330086
10.07267027
10.09878941
10.13372176
10.18016983
10.24166064
10.32276909
10.42938544
10.56903456
10.75122264
10.98781803
