0.002631042107
0.005262084215
0.007893126322
0.01052416843
0.01315521054
0.01578625264
0.01841729475
0.02104833686
0.02367937897
0.02631042107
0.02894146318
0.0342035474
0.03946563161
0.04472771583
0.04998980004
0.05788292636
0.06840709479
0.07630022112
0.08945543165
0.1026106422
0.1157658527
0.1341831475
0.1552314843
0.1762798212
0.2025902423
0.2341627476
0.268366295
0.3078319266
0.3551906845
0.4078115267
0.4683254951
0.539363632
0.6209259374
0.7130124111
0.8208851375
0.9445441166
1.08662039
1.249745001
1.436548991
1.652294443
1.899612402
2.186395991
2.512645213
2.891515276
3.325637224
3.825535224
4.399102404
5.059493973
5.819865142
6.696002163
7.701060249
8.858718776
10.19002608
11.72392363
13.4840908
15.50999322
17.84109653
20.52475948
23.60834083
27.15761663
31.23836294
35.9347731
41.33367151
47.54819297
54.69410333
62.91610992
72.37207525
83.24880332
95.76203958
110.156471
126.7136189
145.7597328
167.6684204
192.8685417
221.8573636
255.2058223
293.5637852
337.6889924
388.4470567
446.8325122
513.995124
591.2530445
680.1217537
782.3508948
899.9426908
1035.212459
1190.812289
1369.799452
1575.691653
1812.53017
2084.969318
2398.355375
2758.847609
