407.2338823
288.0131195
235.2070634
203.7345933
182.2609229
166.4127997
154.0980347
144.173311
135.9541073
129.0022496
123.0225178
113.2078485
105.4313416
99.07359911
93.75026996
87.17423933
80.25017941
76.02969988
70.28428593
65.68710345
61.90134677
57.57312568
53.60907632
50.38306665
47.08648332
43.89616355
41.10349087
38.48576464
35.94805633
33.67261057
31.55442531
29.54756557
27.69261094
26.0040362
24.41070221
22.94314128
21.58906506
20.3416647
19.19638248
18.13761099
17.16794586
16.27193933
15.46122324
14.71423331
14.03751562
13.42322818
12.86960616
12.37099345
11.92428766
11.5262973
11.17574769
10.86838895
10.60234816
10.37500244
10.18524384
10.03069242
9.91005399
9.822228594
9.766578535
9.742522419
9.749976071
9.789179228
9.860674079
9.96551683
10.10494914
10.28077815
10.49505306
10.75033398
11.04964448
11.39639367
11.79448369
12.24841549
12.76326093
13.34475772
13.99951814
14.73504718
15.55977119
16.48357366
17.51769217
18.67507377
19.97081394
21.42232798
23.04983259
24.87695293
26.93098915
29.24392549
31.85277347
34.80067756
38.13776681
41.92212576
46.22116808
51.1128168
56.68732553
