0.002014446972
0.004028893943
0.006043340915
0.008057787886
0.01007223486
0.01208668183
0.0141011288
0.01611557577
0.01813002274
0.02014446972
0.02215891669
0.02417336366
0.02618781063
0.0282022576
0.03021670457
0.03223115154
0.03424559852
0.03626004549
0.03827449246
0.04028893943
0.0423033864
0.04431783337
0.04633228035
0.04834672732
0.05036117429
0.05237562126
0.05439006823
0.0564045152
0.05841896217
0.06043340915
0.06244785612
0.06446230309
0.06647675006
0.06849119703
0.070505644
0.07252009098
0.07453453795
0.07654898492
0.07856343189
0.08057787886
0.08259232583
0.0846067728
0.08662121978
0.08863566675
0.09065011372
0.09266456069
0.09467900766
0.09669345463
0.09870790161
0.1007223486
0.1027367955
0.1047512425
0.1067656895
0.1087801365
0.1107945834
0.1128090304
0.1148234774
0.1168379243
0.1188523713
0.1208668183
0.1228812653
0.1248957122
0.1269101592
0.1289246062
0.1309390532
0.1329535001
0.1349679471
0.1369823941
0.138996841
0.141011288
0.143025735
0.145040182
0.1470546289
0.1490690759
0.1510835229
0.1530979698
0.1551124168
0.1571268638
0.1591413108
0.1611557577
0.1631702047
0.1651846517
0.1671990986
0.1692135456
0.1712279926
0.1732424396
0.1752568865
0.1772713335
0.1792857805
0.1813002274
0.1833146744
0.1853291214
0.1873435684
0.1893580153
0.1913724623
0.1933869093
0.1954013562
0.1974158032
0.1994302502
0.2014446972
0.2034591441
0.2054735911
0.2074880381
0.209502485
0.211516932
0.213531379
0.215545826
0.2175602729
0.2195747199
0.2215891669
0.2236036138
0.2256180608
0.2276325078
0.2296469548
0.2316614017
0.2336758487
0.2356902957
0.2377047426
0.2397191896
0.2417336366
0.2437480836
0.2457625305
0.2477769775
0.2497914245
0.2518058714
0.2538203184
0.2558347654
0.2578492124
0.2598636593
0.2618781063
0.2638925533
0.2659070002
0.2679214472
0.2699358942
0.2719503412
0.2739647881
0.2759792351
0.2779936821
0.280008129
0.282022576
0.284037023
0.28605147
0.2880659169
0.2900803639
0.2920948109
0.2941092578
0.2961237048
0.2981381518
0.3001525988
0.3021670457
0.3041814927
0.3061959397
0.3082103866
0.3102248336
0.3122392806
0.3142537276
0.3162681745
0.3182826215
0.3202970685
0.3223115154
0.3243259624
0.3263404094
0.3283548564
0.3303693033
0.3323837503
0.3343981973
0.3364126442
0.3384270912
0.3404415382
0.3424559852
0.3444704321
0.3464848791
0.3484993261
0.350513773
0.35252822
0.354542667
0.356557114
0.3585715609
0.3605860079
0.3626004549
0.3646149018
0.3666293488
0.3686437958
0.3706582428
0.3726726897
0.3746871367
0.3767015837
0.3787160306
0.3807304776
0.3827449246
0.3847593716
0.3867738185
0.3887882655
0.3908027125
0.3928171595
0.3948316064
0.3968460534
0.3988605004
0.4008749473
0.4028893943
0.4049038413
0.4069182883
0.4089327352
0.4109471822
0.4129616292
0.4149760761
0.4169905231
0.4190049701
0.4210194171
0.423033864
0.425048311
0.427062758
0.4290772049
0.4310916519
0.4331060989
0.4351205459
0.4371349928
0.4391494398
0.4411638868
0.4431783337
0.4451927807
0.4472072277
0.4492216747
0.4512361216
0.4532505686
0.4552650156
0.4572794625
0.4592939095
0.4613083565
0.4633228035
0.4653372504
0.4673516974
0.4693661444
0.4713805913
0.4733950383
0.4754094853
0.4774239323
0.4794383792
0.4814528262
0.4834672732
0.4854817201
0.4874961671
0.4895106141
0.4915250611
0.493539508
0.495553955
0.497568402
0.4995828489
0.5015972959
0.5036117429
0.5056261899
0.5076406368
0.5096550838
0.5116695308
0.5136839777
0.5156984247
0.5177128717
0.5197273187
0.5217417656
0.5237562126
0.5257706596
0.5277851065
0.5297995535
0.5318140005
0.5338284475
0.5358428944
0.5378573414
0.5398717884
0.5418862353
0.5439006823
0.5459151293
0.5479295763
0.5499440232
0.5519584702
0.5539729172
0.5559873641
0.5580018111
0.5600162581
0.5620307051
0.564045152
0.566059599
0.568074046
0.5700884929
0.5721029399
0.5741173869
0.5761318339
0.5781462808
0.5801607278
0.5821751748
0.5841896217
0.5862040687
0.5882185157
0.5902329627
0.5922474096
0.5942618566
0.5962763036
0.5982907505
0.6003051975
0.6023196445
0.6043340915
0.6063485384
0.6083629854
0.6103774324
0.6123918793
0.6144063263
0.6164207733
0.6184352203
0.6204496672
0.6224641142
0.6244785612
0.6264930081
0.6285074551
0.6305219021
0.6325363491
0.634550796
0.636565243
0.63857969
0.6405941369
0.6426085839
0.6446230309
0.6466374779
0.6486519248
0.6506663718
0.6526808188
0.6546952658
0.6567097127
0.6587241597
0.6607386067
0.6627530536
0.6647675006
0.6667819476
0.6687963946
0.6708108415
0.6728252885
0.6748397355
0.6768541824
0.6788686294
0.6808830764
0.6828975234
0.6849119703
0.6869264173
0.6889408643
0.6909553112
0.6929697582
0.6949842052
0.6969986522
0.6990130991
0.7010275461
0.7030419931
0.70505644
0.707070887
0.709085334
0.711099781
0.7131142279
0.7151286749
0.7171431219
0.7191575688
0.7211720158
0.7231864628
0.7252009098
0.7272153567
0.7292298037
0.7312442507
0.7332586976
0.7352731446
0.7372875916
0.7393020386
0.7413164855
0.7433309325
0.7453453795
0.7473598264
0.7493742734
0.7513887204
0.7534031674
0.7554176143
0.7574320613
0.7594465083
0.7614609552
0.7634754022
0.7654898492
0.7675042962
0.7695187431
0.7715331901
0.7735476371
0.775562084
0.777576531
0.779590978
0.781605425
0.7836198719
0.7856343189
0.7876487659
0.7896632128
0.7916776598
0.7936921068
0.7957065538
0.7977210007
0.7997354477
0.8017498947
0.8037643416
0.8057787886
0.8077932356
0.8098076826
0.8118221295
0.8138365765
0.8158510235
0.8178654704
0.8198799174
0.8218943644
0.8239088114
0.8259232583
0.8279377053
0.8299521523
0.8319665992
0.8339810462
0.8359954932
0.8380099402
0.8400243871
0.8420388341
0.8440532811
0.846067728
0.848082175
0.850096622
0.852111069
0.8541255159
0.8561399629
0.8581544099
0.8601688568
0.8621833038
0.8641977508
0.8662121978
0.8682266447
0.8702410917
0.8722555387
0.8742699856
0.8762844326
0.8782988796
0.8803133266
0.8823277735
0.8843422205
0.8863566675
0.8883711144
0.8903855614
0.8924000084
0.8944144554
0.8964289023
0.8984433493
0.9004577963
0.9024722432
0.9044866902
0.9065011372
0.9085155842
0.9105300311
0.9125444781
0.9145589251
0.9165733721
0.918587819
0.920602266
0.922616713
0.9246311599
0.9266456069
0.9286600539
0.9306745009
0.9326889478
0.9347033948
0.9367178418
0.9387322887
0.9407467357
0.9427611827
0.9447756297
0.9467900766
0.9488045236
0.9508189706
0.9528334175
0.9548478645
0.9568623115
0.9588767585
0.9608912054
0.9629056524
0.9649200994
0.9669345463
0.9689489933
0.9709634403
0.9729778873
0.9749923342
0.9770067812
0.9790212282
0.9810356751
0.9830501221
0.9850645691
0.9870790161
0.989093463
0.99110791
0.993122357
0.9951368039
0.9971512509
0.9991656979
1.001180145
1.003194592
1.005209039
1.007223486
1.009237933
1.01125238
1.013266827
1.015281274
1.017295721
1.019310168
1.021324615
1.023339062
1.025353509
1.027367955
1.029382402
1.031396849
1.033411296
1.035425743
1.03744019
1.039454637
1.041469084
1.043483531
1.045497978
1.047512425
1.049526872
1.051541319
1.053555766
1.055570213
1.05758466
1.059599107
1.061613554
1.063628001
1.065642448
1.067656895
1.069671342
1.071685789
1.073700236
1.075714683
1.07772913
1.079743577
1.081758024
1.083772471
1.085786918
1.087801365
1.089815812
1.091830259
1.093844706
1.095859153
1.097873599
1.099888046
1.101902493
1.10391694
1.105931387
1.107945834
1.109960281
1.111974728
1.113989175
1.116003622
1.118018069
1.120032516
1.122046963
1.12406141
1.126075857
1.128090304
1.130104751
1.132119198
1.134133645
1.136148092
1.138162539
1.140176986
1.142191433
1.14420588
1.146220327
1.148234774
1.150249221
1.152263668
1.154278115
1.156292562
1.158307009
1.160321456
1.162335903
1.16435035
1.166364797
1.168379243
1.17039369
1.172408137
1.174422584
1.176437031
1.178451478
1.180465925
1.182480372
1.184494819
1.186509266
1.188523713
1.19053816
1.192552607
1.194567054
1.196581501
1.198595948
1.200610395
1.202624842
1.204639289
1.206653736
1.208668183
1.21068263
1.212697077
1.214711524
1.216725971
1.218740418
1.220754865
1.222769312
1.224783759
1.226798206
1.228812653
1.2308271
1.232841547
1.234855994
1.236870441
1.238884887
1.240899334
1.242913781
1.244928228
1.246942675
1.248957122
1.250971569
1.252986016
1.255000463
1.25701491
1.259029357
1.261043804
1.263058251
1.265072698
1.267087145
1.269101592
1.271116039
1.273130486
1.275144933
1.27715938
1.279173827
1.281188274
1.283202721
1.285217168
1.287231615
1.289246062
1.291260509
1.293274956
1.295289403
1.29730385
1.299318297
1.301332744
1.303347191
1.305361638
1.307376085
1.309390532
1.311404978
1.313419425
1.315433872
1.317448319
1.319462766
1.321477213
1.32349166
1.325506107
1.327520554
1.329535001
1.331549448
1.333563895
1.335578342
1.337592789
1.339607236
1.341621683
1.34363613
1.345650577
1.347665024
1.349679471
1.351693918
1.353708365
1.355722812
1.357737259
1.359751706
1.361766153
1.3637806
1.365795047
1.367809494
1.369823941
1.371838388
1.373852835
1.375867282
1.377881729
1.379896176
1.381910622
1.383925069
1.385939516
1.387953963
1.38996841
1.391982857
1.393997304
1.396011751
1.398026198
1.400040645
1.402055092
1.404069539
1.406083986
1.408098433
1.41011288
1.412127327
1.414141774
1.416156221
1.418170668
1.420185115
1.422199562
1.424214009
1.426228456
1.428242903
1.43025735
1.432271797
1.434286244
1.436300691
1.438315138
1.440329585
1.442344032
1.444358479
1.446372926
1.448387373
1.45040182
1.452416266
1.454430713
1.45644516
1.458459607
1.460474054
1.462488501
1.464502948
1.466517395
1.468531842
1.470546289
1.472560736
1.474575183
1.47658963
1.478604077
1.480618524
1.482632971
1.484647418
1.486661865
1.488676312
1.490690759
1.492705206
1.494719653
1.4967341
1.498748547
1.500762994
1.502777441
1.504791888
1.508820782
1.510835229
1.512849676
1.514864123
1.51687857
1.518893017
1.520907464
1.52292191
1.524936357
1.526950804
1.528965251
1.530979698
1.532994145
1.535008592
1.537023039
1.539037486
1.541051933
1.54306638
1.545080827
1.547095274
1.551124168
1.553138615
1.555153062
1.557167509
1.559181956
1.561196403
1.56321085
1.565225297
1.567239744
1.569254191
1.571268638
1.573283085
1.575297532
1.579326426
1.581340873
1.58335532
1.585369767
1.587384214
1.589398661
1.591413108
1.593427554
1.595442001
1.597456448
1.599470895
1.603499789
1.605514236
1.607528683
1.60954313
1.611557577
1.613572024
1.615586471
1.617600918
1.619615365
1.623644259
1.625658706
1.627673153
1.6296876
1.631702047
1.633716494
1.635730941
1.637745388
1.641774282
1.643788729
1.645803176
1.647817623
1.64983207
1.651846517
1.653860964
1.655875411
1.659904305
1.661918752
1.663933198
1.665947645
1.667962092
1.669976539
1.674005433
1.67601988
1.678034327
1.680048774
1.682063221
1.684077668
1.686092115
1.690121009
1.692135456
1.694149903
1.69616435
1.698178797
1.700193244
1.704222138
1.706236585
1.708251032
1.710265479
1.712279926
1.714294373
1.718323267
1.720337714
1.722352161
1.724366608
1.726381055
1.730409949
1.732424396
1.734438842
1.736453289
1.738467736
1.74249663
1.744511077
1.746525524
1.748539971
1.750554418
1.754583312
1.756597759
1.758612206
1.760626653
1.7626411
1.766669994
1.768684441
1.770698888
1.772713335
1.774727782
1.778756676
1.780771123
1.78278557
1.784800017
1.788828911
1.790843358
1.792857805
1.794872252
1.798901146
1.800915593
1.80293004
1.804944486
1.80897338
1.810987827
1.813002274
1.815016721
1.817031168
1.821060062
1.823074509
1.825088956
1.82911785
1.831132297
1.833146744
1.835161191
1.839190085
1.841204532
1.843218979
1.845233426
1.84926232
1.851276767
1.853291214
1.855305661
1.859334555
1.861349002
1.863363449
1.867392343
1.86940679
1.871421237
1.873435684
1.877464577
1.879479024
1.881493471
1.885522365
1.887536812
1.889551259
1.893580153
1.8955946
1.897609047
1.899623494
1.903652388
1.905666835
1.907681282
1.911710176
1.913724623
1.91573907
1.919767964
1.921782411
1.923796858
1.927825752
1.929840199
1.931854646
1.93588354
1.937897987
1.939912434
1.943941328
1.945955775
1.947970221
1.951999115
1.954013562
1.956028009
1.960056903
1.96207135
1.964085797
1.968114691
1.970129138
1.972143585
1.976172479
1.978186926
1.980201373
1.984230267
1.986244714
1.990273608
1.992288055
1.994302502
1.998331396
2.000345843
2.00236029
2.006389184
2.008403631
2.012432525
2.014446972
2.016461419
2.020490312
2.022504759
2.026533653
2.0285481
2.030562547
2.034591441
2.036605888
2.040634782
2.042649229
2.044663676
2.04869257
2.050707017
2.054735911
2.056750358
2.058764805
2.062793699
2.064808146
2.06883704
2.070851487
2.072865934
2.076894828
2.078909275
2.082938169
2.084952616
2.088981509
2.090995956
2.09502485
2.097039297
2.099053744
2.103082638
2.105097085
2.109125979
2.111140426
2.11516932
2.117183767
2.121212661
2.123227108
2.125241555
2.129270449
2.131284896
2.13531379
2.137328237
2.141357131
2.143371578
2.147400472
2.149414919
2.153443813
2.15545826
2.159487153
2.1615016
2.165530494
2.167544941
2.171573835
2.173588282
2.177617176
2.179631623
2.183660517
2.185674964
2.189703858
2.191718305
2.195747199
2.197761646
2.20179054
2.203804987
2.207833881
2.209848328
2.213877222
2.215891669
2.219920563
2.22193501
2.225963904
2.227978351
2.232007244
2.234021691
2.238050585
2.242079479
2.244093926
2.24812282
2.250137267
2.254166161
2.256180608
2.260209502
2.262223949
2.266252843
2.270281737
2.272296184
2.276325078
2.278339525
2.282368419
2.284382866
2.28841176
2.290426207
2.294455101
2.298483995
2.300498441
2.304527335
2.306541782
2.310570676
2.31459957
2.316614017
2.320642911
2.322657358
2.326686252
2.330715146
2.332729593
2.336758487
2.338772934
2.342801828
2.346830722
2.348845169
2.352874063
2.35488851
2.358917404
2.362946298
2.364960745
2.368989639
2.373018532
2.375032979
2.379061873
2.383090767
2.385105214
2.389134108
2.391148555
2.395177449
2.399206343
2.40122079
2.405249684
2.409278578
2.411293025
2.415321919
2.419350813
2.42136526
2.425394154
2.429423048
2.431437495
2.435466389
2.439495283
2.44150973
2.445538623
2.449567517
2.451581964
2.455610858
2.459639752
2.461654199
2.465683093
2.469711987
2.473740881
2.475755328
2.479784222
2.483813116
2.485827563
2.489856457
2.493885351
2.497914245
2.499928692
2.503957586
2.50798648
2.510000927
2.51402982
2.518058714
2.522087608
2.524102055
2.528130949
2.532159843
2.536188737
2.538203184
2.542232078
2.546260972
2.550289866
2.552304313
2.556333207
2.560362101
2.564390995
2.566405442
2.570434336
2.57446323
2.578492124
2.580506571
2.584535464
2.588564358
2.592593252
2.596622146
2.598636593
2.602665487
2.606694381
2.610723275
2.614752169
2.616766616
2.62079551
2.624824404
2.628853298
2.632882192
2.634896639
2.638925533
2.642954427
2.646983321
2.651012215
2.653026662
2.657055555
2.661084449
2.665113343
2.669142237
2.673171131
2.675185578
2.679214472
2.683243366
2.68727226
2.691301154
2.695330048
2.699358942
2.701373389
2.705402283
2.709431177
2.713460071
2.717488965
2.721517859
2.725546752
2.729575646
2.731590093
2.735618987
2.739647881
2.743676775
2.747705669
2.751734563
2.755763457
2.759792351
2.763821245
2.765835692
2.769864586
2.77389348
2.777922374
2.781951268
2.785980162
2.790009056
2.79403795
2.798066843
2.802095737
2.806124631
2.810153525
2.812167972
2.816196866
2.82022576
2.824254654
2.828283548
2.832312442
2.836341336
2.84037023
2.844399124
2.848428018
2.852456912
2.856485806
2.8605147
2.864543594
2.868572487
2.872601381
2.876630275
2.880659169
2.884688063
2.888716957
2.892745851
2.896774745
2.900803639
2.904832533
2.908861427
2.912890321
2.916919215
2.920948109
2.924977003
2.929005897
2.933034791
2.937063685
2.941092578
2.945121472
2.949150366
2.95317926
2.957208154
2.961237048
2.965265942
2.969294836
2.97332373
2.977352624
2.981381518
2.985410412
2.989439306
2.9934682
2.997497094
3.001525988
3.007569329
3.011598222
3.015627116
3.01965601
3.023684904
3.027713798
3.031742692
3.035771586
3.03980048
3.043829374
3.047858268
3.051887162
3.057930503
3.061959397
3.065988291
3.070017185
3.074046079
3.078074973
3.082103866
3.08613276
3.090161654
3.096204995
3.100233889
3.104262783
3.108291677
3.112320571
3.116349465
3.120378359
3.1264217
3.130450594
3.134479488
3.138508382
3.142537276
3.14656617
3.15260951
3.156638404
3.160667298
3.164696192
3.168725086
3.17275398
3.178797321
3.182826215
3.186855109
3.190884003
3.194912897
3.200956238
3.204985132
3.209014026
3.21304292
3.217071814
3.223115154
3.227144048
3.231172942
3.235201836
3.241245177
3.245274071
3.249302965
3.253331859
3.257360753
3.263404094
3.267432988
3.271461882
3.275490776
3.281534117
3.285563011
3.289591905
3.293620798
3.299664139
3.303693033
3.307721927
3.313765268
3.317794162
3.321823056
3.32585195
3.331895291
3.335924185
3.339953079
3.34599642
3.350025314
3.354054208
3.360097549
3.364126442
3.368155336
3.37218423
3.378227571
3.382256465
3.386285359
3.3923287
3.396357594
3.400386488
3.406429829
3.410458723
3.416502064
3.420530958
3.424559852
3.430603193
3.434632086
3.43866098
3.444704321
3.448733215
3.452762109
3.45880545
3.462834344
3.468877685
3.472906579
3.476935473
3.482978814
3.487007708
3.493051049
3.497079943
3.501108837
3.507152177
3.511181071
3.517224412
3.521253306
3.5252822
3.531325541
3.535354435
3.541397776
3.54542667
3.551470011
3.555498905
3.559527799
3.56557114
3.569600034
3.575643374
3.579672268
3.585715609
3.589744503
3.595787844
3.599816738
3.605860079
3.609888973
3.615932314
3.619961208
3.626004549
3.630033443
3.636076784
3.640105678
3.646149018
3.650177912
3.656221253
3.660250147
3.666293488
3.670322382
3.676365723
3.680394617
3.686437958
3.690466852
3.696510193
3.700539087
3.706582428
3.712625769
3.716654662
3.722698003
3.726726897
3.732770238
3.736799132
3.742842473
3.746871367
3.752914708
3.758958049
3.762986943
3.769030284
3.773059178
3.779102519
3.78514586
3.789174753
3.795218094
3.799246988
3.805290329
3.81133367
3.815362564
3.821405905
3.827449246
3.83147814
3.837521481
3.843564822
3.847593716
3.853637057
3.85766595
3.863709291
3.869752632
3.873781526
3.879824867
3.885868208
3.889897102
3.895940443
3.901983784
3.906012678
3.912056019
3.91809936
3.924142701
3.928171595
3.934214935
3.940258276
3.94428717
3.950330511
3.956373852
3.962417193
3.966446087
3.972489428
3.978532769
3.982561663
3.988605004
3.994648345
4.000691685
4.004720579
4.01076392
4.016807261
4.022850602
4.028893943
4.032922837
4.038966178
4.045009519
4.05105286
4.055081754
4.061125095
4.067168436
4.073211776
4.079255117
4.083284011
4.089327352
4.095370693
4.101414034
4.107457375
4.113500716
4.11752961
4.123572951
4.129616292
4.135659633
4.141702973
4.147746314
4.151775208
4.157818549
4.16386189
4.169905231
4.175948572
4.181991913
4.188035254
4.194078595
4.198107489
4.20415083
4.210194171
4.216237511
4.222280852
4.228324193
4.234367534
4.240410875
4.246454216
4.252497557
4.258540898
4.262569792
4.268613133
4.274656474
4.280699815
4.286743155
4.292786496
4.298829837
4.304873178
4.310916519
4.31695986
4.323003201
4.329046542
4.335089883
4.341133224
4.347176565
4.353219905
4.359263246
4.365306587
4.371349928
4.377393269
4.38343661
4.389479951
4.395523292
4.401566633
4.407609974
4.413653315
4.419696656
4.425739996
4.431783337
4.437826678
4.443870019
4.44991336
4.455956701
4.464014489
4.47005783
4.476101171
4.482144512
4.488187853
4.494231194
4.500274534
4.506317875
4.512361216
4.518404557
4.524447898
4.532505686
4.538549027
4.544592368
4.550635709
4.55667905
4.562722391
4.568765731
4.576823519
4.58286686
4.588910201
4.594953542
4.600996883
4.607040224
4.613083565
4.621141353
4.627184694
4.633228035
4.639271375
4.645314716
4.653372504
4.659415845
4.665459186
4.671502527
4.677545868
4.685603656
4.691646997
4.697690338
4.703733679
4.711791466
4.717834807
4.723878148
4.729921489
4.737979277
4.744022618
4.750065959
4.7561093
4.764167088
4.770210429
4.77625377
4.784311557
4.790354898
4.796398239
4.80244158
4.810499368
4.816542709
4.82258605
4.830643838
4.836687179
4.84273052
4.850788307
4.856831648
4.862874989
4.870932777
4.876976118
4.883019459
4.891077247
4.897120588
4.905178376
4.911221717
4.917265058
4.925322845
4.931366186
4.937409527
4.945467315
4.951510656
4.959568444
4.965611785
4.973669573
4.979712914
4.985756255
4.993814042
4.999857383
5.007915171
5.013958512
5.0220163
5.028059641
5.034102982
5.04216077
5.048204111
5.056261899
5.062305239
5.070363027
5.076406368
5.084464156
5.090507497
5.098565285
5.104608626
5.112666414
5.118709755
5.126767543
5.132810883
5.140868671
5.148926459
5.1549698
5.163027588
5.169070929
5.177128717
5.183172058
5.191229846
5.197273187
5.205330974
5.213388762
5.219432103
5.227489891
5.233533232
5.24159102
5.249648808
5.255692149
5.263749937
5.269793278
5.277851065
5.285908853
5.291952194
5.300009982
5.30806777
5.314111111
5.322168899
5.330226687
5.336270028
5.344327815
5.352385603
5.358428944
5.366486732
5.37454452
5.380587861
5.388645649
5.396703437
5.404761225
5.410804566
5.418862353
5.426920141
5.432963482
5.44102127
5.449079058
5.457136846
5.463180187
5.471237975
5.479295763
5.48735355
5.495411338
5.501454679
5.509512467
5.517570255
5.525628043
5.533685831
5.539729172
5.54778696
5.555844748
5.563902535
5.571960323
5.578003664
5.586061452
5.59411924
5.602177028
5.610234816
5.618292604
5.626350392
5.632393732
5.64045152
5.648509308
5.656567096
5.664624884
5.672682672
5.68074046
5.688798248
5.696856036
5.704913823
5.712971611
5.719014952
5.72707274
5.735130528
5.743188316
5.751246104
5.759303892
5.76736168
5.775419467
5.783477255
5.791535043
5.799592831
5.807650619
5.815708407
5.823766195
5.831823983
5.83988177
5.847939558
5.855997346
5.864055134
5.872112922
5.88017071
5.888228498
5.896286286
5.904344074
5.914416308
5.922474096
5.930531884
5.938589672
5.94664746
5.954705248
5.962763036
5.970820824
5.978878612
5.986936399
5.994994187
6.005066422
6.01312421
6.021181998
6.029239786
6.037297574
6.045355362
6.055427596
6.063485384
6.071543172
6.07960096
6.087658748
6.095716536
6.105788771
6.113846559
6.121904347
6.129962134
6.138019922
6.148092157
6.156149945
6.164207733
6.172265521
6.182337756
6.190395544
6.198453331
6.206511119
6.216583354
6.224641142
6.23269893
6.242771165
6.250828953
6.258886741
6.266944528
6.277016763
6.285074551
6.293132339
6.303204574
6.311262362
6.31932015
6.329392385
6.337450172
6.347522407
6.355580195
6.363637983
6.373710218
6.381768006
6.389825794
6.399898029
6.407955816
6.418028051
6.426085839
6.436158074
6.444215862
6.45227365
6.462345885
6.470403673
6.480475907
6.488533695
6.49860593
6.506663718
6.516735953
6.524793741
6.534865976
6.542923764
6.552995998
6.561053786
6.571126021
6.579183809
6.589256044
6.597313832
6.607386067
6.615443855
6.625516089
6.633573877
6.643646112
6.653718347
6.661776135
6.67184837
6.679906158
6.689978392
6.700050627
6.708108415
6.71818065
6.726238438
6.736310673
6.746382908
6.754440696
6.76451293
6.774585165
6.782642953
6.792715188
6.802787423
6.810845211
6.820917446
6.83098968
6.839047468
6.849119703
6.859191938
6.869264173
6.877321961
6.887394196
6.897466431
6.907538665
6.915596453
6.925668688
6.935740923
6.945813158
6.953870946
6.963943181
6.974015415
6.98408765
6.994159885
7.002217673
7.012289908
7.022362143
7.032434378
7.042506612
7.052578847
7.060636635
7.07070887
7.080781105
7.09085334
7.100925575
7.11099781
7.121070044
7.131142279
7.141214514
7.149272302
7.159344537
7.169416772
7.179489007
7.189561241
7.199633476
7.209705711
7.219777946
7.229850181
7.239922416
7.249994651
7.260066885
7.27013912
7.280211355
7.29028359
7.300355825
7.31042806
7.320500295
7.330572529
7.340644764
7.350716999
7.360789234
7.370861469
7.380933704
7.393020386
7.40309262
7.413164855
7.42323709
7.433309325
7.44338156
7.453453795
7.46352603
7.473598264
7.485684946
7.495757181
7.505829416
7.515901651
7.525973886
7.536046121
7.548132802
7.558205037
7.568277272
7.578349507
7.588421742
7.600508424
7.610580658
7.620652893
7.630725128
7.64281181
7.652884045
7.66295628
7.673028515
7.685115196
7.695187431
7.705259666
7.717346348
7.727418583
7.737490818
7.7495775
7.759649734
7.769721969
7.781808651
7.791880886
7.801953121
7.814039803
7.824112037
7.836198719
7.846270954
7.856343189
7.868429871
7.878502106
7.890588788
7.900661022
7.910733257
7.922819939
7.932892174
7.944978856
7.955051091
7.967137772
7.977210007
7.989296689
7.999368924
8.011455606
8.021527841
8.033614522
8.043686757
8.055773439
8.065845674
8.077932356
8.090019038
8.100091273
8.112177954
8.122250189
8.134336871
8.144409106
8.156495788
8.16858247
8.178654704
8.190741386
8.202828068
8.212900303
8.224986985
8.237073667
8.247145901
8.259232583
8.271319265
8.2813915
8.293478182
8.305564864
8.315637099
8.32772378
8.339810462
8.351897144
8.361969379
8.374056061
8.386142743
8.398229424
8.408301659
8.420388341
8.432475023
8.444561705
8.456648387
8.466720621
8.478807303
8.490893985
8.502980667
8.515067349
8.527154031
8.539240712
8.549312947
8.561399629
8.573486311
8.585572993
8.597659675
8.609746356
8.621833038
8.63391972
8.646006402
8.658093084
8.670179766
8.682266447
8.694353129
8.706439811
8.718526493
8.730613175
8.742699856
8.754786538
8.76687322
8.778959902
8.791046584
8.803133266
8.815219947
8.827306629
8.839393311
8.851479993
8.863566675
8.875653357
8.887740038
8.901841167
8.913927849
8.926014531
8.938101213
8.950187895
8.962274576
8.976375705
8.988462387
9.000549069
9.012635751
9.024722432
9.036809114
9.050910243
9.062996925
9.075083607
9.087170289
9.101271417
9.113358099
9.125444781
9.13954591
9.151632592
9.163719274
9.175805955
9.189907084
9.201993766
9.214080448
9.228181577
9.240268258
9.25235494
9.266456069
9.278542751
9.29264388
9.304730562
9.316817243
9.330918372
9.343005054
9.357106183
9.369192865
9.383293993
9.395380675
9.409481804
9.421568486
9.435669615
9.447756297
9.461857425
9.473944107
9.488045236
9.500131918
9.514233047
9.526319728
9.540420857
9.552507539
9.566608668
9.57869535
9.592796478
9.606897607
9.618984289
9.633085418
9.647186547
9.659273229
9.673374357
9.687475486
9.699562168
9.713663297
9.727764426
9.739851107
9.753952236
9.768053365
9.780140047
9.794241176
9.808342304
9.822443433
9.834530115
9.848631244
9.862732373
9.876833501
9.89093463
9.903021312
9.917122441
9.93122357
9.945324698
9.959425827
9.973526956
9.985613638
9.999714767
10.0138159
10.02791702
10.04201815
10.05611928
10.07022041
10.08432154
10.09842267
10.1125238
10.12662493
10.14072605
10.15482718
10.16892831
10.18302944
10.19713057
10.2112317
10.22533283
10.23943396
10.25353509
10.26763621
10.28173734
10.29583847
10.3099396
10.32404073
10.33814186
10.35224299
10.36634412
10.38245969
10.39656082
10.41066195
10.42476308
10.43886421
10.45296534
10.46908091
10.48318204
10.49728317
10.5113843
10.52749987
10.541601
10.55570213
10.56980326
10.58591884
10.60001996
10.61412109
10.63023667
10.6443378
10.65843893
10.6745545
10.68865563
10.70275676
10.71887234
10.73297346
10.74707459
10.76319017
10.7772913
10.79340687
10.807508
10.82160913
10.83772471
10.85182584
10.86794141
10.88204254
10.89815812
10.91225924
10.92837482
10.94247595
10.95859153
10.97269265
10.98880823
11.00492381
11.01902493
11.03514051
11.04924164
11.06535721
11.08147279
11.09557392
11.1116895
11.12780507
11.1419062
11.15802178
11.17413735
11.18823848
11.20435406
11.22046963
11.23457076
11.25068634
11.26680191
11.28291749
11.29701862
11.31313419
11.32924977
11.34536534
11.36148092
11.37558205
11.39169762
11.4078132
11.42392878
11.44004435
11.45615993
11.4722755
11.48637663
11.50249221
11.51860778
11.53472336
11.55083893
11.56695451
11.58307009
11.59918566
11.61530124
11.63141681
11.64753239
11.66364797
11.67976354
11.69587912
11.71199469
11.72811027
11.74422584
11.76034142
11.77847144
11.79458702
11.81070259
11.82681817
11.84293375
11.85904932
11.8751649
11.89329492
11.9094105
11.92552607
11.94164165
11.95775722
11.97588725
11.99200282
12.0081184
12.02423397
12.042364
12.05847957
12.07459515
12.09272517
12.10884075
12.12495632
12.14308634
12.15920192
12.1753175
12.19344752
12.20956309
12.22769312
12.24380869
12.25992427
12.27805429
12.29416987
12.31229989
12.32841547
12.34654549
12.36266106
12.38079109
12.39690666
12.41503669
12.43115226
12.44928228
12.46741231
12.48352788
12.50165791
12.51777348
12.5359035
12.55403353
12.5701491
12.58827913
12.60640915
12.62252472
12.64065475
12.65878477
12.67490034
12.69303037
12.71116039
12.72929041
12.74540599
12.76353601
12.78166603
12.79979606
12.81591163
12.83404166
12.85217168
12.8703017
12.88843172
12.90656175
12.92469177
12.94282179
12.95893737
12.97706739
12.99519741
13.01332744
13.03145746
13.04958748
13.0677175
13.08584753
13.10397755
13.12210757
13.1402376
13.15836762
13.17649764
13.19462766
13.21477213
13.23290216
13.25103218
13.2691622
13.28729222
13.30542225
13.32355227
13.34369674
13.36182676
13.37995678
13.39808681
13.41621683
13.4363613
13.45449132
13.47262135
13.49075137
13.51089584
13.52902586
13.54715588
13.56730035
13.58543038
13.6035604
13.62370487
13.64183489
13.65996491
13.68010938
13.69823941
13.71838388
13.7365139
13.75665837
13.77478839
13.79493286
13.81306288
13.83320735
13.85133738
13.87148185
13.88961187
13.90975634
13.92788636
13.94803083
13.9681753
13.98630532
14.00644979
14.02457982
14.04472429
14.06486876
14.08299878
14.10314325
14.12328772
14.14343219
14.16156221
14.18170668
14.20185115
14.22199562
14.24012564
14.26027011
14.28041458
14.30055905
14.32070352
14.34084799
14.35897801
14.37912248
14.39926695
14.41941142
14.43955589
14.45970036
14.47984483
14.4999893
14.52013377
14.54027824
14.56042271
14.58056718
14.60071165
14.62085612
14.64100059
14.66114506
14.68128953
14.701434
14.72359291
14.74373738
14.76388185
14.78402632
14.80417079
14.82431526
14.84647418
14.86661865
14.88676312
14.90690759
14.92906651
14.94921098
14.96935545
14.99151436
15.01165883
15.0318033
15.05396222
15.07410669
15.09425116
15.11641007
15.13655454
15.15871346
15.17885793
15.1990024
15.22116132
15.24130579
15.2634647
15.28360917
15.30576809
15.32591256
15.34807148
15.37023039
15.39037486
15.41253378
15.43267825
15.45483717
15.47699608
15.49714055
15.51929947
15.54145839
15.56160286
15.58376177
15.60592069
15.62807961
15.64822407
15.67038299
15.69254191
15.71470082
15.73685974
15.75700421
15.77916313
15.80132204
15.82348096
15.84563988
15.86779879
15.88995771
15.91211663
15.93427554
15.95643446
15.97859338
16.00075229
16.02291121
16.04507013
16.06722904
16.08938796
16.11154688
16.1337058
16.15586471
16.17802363
16.20018255
16.22234146
16.24651483
16.26867374
16.29083266
16.31299158
16.33515049
16.35932386
16.38148277
16.40364169
16.42781505
16.44997397
16.47213289
16.49630625
16.51846517
16.54062408
16.56479745
16.58695636
16.60911528
16.63328864
16.65544756
16.67962092
16.70177984
16.7259532
16.74811212
16.77228549
16.7944444
16.81861777
16.84279113
16.86495005
16.88912341
16.91128233
16.93545569
16.95962905
16.98178797
17.00596133
17.0301347
17.05430806
17.07646698
17.10064034
17.12481371
17.14898707
17.17114599
17.19531935
17.21949271
17.24366608
17.26783944
17.2920128
17.31618617
17.34035953
17.36453289
17.38669181
17.41086518
17.43503854
17.4592119
17.48338527
17.50957308
17.53374644
17.5579198
17.58209317
17.60626653
17.63043989
17.65461326
17.67878662
17.70295999
17.7291478
17.75332116
17.77749452
17.80166789
17.8278557
17.85202906
17.87620243
17.90037579
17.9265636
17.95073696
17.97491033
18.00109814
18.0252715
18.05145931
18.07563268
18.10182049
18.12599385
18.15218166
18.17635502
18.20254283
18.2267162
18.25290401
18.27707737
18.30326518
18.32743855
18.35362636
18.37981417
18.40398753
18.43017534
18.45636315
18.48053652
18.50672433
18.53291214
18.55909995
18.58327331
18.60946112
18.63564893
18.66183674
18.68802455
18.71421237
18.73838573
18.76457354
18.79076135
18.81694916
18.84313697
18.86932478
18.89551259
18.9217004
18.94788821
18.97407602
19.00026384
19.02645165
19.0546539
19.08084171
19.10702953
19.13321734
19.15940515
19.18559296
19.21379521
19.23998303
19.26617084
19.29235865
19.3205609
19.34674871
19.37293653
19.40113878
19.42732659
19.4535144
19.48171666
19.50790447
19.53610673
19.56229454
19.58848235
19.61668461
19.64287242
19.67107468
19.69927693
19.72546475
19.753667
19.77985481
19.80805707
19.83625933
19.86244714
19.8906494
19.91885165
19.94503947
19.97324172
20.00144398
20.02964624
20.05583405
20.08403631
20.11223856
20.14044082
20.16864308
20.19684534
20.22504759
20.2512354
20.27943766
20.30763992
20.33584218
20.36404444
20.39224669
20.42044895
20.44865121
20.47886791
20.50707017
20.53527243
20.56347469
20.59167694
20.6198792
20.64808146
20.67829816
20.70650042
20.73470268
20.76290494
20.79312164
20.8213239
20.84952616
20.87974286
20.90794512
20.93816182
20.96636408
20.99456634
21.02478304
21.0529853
21.083202
21.11140426
21.14162097
21.16982322
21.20003993
21.23025663
21.25845889
21.2886756
21.3188923
21.34709456
21.37731126
21.40752797
21.43573022
21.46594693
21.49616363
21.52638034
21.55659704
21.5847993
21.615016
21.64523271
21.67544941
21.70566612
21.73588282
21.76609953
21.79631623
21.82653294
21.85674964
21.88696635
21.91718305
21.94739975
21.97761646
22.00783316
22.04006432
22.07028102
22.10049772
22.13071443
22.16093113
22.19316229
22.22337899
22.25359569
22.28582685
22.31604355
22.34626026
22.37849141
22.40870811
22.44093926
22.47115597
22.50338712
22.53360382
22.56583498
22.59605168
22.62828283
22.65849954
22.69073069
22.72094739
22.75317854
22.7854097
22.8156264
22.84785755
22.8800887
22.91231985
22.94253656
22.97476771
23.00699886
23.03923001
23.07146117
23.10369232
23.13592347
23.16815462
23.19837132
23.23060248
23.26283363
23.29506478
23.32931038
23.36154153
23.39377268
23.42600383
23.45823498
23.49046614
23.52269729
23.55492844
23.58917404
23.62140519
23.65363634
23.68586749
23.72011309
23.75234424
23.78457539
23.81882099
23.85105214
23.88529774
23.91752889
23.95177449
23.98400564
24.01825124
24.05048239
24.08472799
24.11695914
24.15120474
24.18545034
24.21768149
24.25192709
24.28617269
24.31840384
24.35264944
24.38689504
24.42114064
24.45337179
24.48761739
24.52186298
24.55610858
24.59035418
24.62459978
24.65884538
24.69309098
24.72733658
24.76158217
24.79582777
24.83007337
24.86431897
24.89856457
24.93281017
24.96907021
25.00331581
25.03756141
25.07180701
25.10605261
25.14231265
25.17655825
25.21080385
25.24706389
25.28130949
25.31756954
25.35181514
25.38606074
25.42232078
25.45656638
25.49282642
25.52908647
25.56333207
25.59959211
25.63383771
25.67009776
25.7063578
25.7406034
25.77686345
25.81312349
25.84938354
25.88362914
25.91988918
25.95614923
25.99240927
26.02866932
26.06492936
26.10118941
26.13744946
26.1737095
26.20996955
26.24622959
26.28248964
26.31874968
26.35500973
26.39126977
26.42752982
26.46580431
26.50206436
26.5383244
26.57458445
26.61285894
26.64911899
26.68537903
26.72365352
26.75991357
26.79818806
26.83444811
26.8727226
26.90898265
26.94725714
26.98351718
27.02179168
27.05805172
27.09632621
27.13460071
27.17086075
27.20913524
27.24740974
27.28568423
27.32194427
27.36021877
27.39849326
27.43676775
27.47504224
27.51331674
27.55159123
27.58986572
27.62814021
27.66641471
27.7046892
27.74296369
27.78123818
27.81951268
27.85778717
27.89606166
27.9363506
27.97462509
28.01289959
28.05117408
28.09146302
28.12973751
28.168012
28.20830094
28.24657543
28.28686437
28.32513887
28.36542781
28.4037023
28.44399124
28.48226573
28.52255467
28.56284361
28.6011181
28.64140704
28.68169598
28.71997047
28.76025941
28.80054835
28.84083729
28.88112623
28.92141517
28.96170411
29.00199305
29.04026754
29.08055648
29.12285987
29.16314881
29.20343775
29.24372669
29.28401563
29.32430456
29.3645935
29.40488244
29.44718583
29.48747477
29.52776371
29.5700671
29.61035603
29.65064497
29.69294836
29.7332373
29.77554069
29.81582963
29.85813301
29.89842195
29.94072534
29.98302872
30.02331766
30.06562105
30.10792444
30.14821338
30.19051676
30.23282015
30.27512354
30.31742692
30.35771586
30.40001925
30.44232263
30.48462602
30.52692941
30.56923279
30.61153618
30.65383957
30.6981574
30.74046079
30.78276417
30.82506756
30.86737094
30.91168878
30.95399216
30.99629555
31.03859894
31.08291677
31.12522016
31.16953799
31.21184138
31.25615921
31.2984626
31.34278043
31.38508382
31.42940165
31.47371948
31.51602287
31.5603407
31.60465854
31.64696192
31.69127976
31.73559759
31.77991542
31.82423326
31.86855109
31.91286892
31.95718676
32.00150459
32.04582242
32.09014026
32.13445809
32.17877592
32.22309376
32.26741159
32.31374387
32.3580617
32.40237954
32.44669737
32.49302965
32.53734748
32.58367976
32.6279976
32.67432988
32.71864771
32.76497999
32.80929783
32.85563011
32.89994794
32.94628022
32.9926125
33.03693033
33.08326261
33.12959489
33.17592717
33.22225945
33.26657729
33.31290957
33.35924185
33.40557413
33.45190641
33.49823869
33.54457097
33.5929177
33.63924998
33.68558226
33.73191454
33.77824682
33.82659355
33.87292583
33.91925811
33.96760483
34.01393711
34.06026939
34.10861612
34.1549484
34.20329513
34.24962741
34.29797414
34.34632086
34.39265315
34.44099987
34.4893466
34.53567888
34.58402561
34.63237233
34.68071906
34.72906579
34.77741252
34.82575924
34.87410597
34.9224527
34.97079943
35.01914615
35.06749288
35.11583961
35.16418634
35.21253306
35.26289424
35.31124096
35.35958769
35.40994887
35.45829559
35.50664232
35.55700349
35.60535022
35.6557114
35.70405812
35.7544193
35.80478047
35.8531272
35.90348837
35.95384955
36.00219628
36.05255745
36.10291862
36.1532798
36.20364097
36.25400215
36.30436332
36.3547245
36.40508567
36.45544684
36.50580802
36.55616919
36.60653037
36.65890599
36.70926716
36.75962834
36.80998951
36.86236513
36.91272631
36.96510193
37.0154631
37.06582428
37.1181999
37.17057552
37.22093669
37.27331231
37.32367349
37.37604911
37.42842473
37.48080035
37.53317597
37.58353715
37.63591277
37.68828839
37.74066401
37.79303963
37.84541525
37.89779088
37.9501665
38.00254212
38.05693219
38.10930781
38.16168343
38.21405905
38.26844912
38.32082474
38.37320036
38.42759043
38.47996605
38.53435612
38.58673174
38.64112181
38.69551188
38.7478875
38.80227757
38.85666763
38.90904326
38.96343332
39.01782339
39.07221346
39.12660353
39.1809936
39.23538366
39.28977373
39.3441638
39.39855387
39.45294394
39.50733401
39.56172407
39.61812859
39.67251866
39.72690873
39.78331324
39.83770331
39.89209338
39.94849789
40.00288796
40.05929248
40.11569699
40.17008706
40.22649157
40.28289609
40.33728616
40.39369067
40.45009519
40.5064997
40.56290422
40.61930873
40.67571325
40.73211776
40.78852228
40.84492679
40.90133131
40.95773583
41.01414034
41.07054486
41.12896382
41.18536833
41.24177285
41.30019181
41.35659633
41.41501529
41.4714198
41.52983877
41.58624328
41.64466224
41.7030812
41.76150017
41.81790468
41.87632364
41.93474261
41.99316157
42.05158053
42.10999949
42.16841846
42.22683742
42.28525638
42.34367534
42.4020943
42.46051327
42.52094668
42.57936564
42.6377846
42.69821801
42.75663697
42.81505593
42.87548934
42.9339083
42.99434171
43.05477512
43.11319408
43.17362749
43.2340609
43.29247987
43.35291327
43.41334668
43.47378009
43.5342135
43.59464691
43.65508032
43.71551373
43.77594714
43.83638055
43.89681396
43.95926181
44.01969522
44.08012863
44.14257649
44.2030099
44.26344331
44.32589116
44.38632457
44.44877243
44.51122028
44.57165369
44.63410155
44.6965494
44.75899726
44.81943067
44.88187853
44.94432638
45.00677424
45.06922209
45.13166995
45.19411781
45.25656566
45.32102797
45.38347582
45.44592368
45.50837153
45.57283384
45.63528169
45.69772955
45.76219185
45.82463971
45.88910201
45.95356431
46.01601217
46.08047447
46.14493678
46.20738463
46.27184694
46.33630924
46.40077154
46.46523385
46.52969615
46.59415845
46.65862075
46.72308306
46.78754536
46.85402211
46.91848441
46.98294672
47.04942347
47.11388577
47.17834807
47.24482482
47.30928713
47.37576388
47.44224063
47.50670293
47.57317968
47.63965643
47.70613318
47.77260993
47.83707223
47.90354898
47.97002573
48.03650248
48.10297923
48.17147043
48.23794718
48.30442393
48.37090068
48.43939188
48.50586863
48.57234538
48.64083657
48.70731332
48.77580452
48.84228127
48.91077247
48.97926367
49.04775486
49.11423161
49.18272281
49.25121401
49.3197052
49.3881964
49.4566876
49.5251788
49.59366999
49.66216119
49.73065239
49.80115803
49.86964923
49.93814042
50.00864607
50.07713727
50.14764291
50.21613411
50.28663975
50.35513095
50.42563659
50.49614224
50.56664788
50.63513908
50.70564472
50.77615036
50.84665601
50.91716165
50.9876673
51.05817294
51.13069303
51.20119868
51.27170432
51.34220996
51.41473005
51.4852357
51.55775579
51.62826143
51.70078152
51.77128717
51.84380726
51.91632735
51.98683299
52.05935309
52.13187318
52.20439327
52.27691336
52.34943345
52.42195354
52.49447363
52.56699372
52.63951381
52.71404835
52.78656844
52.85908853
52.93362307
53.00614316
53.0806777
53.15319779
53.22773233
53.30025242
53.37478696
53.4493215
53.52385603
53.59839057
53.67292511
53.7454452
53.82199419
53.89652872
53.97106326
54.0455978
54.12013234
54.19466688
54.27121586
54.3457504
54.42028494
54.49683392
54.57136846
54.64791744
54.72446643
54.79900097
54.87554995
54.95209894
55.02864792
55.10519691
55.18174589
55.25829488
55.33484386
55.41139285
55.48794183
55.56449082
55.6410398
55.71960323
55.79615222
55.87471565
55.95126463
56.02982807
56.10637705
56.18494048
56.26350392
56.3400529
56.41861633
56.49717976
56.5757432
56.65430663
56.73287006
56.81143349
56.88999692
56.96856036
57.04712379
57.12770167
57.2062651
57.28482853
57.36540641
57.44396984
57.52454772
57.6051256
57.68368903
57.76426691
57.84484479
57.92542267
58.00600055
58.08456398
58.16514186
58.24773418
58.32831206
58.40888994
58.48946782
58.5700457
58.65263802
58.7332159
58.81580823
58.89638611
58.97897843
59.05955631
59.14214864
59.22474096
59.30531884
59.38791117
59.47050349
59.55309582
59.63568815
59.71828047
59.8008728
59.88346512
59.9680719
60.05066422
60.13325655
60.21786332
60.30045565
60.38506242
60.46765474
60.55226152
60.63686829
60.72147506
60.80406739
60.88867416
60.97328093
61.05788771
61.14249448
61.22710125
61.31170803
61.39832925
61.48293602
61.56754279
61.65416401
61.73877078
61.825392
61.90999878
61.99662
62.08324122
62.16784799
62.25446921
62.34109043
62.42771165
62.51433287
62.60095409
62.68757531
62.77419653
62.86283219
62.94945341
63.03607463
63.1247103
63.21133152
63.29996719
63.38658841
63.47522407
63.56385974
63.65048096
63.73911663
63.82775229
63.91638796
64.00502363
64.09365929
64.18229496
64.27294507
64.36158074
64.45021641
64.54086652
64.62950219
64.71813785
64.80878797
64.89943808
64.98807375
65.07872386
65.16937398
65.26002409
65.3506742
65.44132432
65.53197443
65.62262454
65.71327466
65.80392477
65.89658933
65.98723945
66.07990401
66.17055412
66.26321868
66.3538688
66.44653336
66.53919792
66.63186248
66.72251259
66.81517715
66.90784171
67.00252072
67.09518528
67.18784984
67.2805144
67.37317896
67.46785797
67.56052253
67.65520154
67.7478661
67.84254511
67.93722412
68.03190312
68.12658213
68.21924669
68.3139257
68.40860471
68.50529816
68.59997717
68.69465618
68.78933518
68.88602864
68.98070765
69.0774011
69.17208011
69.26877356
69.36546702
69.46014603
69.55683948
69.65353293
69.75022639
69.84691984
69.9436133
70.04030675
70.13901466
70.23570811
70.33240156
70.43110947
70.52780292
70.62651082
70.72320428
70.82191218
70.92062008
71.01932798
71.11803588
71.21674378
71.31545169
71.41415959
71.51286749
71.61157539
71.71229774
71.81100564
71.90971354
72.01043589
72.11115824
72.20986614
72.31058849
72.41131084
72.51203319
72.61275554
72.71347788
72.81420023
72.91492258
73.01564493
73.11636728
73.21910407
73.31982642
73.42256322
73.52328557
73.62602236
73.72674471
73.82948151
73.9322183
74.0349551
74.13769189
74.24042869
74.34316548
74.44590228
74.55065352
74.65339032
74.75612711
74.86087836
74.96361515
75.06836639
75.17311764
75.27786888
75.38060567
75.48535692
75.59010816
75.6948594
75.80162509
75.90637633
76.01112758
76.11587882
76.22264451
76.32739575
76.43416144
76.53891268
76.64567837
76.75244406
76.85920975
76.96597544
77.07274113
77.17950682
77.28627251
77.3930382
77.50181834
77.60858403
77.71534971
77.82412985
77.93089554
78.03967568
78.14845581
78.25723595
78.36601609
78.47479622
78.58357636
78.6923565
78.80113663
78.90991677
79.02071135
79.12949149
79.24028607
79.34906621
79.45986079
79.56864093
79.67943551
79.7902301
79.90102468
80.01181926
80.12261385
80.23340843
80.34621746
80.45701204
80.56780663
80.68061566
80.79141024
80.90421927
81.0170283
81.12983733
81.24063192
81.35344095
81.46624998
81.58107345
81.69388248
81.80669151
81.91950054
82.03432402
82.14713305
82.26195653
82.37678001
82.48958904
82.60441251
82.71923599
82.83405947
82.94888295
83.06370642
83.1785299
83.29536783
83.4101913
83.52501478
83.64185271
83.75869063
83.87351411
83.99035203
84.10718996
84.22402788
84.3408658
84.45770373
84.57454165
84.69137958
84.81023195
84.92706987
85.04592224
85.16276017
85.28161254
85.39845046
85.51730284
85.63615521
85.75500758
85.87385995
85.99271232
86.11357914
86.23243151
86.35128388
86.4721507
86.59100307
86.71186989
86.83273671
86.95158908
87.0724559
87.19332272
87.31418953
87.4370708
87.55793762
87.67880444
87.79967125
87.92255252
88.04341934
88.1663006
88.28918187
88.41206313
88.53292995
88.65581122
88.78070693
88.90358819
89.02646946
89.14935073
89.27424644
89.3971277
89.52202342
89.64490468
89.76980039
89.8946961
90.01959182
90.14448753
90.26938324
90.39427895
90.51917467
90.64608483
90.77098054
90.8978907
91.02278641
91.14969657
91.27660673
91.40351689
91.5284126
91.65733721
91.78424736
91.91115752
92.03806768
92.16699229
92.29390245
92.42282705
92.54973721
92.67866182
92.80758643
92.93651103
93.06543564
93.19436024
93.32328485
93.45220946
93.58314851
93.71207312
93.84301217
93.97193678
94.10287583
94.23381488
94.36475393
94.49569299
94.62663204
94.75757109
94.88851015
95.02146365
95.1524027
95.2853562
95.41629525
95.54924875
95.68220225
95.81515575
95.94810925
96.08106275
96.21401625
96.34696975
96.47992325
96.6148912
96.7478447
96.88281265
97.0177806
97.15274854
97.28570204
97.42066999
97.55765238
97.69262033
97.82758828
97.96255623
98.09953862
98.23450657
98.37148896
98.50847136
98.64545375
98.78243614
98.91941854
99.05640093
99.19338333
99.33036572
99.46936256
99.60634495
99.7453418
99.88433864
100.021321
100.1603179
100.2993147
100.4383116
100.5773084
100.7183197
100.8573165
100.9983278
101.1373247
101.2783359
101.4193472
101.5583441
101.6993554
101.8403666
101.9833924
102.1244037
102.265415
102.4084407
102.549452
102.6924777
102.833489
102.9765147
103.1195405
103.2625662
103.4055919
103.5486177
103.6936579
103.8366836
103.9817238
104.1247495
104.2697897
104.4148299
104.5598701
104.7049102
104.8499504
104.9949906
105.1400308
105.2870854
105.4321256
105.5791802
105.7262349
105.8732895
106.0183297
106.1653843
106.3144534
106.461508
106.6085626
106.7576317
106.9046863
107.0537554
107.20081
107.3498791
107.4989482
107.6480173
107.7970863
107.9481699
108.0972389
108.246308
108.3973915
108.5484751
108.6975441
108.8486277
108.9997112
109.1507947
109.3018782
109.4549762
109.6060597
109.7591577
109.9102412
110.0633392
110.2164372
110.3695351
110.5226331
110.6757311
110.828829
110.981927
111.1370394
111.2901374
111.4452498
111.6003622
111.7534602
111.9085726
112.0656995
112.2208119
112.3759243
112.5310367
112.6881636
112.8452905
113.0004029
113.1575297
113.3146566
113.4717835
113.6289103
113.7860372
113.9451785
114.1023054
114.2614467
114.420588
114.5777148
114.7368562
114.8959975
115.0551388
115.2162945
115.3754358
115.5345772
115.6957329
115.8568887
116.0180444
116.1771857
116.3383415
116.5015117
116.6626675
116.8238232
116.9869934
117.1481492
117.3113194
117.4744896
117.6376598
117.80083
117.9640002
118.1271704
118.2903406
118.4555253
118.6186955
118.7838801
118.9490648
119.1142494
119.2794341
119.4446187
119.6098034
119.7770025
119.9421871
120.1093862
120.2745709
120.44177
120.6089691
120.7761682
120.9433673
121.1125808
121.2797799
121.4489935
121.6161926
121.7854061
121.9546197
122.1238332
122.2930467
122.4622603
122.6334883
122.8027018
122.9739298
123.1431434
123.3143714
123.4855994
123.6568273
123.8280553
124.0012978
124.1725258
124.3457682
124.5169962
124.6902386
124.8634811
125.0367235
125.209966
125.3832084
125.5564508
125.7317077
125.9069646
126.0802071
126.2554639
126.4307208
126.6059777
126.7812346
126.9585059
127.1337628
127.3110342
127.486291
127.6635624
127.8408337
128.018105
128.1953764
128.3746622
128.5519335
128.7312193
128.9084906
129.0877764
129.2670622
129.4463479
129.6256337
129.8049195
129.9862197
130.1655055
130.3468057
130.528106
130.7094062
130.8907064
131.0720067
131.2533069
131.4346071
131.6179218
131.8012365
131.9825367
132.1658514
132.349166
132.5324807
132.7178098
132.9011245
133.0864536
133.2697683
133.4550974
133.6404265
133.8257557
134.0110848
134.1964139
134.3837575
134.5690866
134.7564302
134.9437737
135.1311173
135.3184609
135.5058044
135.693148
135.882506
136.071864
136.2592076
136.4485656
136.6379236
136.8272816
137.0166397
137.2080121
137.3973701
137.5887426
137.7801151
137.9714875
138.16286
138.3542325
138.5456049
138.7369774
138.9303643
139.1237512
139.3151237
139.5085106
139.7018975
139.8972988
140.0906857
140.2860871
140.479474
140.6748754
140.8702767
141.0656781
141.2610794
141.4564808
141.6538966
141.8492979
142.0467138
142.2441296
142.4415454
142.6389612
142.836377
143.0337928
143.233223
143.4326533
143.6300691
143.8294993
144.0289296
144.2303743
144.4298045
144.6292348
144.8306795
145.0321242
145.2335689
145.4350136
145.6364583
145.837903
146.0413621
146.2428068
146.4462659
146.6497251
146.8531842
147.0566434
147.2601025
147.4655761
147.6690352
147.8745088
148.0799824
148.285456
148.4909296
148.6964032
148.9018768
149.1093648
149.3168529
149.5243409
149.7298145
149.939317
150.146805
150.3542931
150.5637955
150.773298
150.9807861
151.1902886
151.399791
151.611308
151.8208105
152.0323274
152.2418299
152.4533468
152.6648637
152.8763807
153.089912
153.301429
153.5149604
153.7264773
153.9400087
154.1535401
154.3690859
154.5826173
154.7961486
155.0116945
155.2272403
155.4427861
155.6583319
155.8738778
156.0894236
156.3069839
156.5225297
156.74009
156.9576502
157.1752105
157.3927708
157.6123455
157.8299058
158.0494805
158.2690552
158.4886299
158.7082047
158.9277794
159.1493685
159.3689433
159.5905324
159.8121216
160.0337108
160.2552999
160.4789035
160.7004927
160.9240963
161.1476999
161.3713035
161.5949072
161.8185108
162.0441288
162.2677325
162.4933505
162.7189686
162.9445866
163.1702047
163.3978372
163.6234553
163.8510878
164.0787203
164.3063528
164.5339853
164.7616178
164.9912648
165.2188973
165.4485442
165.6781912
165.9078381
166.1374851
166.3691465
166.5987934
166.8304548
167.0621162
167.2937776
167.525439
167.7591149
167.9907763
168.2244521
168.458128
168.6918038
168.9254797
169.1591555
169.3948458
169.6305361
169.864212
170.0999023
170.337607
170.5732973
170.8089876
171.0466924
171.2843971
171.5221018
171.7598066
171.9975113
172.2372305
172.4749353
172.7146544
172.9543736
173.1940928
173.433812
173.6755457
173.9152648
174.1569985
174.3987321
174.6404658
174.8842138
175.1259475
175.3696956
175.6114292
175.8551773
176.0989254
176.3446879
176.588436
176.8341985
177.079961
177.3257236
177.5714861
177.8172486
178.0630112
178.3107881
178.5585651
178.8063421
179.0541191
179.301896
179.5516875
179.7994644
180.0492559
180.2990473
180.5488387
180.8006446
181.050436
181.3022419
181.5540478
181.8058536
182.0576595
182.3114798
182.5632857
182.817106
183.0709263
183.3247466
183.578567
183.8344017
184.088222
184.3440568
184.5998916
184.8557263
185.1115611
185.3694103
185.6252451
185.8830943
186.1409435
186.4008072
186.6586564
186.9165056
187.1763693
187.4362329
187.6960966
187.9559602
188.2178383
188.4797164
188.7395801
189.0014582
189.2653508
189.5272289
189.789107
190.0529995
190.3168921
190.5807846
190.8446772
191.1105842
191.3744767
191.6403837
191.9062907
192.1721977
192.4401192
192.7060262
192.9739476
193.2418691
193.5097905
193.777712
194.0476479
194.3155693
194.5855052
194.8554411
195.125377
195.3973273
195.6672632
195.9392136
196.2111639
196.4831143
196.7570791
197.0290294
197.3029942
197.576959
197.8509238
198.1248885
198.3988533
198.6748326
198.9508118
199.226791
199.5027703
199.7787495
200.0567432
200.3347369
200.6127306
200.8907242
201.1687179
201.448726
201.7287342
202.0087423
202.2887504
202.5687586
202.8507811
203.1307893
203.4128118
203.6948344
203.9788714
204.260894
204.544931
204.8289681
205.1130051
205.3970421
205.6810791
205.9671306
206.2531821
206.5392335
206.825285
207.1133509
207.3994024
207.6874683
207.9755342
208.2636002
208.5536805
208.8417464
209.1318268
209.4219072
209.714002
210.0040823
210.2961771
210.5862575
210.8783523
211.1724616
211.4645564
211.7586656
212.0527749
212.3468842
212.6409934
212.9351027
213.2312264
213.5273501
213.8234738
214.1195975
214.4177357
214.7138594
215.0119975
215.3101357
215.6102883
215.9084264
216.208579
216.5087316
216.8088842
217.1090368
217.4112039
217.7113564
218.0135235
218.317705
218.619872
218.9220391
219.2262206
219.5304021
219.8345836
220.1407795
220.444961
220.7511569
221.0573529
221.3655633
221.6717592
221.9799696
222.28818
222.5963904
222.9046007
223.2128111
223.523036
223.8332608
224.1434856
224.4557249
224.7659497
225.078189
225.3904283
225.7026676
226.0169213
226.3291606
226.6434143
226.957668
227.2739362
227.58819
227.9044581
228.2207263
228.5369945
228.8532626
229.1715453
229.4898279
229.8081105
230.1263931
230.4466902
230.7649728
231.0852699
231.4075814
231.7278785
232.05019
232.3704871
232.6927986
233.0171245
233.3394361
233.663762
233.988088
234.3124139
234.6367399
234.9630803
235.2894207
235.6157611
235.9421015
236.2704564
236.5967968
236.9251517
237.2535065
237.5838758
237.9122307
238.2426
238.5729693
238.905353
239.2357223
239.5681061
239.9004898
240.2328736
240.5672718
240.8996555
241.2340537
241.5684519
241.9048646
242.2392628
242.5756754
242.9120881
243.2505152
243.5869278
243.9253549
244.263782
244.6022091
244.9426506
245.2810777
245.6215192
245.9619608
246.3044168
246.6448583
246.9873143
247.3297703
247.6742407
248.0166967
248.3611671
248.7056376
249.050108
249.3965929
249.7430777
250.0895626
250.4360475
250.7825324
251.1310317
251.479531
251.8280304
252.1785441
252.5270435
252.8775572
253.228071
253.5805992
253.9331274
254.2836412
254.6381839
254.9907121
255.3452548
255.697783
256.0543401
256.4088828
256.7634254
257.1199826
257.4765397
257.8351112
258.1916683
258.5502399
258.9088115
259.267383
259.627969
259.988555
260.349141
260.7097271
261.0723275
261.434928
261.7975284
262.1601289
262.5247438
262.8873442
263.2519591
263.6185885
263.9832034
264.3498327
264.7164621
265.0830914
265.4517352
265.820379
266.1890228
266.5576666
266.9283249
267.2989831
267.6696413
268.0402996
268.4129723
268.785645
269.1583177
269.5309903
269.9056775
270.2803646
270.6550518
271.0297389
271.4064405
271.7831421
272.1598436
272.5365452
272.9152613
273.2939773
273.6726933
274.0534238
274.4321398
274.8128703
275.1956152
275.5763457
275.9590906
276.3418356
276.7245805
277.1093399
277.4940992
277.8788586
278.263618
278.6503918
279.0371656
279.4239394
279.8127277
280.1995015
280.5882898
280.977078
281.3678807
281.7586835
282.1494862
282.5402889
282.933106
283.3259232
283.7187404
284.1115575
284.5063891
284.9012207
285.2960523
285.690884
286.08773
286.4845761
286.8834366
287.2802826
287.6791431
288.0780036
288.4788786
288.8777391
289.278614
289.679489
290.0823783
290.4852677
290.8881571
291.2910465
291.6959504
292.1008542
292.5057581
292.9106619
293.3175802
293.7244985
294.1314168
294.5403495
294.9492822
295.358215
295.7671477
296.1780949
296.5890421
296.9999892
297.4129509
297.8259125
298.2388741
298.6518358
299.0668118
299.4817879
299.896764
300.3137545
300.7287306
301.1477356
301.5647261
301.9837311
302.402736
302.821741
303.240746
303.6617654
304.0827848
304.5058187
304.9288525
305.3518864
305.7749203
306.1999686
306.6230024
307.0500652
307.4751135
307.9021763
308.329239
308.7563018
309.185379
309.6144562
310.0435334
310.474625
310.9037022
311.3368083
311.7679
312.2010061
312.6341122
313.0672183
313.5023388
313.9374594
314.3725799
314.8077005
315.2448355
315.6819705
316.1211199
316.5582549
316.9974043
317.4385682
317.8777177
318.3188815
318.7600454
319.2032238
319.6464021
320.0895804
320.5327588
320.9779516
321.4231443
321.8703516
322.3155443
322.7627516
323.2119732
323.6591805
324.1084021
324.5576238
325.0088599
325.4600961
325.9113322
326.3625683
326.8158189
327.2690694
327.7243345
328.177585
328.63285
329.0901295
329.5453945
330.002674
330.4619679
330.9192474
331.3785413
331.8378352
332.2991435
332.7604519
333.2217602
333.6830686
334.1463914
334.6097142
335.0750515
335.5403887
336.005726
336.4710632
336.9384149
337.4057666
337.8731183
338.3424844
338.8118506
339.2812167
339.7525973
340.2239779
340.6953585
341.1687535
341.6421486
342.1155436
342.5909531
343.0663626
343.5417721
344.019196
344.4966199
344.9740439
345.4514678
345.9309062
346.412359
346.8917974
347.3732502
347.854703
348.3381703
348.8216376
349.3051049
349.7905866
350.2740539
350.76155
351.2470317
351.7345279
352.2220241
352.7115347
353.2010453
353.6905559
354.182081
354.673606
355.1651311
355.6586706
356.1522101
356.6457496
357.1413036
357.6348431
358.1324115
358.6279654
359.1255339
359.6251167
360.1226851
360.622268
361.1238652
361.6254625
362.1270598
362.6286571
363.1322689
363.6358806
364.1394924
364.6451186
365.1507447
365.6583854
366.166026
366.6736667
367.1813073
367.6909624
368.2006175
368.712287
369.2239565
369.7356261
370.24931
370.762994
371.276678
371.7923764
372.3080748
372.8237733
373.3414861
373.859199
374.3789263
374.8986536
375.418381
375.9381083
376.45985
376.9836063
377.505348
378.0291042
378.5548749
379.0786311
379.6044018
380.1321869
380.659972
381.1877571
381.7155422
382.2453417
382.7751413
383.3069553
383.8387693
384.3705833
384.9044117
385.4382402
385.9740831
386.509926
387.0457689
387.5816118
388.1194691
388.6593409
389.1971982
389.73707
390.2789563
390.8188281
391.3627287
391.904615
392.4485157
392.9924163
393.5383315
394.0842466
394.6321762
395.1780913
395.7260209
396.2759649
396.8259089
397.3758529
397.9278114
398.4797699
399.0317284
399.5857013
400.1396742
400.6956616
401.2516489
401.8076363
402.3656381
402.9236399
403.4836562
404.0436724
404.6036887
405.1657194
405.7277501
406.2897808
406.8538259
407.4178711
407.9839307
408.5499903
409.1160499
409.6841239
410.252198
410.820272
411.3903605
411.9624635
412.532552
413.1066693
413.6787723
414.2528897
414.8270071
415.4031389
415.9792707
416.557417
417.1335488
417.7137096
418.2918559
418.874031
419.4541918
420.0363669
420.6185421
421.2027317
421.7869213
422.371111
422.957315
423.5455336
424.1317376
424.7199561
425.3101891
425.9004221
426.490655
427.0829024
427.6751498
428.2694117
428.8636736
429.4579354
430.0542117
430.650488
431.2487788
431.8470695
432.4453603
433.0456655
433.6459707
434.2482903
434.85061
435.4529296
436.0572637
436.6636122
437.2679463
437.8742949
438.4826578
439.0910208
439.6993838
440.3097613
440.9201387
441.5325306
442.1449224
442.7593288
443.3737351
443.9881414
444.6045622
445.220983
445.8394182
446.4578534
447.0762886
447.6967383
448.317188
448.9396521
449.5621162
450.1865948
450.8110733
451.4375663
452.0640593
452.6905523
453.3190598
453.9475672
454.5760747
455.2086111
455.839133
456.4716693
457.1042057
457.7387564
458.3733072
459.0098725
459.6464377
460.2850174
460.9235971
461.5621768
462.2027709
462.8453795
463.4859737
464.1305967
464.7732053
465.4178283
466.0644658
466.7111033
467.3577407
468.0063927
468.6550446
469.305711
469.9563773
470.6090581
471.261739
471.9164342
472.5711295
473.2258248
473.8825345
474.5412586
475.1979684
475.858707
476.5174311
477.1801842
477.8409228
478.5036758
479.1684433
479.8332108
480.4979783
481.1647603
481.8335567
482.5023531
483.1711495
483.8419603
484.5127711
485.1855964
485.8584217
486.531247
487.2060867
487.8829409
488.5597951
489.2366493
489.9155179
490.596401
491.2772841
491.9581672
492.6410647
493.3239622
494.0088742
494.6937861
495.3807126
496.067639
496.7565798
497.4455207
498.1344616
498.8274313
499.5183866
500.2113564
500.9063406
501.6013248
502.296309
502.9933077
503.6903063
504.3893194
505.090347
505.7913745
506.4924021
507.195444
507.898486
508.6035425
509.3085989
510.0156698
510.7227407
511.431826
512.1409114
512.8520111
513.5631109
514.2762252
514.9893394
515.7044681
516.4195967
517.1367399
517.853883
518.5710261
519.2901837
520.0113557
520.7325277
521.4557142
522.1789006
522.9041015
523.6293024
524.3545034
525.0837332
525.8109485
526.5401783
527.2714226
528.0026668
528.7359255
529.4691842
530.2044574
530.9397305
531.6750036
532.4143057
533.1515933
533.8908953
534.6322118
535.3735283
536.1168592
536.8601901
537.6055355
538.3508809
539.0982407
539.8456006
540.5949748
541.3463636
542.0957378
542.849141
543.6025442
544.3559473
545.1113649
545.8667826
546.6242146
547.3836611
548.1431076
548.9025541
549.6640151
550.4274905
551.1909659
551.9564558
552.7219456
553.4874355
554.2569542
555.0244585
555.7959917
556.5655104
557.3390581
558.1126057
558.8861533
559.6617154
560.4372775
561.214854
561.994445
562.774036
563.553627
564.3372468
565.1188523
565.9024721
566.6881065
567.4757552
568.2613895
569.0510528
569.840716
570.6303792
571.4220568
572.2157489
573.0094411
573.8031332
574.6008542
575.3965607
576.1962962
576.9940172
577.7957671
578.597517
579.3992668
580.2030312
581.00881
581.8145888
582.622382
583.4301752
584.2399829
585.0497906
585.8616127
586.6754493
587.4892859
588.3031225
589.1209879
589.936839
590.7567189
591.5745843
592.3964787
593.2183731
594.0402674
594.8661907
595.6900995
596.5160228
597.3439605
598.1739126
599.0038648
599.8338169
600.6657835
601.4997646
602.3337456
603.1697411
604.0077511
604.845761
605.6837709
606.5237953
607.3658342
608.207873
609.0519263
609.897994
610.7440617
611.5901295
612.4402261
613.2883083
614.1404193
614.9925304
615.8446415
616.698767
617.5549069
618.4110469
619.2692013
620.1293702
620.989539
621.8517223
622.7139056
623.5781034
624.4423011
625.3085133
626.17674
627.0449666
627.9152077
628.7874632
629.6597188
630.5319743
631.4082588
632.2825287
633.1608276
634.0391265
634.9194398
635.7997532
636.6820809
637.5644087
638.4487509
639.3351076
640.2234787
641.1098354
642.0002209
642.8906065
643.7830065
644.6754065
645.569821
646.4662499
647.3626788
648.2611221
649.1595655
650.0620377
650.9624955
651.8669822
652.7714689
653.6759556
654.5824567
655.4909723
656.4015023
657.3120324
658.2225624
659.1371213
660.0516802
660.9662392
661.884827
662.8014004
663.7220026
664.6426049
665.5652216
666.4878383
667.4124695
668.3391151
669.2657607
670.1944207
671.1250953
672.0557698
672.9884587
673.9211476
674.855851
675.7925689
676.7313012
677.6700335
678.6087657
679.5515269
680.4942881
681.4370493
682.3838394
683.3306295
684.2774195
685.2282385
686.1790575
687.1298764
688.0827099
689.0375577
689.99442
690.9512823
691.9101591
692.8690359
693.8319415
694.7948472
695.7577528
696.7226729
697.6896075
698.6585565
699.6275055
700.5984689
701.5694323
702.5424102
703.5174026
704.4944093
705.4714161
706.4504373
707.4294586
708.4125087
709.3935444
710.3786089
711.3636735
712.3507525
713.339846
714.3289394
715.3200474
716.3131697
717.3062921
718.3014289
719.2985801
720.2957314
721.2948971
722.2960772
723.2992718
724.3024664
725.305661
726.3128845
727.320108
728.3293459
729.3405983
730.3518507
731.3651175
732.3803988
733.39568
734.4129758
735.4322859
736.4536105
737.4749352
738.4982742
739.5216133
740.5489812
741.5763492
742.6037171
743.635114
744.6665108
745.6999221
746.7353479
747.7707736
748.8082138
749.8476685
750.8871231
751.9285922
752.9720757
754.0175737
755.0630717
756.1105841
757.160111
758.2096378
759.2611791
760.3147349
761.3703051
762.4258753
763.48346
764.5430591
765.6046727
766.6662862
767.7299142
768.7955567
769.8611991
770.9308705
771.9985273
773.0702131
774.1439134
775.2176136
776.2933283
777.369043
778.4487866
779.5285301
780.6102882
781.6920462
782.7778331
783.86362
784.9514214
786.0392227
787.131053
788.2228833
789.316728
790.4105727
791.5084463
792.6063199
793.7062079
794.806096
795.9100129
797.0139298
798.1198612
799.2257926
800.3357529
801.4457132
802.5576879
803.6716771
804.7856663
805.9036843
807.0217024
808.1397205
809.2617674
810.3838144
811.5098902
812.6339517
813.762042
814.8921467
816.0222515
817.1543707
818.2885043
819.422638
820.5608005
821.698963
822.83914
823.979317
825.1235229
826.2677288
827.4139491
828.5621839
829.7124331
830.8626823
832.014946
833.1692241
834.3255166
835.4838237
836.6421307
837.8024521
838.964788
840.1291384
841.2955032
842.461868
843.6322617
844.8026553
845.973049
847.1474716
848.3218942
849.5003457
850.6787972
851.8592631
853.039729
854.2242238
855.4087187
856.5952279
857.7837516
858.9742898
860.1668424
861.359395
862.5539621
863.7505436
864.9491395
866.1497499
867.3523747
868.5549996
869.7596389
870.9662926
872.1749608
873.3856434
874.5963261
875.8090231
877.0257491
878.2424751
879.4612155
880.6799559
881.9027252
883.1254945
884.3502783
885.5790909
886.8058892
888.0367163
889.2695578
890.5023993
891.7392698
892.9761402
894.2150251
895.4559244
896.6968238
897.941752
899.1866802
900.4356374
901.6845945
902.9355661
904.1885521
905.4415381
906.698553
907.9555679
909.2166117
910.4776555
911.7407138
913.0057865
914.2728736
915.5399608
916.8110768
918.0821928
919.3573378
920.6324827
921.9096421
923.1888159
924.4700042
925.7511925
927.0364096
928.3216268
929.6108728
930.9001189
932.1913794
933.4846544
934.7799438
936.0772476
937.3765659
938.6758842
939.9792314
941.2825786
942.5879402
943.8973308
945.2067213
946.5181263
947.8315457
949.1449651
950.4624135
951.7818762
953.101339
954.4248306
955.7483223
957.0738284
958.401349
959.730884
961.0624334
962.3959973
963.7315757
965.0691684
966.4067612
967.7483829
969.092019
970.4356552
971.7813058
973.1309852
974.4806647
975.8323586
977.186067
978.5417898
979.899527
981.2592788
982.6210449
983.9828111
985.3486061
986.7164156
988.0842251
989.4560635
990.8279019
992.2037691
993.5796364
994.9575182
996.3394288
997.7213394
999.1052645
1000.491204
1001.879158
1003.269126
1004.661109
1006.055107
1007.451118
1008.849144
1010.249185
1011.649226
1013.053295
1014.459379
1015.867478
1017.275576
1018.687703
1020.099831
1021.515987
1022.934158
1024.352328
1025.774528
1027.196727
1028.620942
1030.049184
1031.477427
1032.909699
1034.341971
1035.778272
1037.214572
1038.652887
1040.095231
1041.537575
1042.981934
1044.430321
1045.878709
1047.329111
1048.783541
1050.237972
1051.694417
1053.152877
1054.615365
1056.077854
1057.542357
1059.010889
1060.47942
1061.951981
1063.424542
1064.899117
1066.377721
1067.856325
1069.338958
1070.821591
1072.308253
1073.794915
1075.285606
1076.776296
1078.271016
1079.76775
1081.264484
1082.765247
1084.268025
1085.770802
1087.277608
1088.786429
1090.297264
1091.810114
1093.324978
1094.841857
1096.36075
1097.881657
1099.404579
1100.929516
1102.456466
1103.987446
1105.518426
1107.05142
1108.588443
1110.125466
1111.666518
1113.209584
1114.752651
1116.299746
1117.848856
1119.39998
1120.953118
1122.508272
1124.065439
1125.624621
1127.185817
1128.751043
1130.316268
1131.883508
1133.454776
1135.028059
1136.601343
1138.178654
1139.757981
1141.339322
1142.922677
1144.508047
1146.095431
1147.686844
1149.278257
1150.873699
1152.469141
1154.068612
1155.670098
1157.273597
1158.879112
1160.48664
1162.096183
1163.709755
1165.323327
1166.940928
1168.558529
1170.180159
1171.803803
1173.429462
1175.057135
1176.688837
1178.320539
1179.95627
1181.592001
1183.231761
1184.873535
1186.517324
1188.163127
1189.812959
1191.462791
1193.116652
1194.770513
1196.428403
1198.088307
1199.750226
1201.416174
1203.082121
1204.752098
1206.422075
1208.09608
1209.7721
1211.450134
1213.132197
1214.814261
1216.500353
1218.188459
1219.87858
1221.570716
1223.264866
1224.963044
1226.661223
1228.363431
1230.067653
1231.77389
1233.484155
1235.194421
1236.908715
1238.625024
1240.343347
1242.063685
1243.788051
1245.512418
1247.240814
1248.971223
1250.703648
1252.440101
1254.176554
1255.917037
1257.659533
1259.404044
1261.152584
1262.901124
1264.653693
1266.408276
1268.164874
1269.925501
1271.686128
1273.450783
1275.217453
1276.986138
1278.758851
1280.533579
1282.310321
1284.089078
1285.869849
1287.654649
1289.439449
1291.230292
1293.021135
1294.813993
1296.61088
1298.409781
1300.210697
1302.015641
1303.8226
1305.631573
1307.442561
1309.255564
1311.072595
1312.89164
1314.7127
1316.537789
1318.362878
1320.191996
1322.025143
1323.85829
1325.695465
1327.534655
1329.37586
1331.221093
1333.068341
1334.917604
1336.76888
1338.624186
1340.481506
1342.340841
1344.20219
1346.067568
1347.93496
1349.806381
1351.677802
1353.553252
1355.430717
1357.312211
1359.195718
1361.081241
1362.968778
1364.860343
1366.753923
1368.649518
1370.549142
1372.450779
1374.354432
1376.262113
1378.169794
1380.083519
1381.997244
1383.914997
1385.834765
1387.758562
1389.682359
1391.610185
1393.542039
1395.475908
1397.411792
1399.34969
1401.291617
1403.235558
1405.181514
1407.131499
1409.083498
1411.039526
1412.997568
1414.957625
1416.919696
1418.885797
1420.853911
1422.826055
1424.800213
1426.776385
1428.756587
1430.738803
1432.723033
1434.711292
1436.701566
1438.695868
1440.690171
1442.690517
1444.690862
1446.695237
1448.703641
1450.712044
1452.726491
1454.740938
1456.759414
1458.779904
1460.804424
1462.830957
1464.86152
1466.892082
1468.928688
1470.965294
1473.005929
1475.050593
1477.097271
1479.145963
1481.198685
1483.253421
1485.312186
1487.372965
1489.435758
1491.502581
1493.571418
1495.644284
1497.719164
1499.796059
1501.876983
1503.961936
1506.046888
1508.137884
1510.22888
1512.323905
1514.422959
1516.524027
1518.62711
1520.734221
1522.845361
1524.958516
1527.073686
1529.192884
1531.314097
1533.437324
1535.566594
1537.695865
1539.829164
1541.966492
1544.105835
1546.247192
1548.392578
1550.539978
1552.691408
1554.846866
1557.004339
1559.163826
1561.327342
1563.492872
1565.662432
1567.834006
1570.009608
1572.187226
1574.368872
1576.552532
1578.740222
1580.929925
1583.123658
1585.32142
1587.519182
1589.722987
1591.928806
1594.13664
1596.348503
1598.56238
1600.780286
1603.002221
1605.22617
1607.454149
1609.684142
1611.916149
1614.152185
1616.39225
1618.634329
1620.880438
1623.128561
1625.380712
1627.636893
1629.895088
1632.155298
1634.419536
1636.687803
1638.958085
1641.232396
1643.508721
1645.789075
1648.073457
1650.359855
1652.650281
1654.942722
1657.239191
1659.537675
1661.840188
1664.144715
1666.455286
1668.765857
1671.082471
1673.401099
1675.721742
1678.046414
1680.375115
1682.70583
1685.040574
1687.379347
1689.720134
1692.062936
1694.411781
1696.762641
1699.115515
1701.474432
1703.83335
1706.19831
1708.565286
1710.93629
1713.309308
1715.686356
1718.067432
1720.450523
1722.837642
1725.226776
1727.621954
1730.019146
1732.418352
1734.821587
1737.228852
1739.63813
1742.053452
1744.468774
1746.890139
1749.313519
1751.740928
1754.170351
1756.603803
1759.041283
1761.482793
1763.926317
1766.37387
1768.823438
1771.277034
1773.73466
1776.196314
1778.659982
1781.12768
1783.599406
1786.073147
1788.552931
1791.032716
1793.518543
1796.006385
1798.498256
1800.994156
1803.49207
1805.994013
1808.499985
1811.009986
1813.522002
1816.038046
1818.558119
1821.080207
1823.606323
1826.136469
1828.670643
1831.206832
1833.749064
1836.29331
1838.839571
1841.391876
1843.946194
1846.504542
1849.066919
1851.63131
1854.199729
1856.772178
1859.348656
1861.929162
1864.511683
1867.098233
1869.688812
1872.28342
1874.880042
1877.482707
1880.087387
1882.696096
1885.30682
1887.923586
1890.542367
1893.165177
1895.792016
1898.420869
1901.055766
1903.692677
1906.333617
1908.978586
1911.627584
1914.28061
1916.935651
1919.594721
1922.25782
1924.924948
1927.596105
1930.27129
1932.94849
1935.629719
1938.314977
1941.004264
1943.697579
1946.394924
1949.094283
1951.799685
1954.507102
1957.218548
1959.934022
1962.653525
1965.377058
1968.102605
1970.834195
1973.567799
1976.305433
1979.047095
1981.792786
1984.542506
1987.296255
1990.054033
1992.813826
1995.579661
1998.347511
2001.121405
2003.897313
2006.67725
2009.461215
2012.24921
2015.041233
2017.837286
2020.635353
2023.439463
2026.247602
2029.057755
2031.873952
2034.692164
2037.514404
2040.342687
2043.172985
2046.007312
2048.845668
2051.688053
2054.534466
2057.384909
2060.23938
2063.09788
2065.960409
2068.826968
2071.697554
2074.57217
2077.448801
2080.331474
2083.218177
2086.108908
2089.001654
2091.900443
2094.803261
2097.710108
2100.61897
2103.533874
2106.452808
2109.375771
2112.300748
