2.321125254
4.508259875
6.556059238
8.412330542
10.04841476
11.45187517
12.62292393
13.57120634
14.31310722
14.86937837
15.26310883
15.6572744
15.67278478
15.45473261
15.10889602
14.49648646
13.68278765
13.13220203
12.34440143
11.68944771
11.13054321
10.46689936
9.838608133
9.314065576
8.765254269
8.226264934
7.7427414
7.283001651
6.83673032
6.436137829
6.061721675
5.706643919
5.371707434
5.063459363
4.770816477
4.496061588
4.241688672
4.003035557
3.780464386
3.582650198
3.398768431
3.229431214
3.077782194
2.937924628
2.805661277
2.689295426
2.580008316
2.481423716
2.390396883
2.306898476
2.234148877
2.175060164
2.129174776
2.098281738
2.075637411
2.058142443
2.047483632
2.035030049
2.020421185
2.002797925
1.975844461
1.940430283
1.910085056
1.882766519
1.871769417
1.888251231
1.934105321
1.993778881
2.056193124
2.1066772
2.139563038
2.150089102
2.134024396
2.101121825
2.067957698
2.047055502
2.038353367
2.032699329
2.041620296
2.050212265
2.02274098
1.97818581
1.916187956
1.850454171
1.784430419
1.759272771
1.808793215
1.950133221
2.191701915
2.49335855
2.732627251
3.003068022
3.296442416
