71.10949564
59.34701322
50.67026666
44.89917067
40.64980001
37.37236951
34.77607903
32.6629357
30.89569313
29.40116802
28.09761274
26.94487838
25.92957696
25.01485742
24.18689307
23.43233882
22.73660211
22.10167386
21.51898534
20.98610349
20.49541021
20.04067567
19.61888491
19.22672195
18.8606964
18.51353242
18.1818118
17.86428535
17.56235749
17.27587626
17.00213107
16.74278633
16.49637553
16.26086133
16.03646523
15.82079582
15.61228419
15.41082231
15.21545221
15.02656941
14.84697015
14.67478865
14.50825336
14.34757067
14.19247665
14.04235043
13.89603578
13.75281083
13.61360907
13.47847736
13.3478107
13.22107505
13.09830018
12.9793748
12.86463355
12.75349489
12.64462712
12.53865099
12.43530828
12.33509
12.23763687
12.14252122
12.04991761
11.95913183
11.87042655
11.78360069
11.69909391
11.61613098
11.53441209
11.45406152
11.37523147
11.29813461
11.22334613
11.15032638
11.07891825
11.00892786
10.9402749
10.87315099
10.80737002
10.74232945
10.6780925
10.61501494
10.55346944
10.49351822
10.43470177
10.37682567
10.32018379
10.26455994
10.21012981
10.15658973
10.10383143
10.05201775
10.00130542
9.951620656
9.902716222
9.854366906
9.806863704
9.760453588
9.714995711
9.670352829
9.626296516
9.582749846
9.540107436
9.498361349
9.457447584
9.417342304
9.377943492
9.339061754
9.300591405
9.262836238
9.225564857
9.188446029
9.151986258
9.116069606
9.080644805
9.045751884
9.011289715
8.977166314
8.943538092
8.910423347
8.877745057
8.845506109
8.813514312
8.781875702
8.750686468
8.71986834
8.689649821
8.659853853
8.630512001
8.601576557
8.573104632
8.544976964
8.517073686
8.489595942
8.462386
8.4355897
8.409216966
8.383220227
8.357657355
8.332535507
8.30781734
8.283261411
8.258753054
8.234333533
8.210079617
8.186087869
8.162429188
8.13916905
8.116197717
8.093566183
8.071353792
8.049476207
8.027949493
8.006656718
7.985460013
7.964476253
7.943884619
7.923634391
7.903640536
7.883910734
7.864407112
7.845234164
7.826302819
7.807433202
7.788693653
7.770020215
7.751520875
7.733269661
7.715203641
7.697341016
7.679772389
7.662514753
7.645462927
7.628509706
7.611676303
7.594963192
7.578408162
7.561977662
7.545658011
7.529448945
7.513387586
7.497469417
7.481709294
7.466094865
7.450552236
7.435158521
7.420018059
7.405120083
7.390398634
7.375829884
7.361458548
7.347260374
7.333228242
7.31932296
7.305468536
7.291758101
7.278137761
7.264573588
7.25114453
7.237869385
7.224767482
7.211792747
7.198980313
7.186358717
7.173913231
7.161561188
7.149202008
7.136913316
7.124706446
7.112543063
7.100500572
7.088567211
7.076806181
7.065150843
7.05360769
7.042189197
7.030861889
7.019520456
7.008275909
6.997145643
6.986121294
6.975216007
6.964436961
6.953815683
6.943370093
6.933039684
6.92282874
6.912701822
6.902698365
6.892770659
6.882926419
6.873201676
6.863602871
6.854175182
6.844917332
6.835743696
6.826641581
6.817557777
6.808435347
6.799367421
6.790351749
6.781406549
6.772605816
6.76395408
6.755412644
6.747026379
6.738696331
6.730451409
6.722276732
6.714158918
6.706140537
6.698261601
6.690486908
6.682767195
6.675162463
6.667700569
6.660309595
6.653006705
6.645734546
6.63855785
6.631486298
6.624535701
6.61768069
6.610888887
6.604189325
6.597565014
6.590986427
6.584506577
6.578102901
6.571730042
6.565370502
6.559061969
6.552772824
6.54651721
6.540271884
6.5340827
6.527970222
6.521909173
6.515841533
6.509785122
6.50379482
6.497850455
6.492013382
6.486289647
6.48063221
6.475064466
6.469583891
6.464138827
6.458755873
6.453409186
6.448089151
6.442779581
6.437501731
6.432265713
6.427026777
6.421832693
6.416696046
6.411643036
6.406673307
6.401775386
6.396974246
6.392203893
6.387474076
6.382784512
6.378143279
6.373530935
6.36899384
6.364546934
6.360183659
6.355895071
6.351685514
6.347497016
6.343283069
6.339070605
6.334913669
6.330791206
6.326744288
6.322760468
6.318829045
6.314982101
6.311173835
6.307409961
6.303681792
6.299996426
6.2963234
6.29267585
6.289092128
6.285497784
6.281922642
6.278382668
6.274872661
6.271388815
6.267914623
6.264446646
6.260954301
6.257495401
6.254107114
6.250770369
6.247482791
6.244234932
6.241033624
6.237858888
6.23473864
6.231634009
6.228529697
6.225465273
6.22245218
6.219497662
6.21661074
6.213763433
6.210942907
6.208135092
6.205341195
6.202550461
6.199770135
6.197025698
6.19432667
6.191705728
6.189138399
6.186598265
6.184086013
6.18159215
6.179140359
6.176740615
6.174351575
6.171966775
6.169600154
6.16725041
6.164922625
6.162619221
6.16030672
6.158012827
6.155739846
6.15349795
6.15127019
6.149042634
6.146826753
6.144623086
6.142440698
6.140283653
6.138176335
6.136102633
6.134047765
6.132020038
6.129994903
6.127982686
6.125985638
6.124007069
6.12208737
6.120184451
6.118298001
6.116430608
6.114601555
6.112799252
6.111022118
6.109251639
6.107451071
6.105642404
6.103860996
6.102100136
6.100397261
6.098721596
6.097065355
6.09544154
6.093821869
6.092236006
6.090642946
6.089025434
6.087409167
6.085819055
6.084260161
6.082718826
6.081225372
6.079765513
6.078347174
6.076949197
6.075568797
6.07418441
6.07279814
6.07143704
6.070123361
6.068846651
6.067601306
6.066390628
6.065210335
6.064037416
6.062866111
6.061686125
6.060509071
6.059344434
6.058206514
6.057087539
6.056009013
6.054957665
6.05392796
6.052927388
6.051948011
6.050992097
6.050060938
6.049140454
6.04822384
6.047324491
6.046468457
6.045639107
6.044828532
6.044012351
6.043194511
6.042386486
6.041587554
6.040783252
6.039986084
6.039199736
6.038456799
6.037731954
6.037012786
6.036304051
6.035608724
6.034936394
6.034275255
6.033603778
6.032944161
6.032299863
6.031664723
6.031050588
6.030433969
6.02981735
6.029214197
6.028610606
6.028003981
6.02741857
6.026838709
6.026254147
6.025685332
6.025133376
6.02458296
6.024044468
6.023531837
6.023030105
6.022560288
6.022118595
6.021693944
6.021278903
6.020851712
6.020437888
6.020020951
6.019592517
6.019165357
6.018745653
6.018346904
6.017948821
6.017545355
6.017125544
6.01672227
6.016344328
6.015973999
6.015615089
6.015276342
6.014958394
6.014675148
6.014410832
6.014148697
6.013876948
6.013578403
6.013265346
6.012965631
6.012683028
6.012424433
6.012185633
6.011951478
6.011730321
6.011523063
6.011315355
6.011115811
6.010908606
6.01068595
6.010474821
6.010279029
6.010090324
6.009903834
6.009719819
6.009526764
6.009332579
6.009123631
6.008905185
6.008682855
6.008466579
6.008262067
6.008080639
6.007917317
6.007769293
6.007633159
6.007516558
6.007411896
6.007315847
6.007213784
6.007114697
6.007036685
6.006976112
6.006924769
6.006883962
6.006854982
6.006830298
6.006810412
6.006795547
6.006777247
6.006771607
6.006790265
6.006834793
6.006900821
6.00699126
6.007091731
6.00719357
6.007312222
6.00743345
6.007554127
6.007674401
6.007819815
6.007979239
6.008147629
6.008313605
6.008461191
6.008602523
6.008755595
6.00891335
6.009071811
6.009222953
6.00937429
6.009534054
6.009698971
6.009871438
6.01005677
6.010249072
6.010445789
6.010650797
6.010853284
6.011051121
6.011251327
6.011442474
6.01163895
6.011840137
6.01203582
6.012233602
6.012431618
6.012640374
6.012871253
6.0131134
6.013353873
6.01359791
6.013852635
6.014110062
6.014369482
6.014626932
6.014891789
6.01517766
6.015472157
6.015765576
6.016045578
6.016316943
6.01657875
6.01683394
6.017090655
6.017357903
6.017634052
6.017914
6.018202178
6.018504847
6.018814166
6.019123305
6.019440677
6.019774295
6.020118701
6.020464914
6.020813678
6.02116925
6.021540068
6.021923076
6.022312185
6.022694986
6.023075554
6.023452553
6.023830006
6.024223363
6.02463029
6.02504558
6.025464046
6.02589278
6.02633464
6.026774302
6.027211283
6.027636978
6.028061246
6.028493981
6.028926307
6.029353834
6.029782456
6.030221572
6.030672102
6.031121875
6.031565705
6.032002244
6.032437795
6.032870153
6.033323114
6.033779004
6.034226191
6.034676155
6.03512245
6.035569797
6.036018017
6.036466404
6.036911482
6.037365134
6.037829884
6.038306736
6.038795615
6.039290278
6.039789449
6.04030356
6.040820903
6.041331332
6.04183895
6.042355591
6.042879922
6.043406224
6.043943037
6.044483749
6.045030637
6.045587265
6.046153545
6.046726915
6.047294915
6.047868034
6.0484341
6.049002158
6.04958402
6.050167282
6.050750371
6.051344848
6.051955488
6.052574554
6.05319429
6.053807918
6.054420004
6.05503383
6.055649574
6.05627893
6.056921312
6.057575737
6.058245236
6.058925544
6.059613254
6.06029827
6.060982077
6.061663597
6.062344862
6.063030142
6.063722157
6.064421843
6.065129749
6.065852311
6.066581139
6.06731064
6.068044022
6.068779907
6.069515232
6.070254239
6.070996192
6.071751457
6.072514086
6.073274845
6.074030698
6.074780501
6.075521942
6.076242762
6.076954487
6.077669991
6.078393562
6.079122433
6.079862215
6.080615754
6.081373368
6.082135996
6.08289958
6.083660512
6.084416479
6.085167154
6.085916987
6.08667152
6.087433336
6.088196386
6.088959002
6.089728185
6.090500393
6.091272649
6.092043521
6.092819036
6.093604999
6.094409325
6.09521972
6.096032411
6.096854064
6.097679309
6.098519116
6.099359785
6.100197115
6.101033202
6.101869095
6.102709226
6.103559497
6.104412869
6.105267076
6.10613228
6.107005635
6.107880393
6.108759527
6.10964628
6.110536333
6.111428825
6.112324079
6.11322206
6.114118727
6.11502284
6.115933965
6.116854381
6.117786516
6.1187232
6.11965881
6.120590382
6.121529665
6.122468308
6.12340574
6.124347427
6.125292508
6.126249224
6.127217143
6.128183561
6.12914324
6.130098126
6.131057138
6.132979744
6.133940274
6.13490098
6.135868221
6.13684128
6.13781539
6.138788713
6.139752342
6.140709816
6.141668957
6.142635624
6.143607962
6.144591572
6.145584007
6.146593901
6.147614848
6.148634824
6.149649998
6.150660452
6.151667899
6.152667715
6.153669573
6.154678754
6.156706477
6.157720023
6.158731
6.159742022
6.160754551
6.161766029
6.162771015
6.163783403
6.164800215
6.165824706
6.166854918
6.167891126
6.16892772
6.169963084
6.17099321
6.173047483
6.174082514
6.175121369
6.176164967
6.177203516
6.178236017
6.17927061
6.180308905
6.181347725
6.182389133
6.183430867
6.185519433
6.186569875
6.187620299
6.188677474
6.18974859
6.190832946
6.191922516
6.193008523
6.194091009
6.195172369
6.197344737
6.198432344
6.199518795
6.200605146
6.201689519
6.202775777
6.203864768
6.204953537
6.206047338
6.208255878
6.209368316
6.210482487
6.211598693
6.212719441
6.213845788
6.214975926
6.21721582
6.218332887
6.219450396
6.220566479
6.221679182
6.222792097
6.223906099
6.225022874
6.22727198
6.228400319
6.229520792
6.230637492
6.231759146
6.232887873
6.23515013
6.236288238
6.237430059
6.23857667
6.23972521
6.240869755
6.242009168
6.244272278
6.245402899
6.246532143
6.247659268
6.248794196
6.249936304
6.252222423
6.253361729
6.254502627
6.255653284
6.256809825
6.259121745
6.260281343
6.261440141
6.262601514
6.263763414
6.266069562
6.267216741
6.268367511
6.269523253
6.270686343
6.271855135
6.274198752
6.275374463
6.276553255
6.277731927
6.278912356
6.28128668
6.282481763
6.2836805
6.284876426
6.287270784
6.288467052
6.289658187
6.290846606
6.292041416
6.294454861
6.295663794
6.296872286
6.29808128
6.300511554
6.301729552
6.302950529
6.304169256
6.305383606
6.307812169
6.309026833
6.310241189
6.311458648
6.313896285
6.315114704
6.316331037
6.317549486
6.319993625
6.321217461
6.322443908
6.323674071
6.326140977
6.327369379
6.328596194
6.329819706
6.332264617
6.333488166
6.33470994
6.33593205
6.33840055
6.339638926
6.34087236
6.343334281
6.344569604
6.345806275
6.34704555
6.349533172
6.350784999
6.3520391
6.354539005
6.355782902
6.357025575
6.358269203
6.360761778
6.362008459
6.36325598
6.365750068
6.366989945
6.368224693
6.370701192
6.371947254
6.373193834
6.374439571
6.376928872
6.378172756
6.379413487
6.381898929
6.383145428
6.384396122
6.386909747
6.388171407
6.38943833
6.391974133
6.393240451
6.394505567
6.397027286
6.398285983
6.399543368
6.402042771
6.40329148
6.404541858
6.407044469
6.408292713
6.409541295
6.412045468
6.413298114
6.414551133
6.417065075
6.418329344
6.419593836
6.422112773
6.423372485
6.424635428
6.427158079
6.428418328
6.43094632
6.432210134
6.433476266
6.436006894
6.437270721
6.438539106
6.441075811
6.442349166
6.44490818
6.446187835
6.447466084
6.450023753
6.451302452
6.453861537
6.455144941
6.456427545
6.458998809
6.460284056
6.46156726
6.464131417
6.465417671
6.467998226
6.46929284
6.471886127
6.473179777
6.474470333
6.477049645
6.478343129
6.480940459
6.482241389
6.483544801
6.486158942
6.487470778
6.49008942
6.491400425
6.494025386
6.495342292
6.496661593
6.499301011
6.50061641
6.503235242
6.504544788
6.507174245
6.508490525
6.511120649
6.512438324
6.51375957
6.516392506
6.517709586
6.520350549
6.52167144
6.524317895
6.52564313
6.528282357
6.529596804
6.53222694
6.53354402
6.536189268
6.537517541
6.538848063
6.541514729
6.542847039
6.545518973
6.546857465
6.549537662
6.550876999
6.553552831
6.554892155
6.557569666
6.558902104
6.561570156
6.562903074
6.565569786
6.566902852
6.569569748
6.570903657
6.573574097
6.574910073
6.577584414
6.578918765
6.58158721
6.582925229
6.585602346
6.586941077
6.589616014
6.592294718
6.593635129
6.596316845
6.597657881
6.600327255
6.601654804
6.60430511
6.605631576
6.608282127
6.609606604
6.612256978
6.613576952
6.616216562
6.618872535
6.620202182
6.622860458
6.624188114
6.626838904
6.628161667
6.630808805
6.633462804
6.634793384
6.637458485
6.638791555
6.641457223
6.642788437
6.645452287
6.648116971
6.649451137
6.652117689
6.653450874
6.656114609
6.658767267
6.660093497
6.662751342
6.664079476
6.666733321
6.669390266
6.670713427
6.673357503
6.674681937
6.677332117
6.679979363
6.681300672
6.683937015
6.685251158
6.687883292
6.690518731
6.691835252
6.694468125
6.697094396
6.698404991
6.70102317
6.702330869
6.704939216
6.707554625
6.708866366
6.711487968
6.714098587
6.715403669
6.718021706
6.720640869
6.721951269
6.724571616
6.727180356
6.728482159
6.731088493
6.733702498
6.735010308
6.737627407
6.740237269
6.741541202
6.744153738
6.746768764
6.748074381
6.75069124
6.753304624
6.754605524
6.757202107
6.759802325
6.762406654
6.763711006
6.766321986
6.768933454
6.770241272
6.772859498
6.775481897
6.778106483
6.779416722
6.782031586
6.784642351
6.785948007
6.788556551
6.79116372
6.79376914
6.795068809
6.79766375
6.800267353
6.802871045
6.804171919
6.80677472
6.809373228
6.810671901
6.813270124
6.815867269
6.818462076
6.821059908
6.822358815
6.824950721
6.827543485
6.83013517
6.831431465
6.834027649
6.83661582
6.839189761
6.84047728
6.843052211
6.845623799
6.848186428
6.850738422
6.852013023
6.854565674
6.857120872
6.859677699
6.862237548
6.863516809
6.866074443
6.868633471
6.871188081
6.873740265
6.875013299
6.877549134
6.880079144
6.882610195
6.885143155
6.886408113
6.888939632
6.891470223
6.89400282
6.896533843
6.899057638
6.900319095
6.902831676
6.905338844
6.907849783
6.910364191
6.912880723
6.915401495
6.916659538
6.919173412
6.921688815
6.924192115
6.926695163
6.929198773
6.931701614
6.934207879
6.935461448
6.937970407
6.940484893
6.942994524
6.94549882
6.948003756
6.950503204
6.952999737
6.954248841
6.956745482
6.959239364
6.961739208
6.96424531
6.966752929
6.969256204
6.971754116
6.97424882
6.976744935
6.979239695
6.981733756
6.982979607
6.985470097
6.987963318
6.99045874
6.992954861
6.9954473
6.997934096
7.000418373
7.002901215
7.005387698
7.007874827
7.010354997
7.012835732
7.015319527
7.017802875
7.020284273
7.022756799
7.025224227
7.02769165
7.030156957
7.032615412
7.035068612
7.036293072
7.038743128
7.041189566
7.043629847
7.046065871
7.048494994
7.050918113
7.05333837
7.05575635
7.058177333
7.060597311
7.063008815
7.065415163
7.069012108
7.07141053
7.073804358
7.076198204
7.078591256
7.080982263
7.083370155
7.08575124
7.088121444
7.090490972
7.092861207
7.095232066
7.097601583
7.099967934
7.102335623
7.10470686
7.107080269
7.109450798
7.111812205
7.11417288
7.116537293
7.120085552
7.122446282
7.124800685
7.127154758
7.129506231
7.13185444
7.13419948
7.136537626
7.138874247
7.141217646
7.143561601
7.147076654
7.149419227
7.15176513
7.15411077
7.156450429
7.158791651
7.161130607
7.163466189
7.165799176
7.169297743
7.171632252
7.173960529
7.176284681
7.178605856
7.180922341
7.183238799
7.186703754
7.189012396
7.191323454
7.193632574
7.195939086
7.198239296
7.201687823
7.203986794
7.206289275
7.208594602
7.210893112
7.213189913
7.216632039
7.218925981
7.221216409
7.223500406
7.225781506
7.22920467
7.231484771
7.233759125
7.236025734
7.238290946
7.241680616
7.243933698
7.246183147
7.248427713
7.2506703
7.254034238
7.25627456
7.258509153
7.260740314
7.264083076
7.266307877
7.268530161
7.270746166
7.274068282
7.276283255
7.278497346
7.280707169
7.284010446
7.286210534
7.288411611
7.290611145
7.293909194
7.296109509
7.298312505
7.301618565
7.303822912
7.306022366
7.308220285
7.311519037
7.313722425
7.315923645
7.319218021
7.321410575
7.323600292
7.326879391
7.329057272
7.331232613
7.33449651
7.336675185
7.338855019
7.342122072
7.344300536
7.346476552
7.349740116
7.351913012
7.354085723
7.35734765
7.359523431
7.361691562
7.36493326
7.367092419
7.369251112
7.372489961
7.374646831
7.376805409
7.380041263
7.382202482
7.385437417
7.387586296
7.389730812
7.39294174
7.395081805
7.398288759
7.400427896
7.402564924
7.40576698
7.407895616
7.411081514
7.413204825
7.416395713
7.41852093
7.420644333
7.42382667
7.42595038
7.429132575
7.431247894
7.434421094
7.436539134
7.438656872
7.441833022
7.443947931
7.447122632
7.449238488
7.452411599
7.454523863
7.457690331
7.45979731
7.462956496
7.465058718
7.468209977
7.470312094
7.473463858
7.47556037
7.478703184
7.480798909
7.483939901
7.486030439
7.489164303
7.491252678
7.494384494
7.496470337
7.499596595
7.501681896
7.504811884
7.506896375
7.510011569
7.512086762
7.515201226
7.518318896
7.520397306
7.523516037
7.525594214
7.528710389
7.530781947
7.533890727
7.537003188
7.539078415
7.542184386
7.544253841
7.547357782
7.549427675
7.552525784
7.555620669
7.557686502
7.560784814
7.562845089
7.565929914
7.569012371
7.571065935
7.574139322
7.577208935
7.579254346
7.58232078
7.584359566
7.58741489
7.590468255
7.592500735
7.595545925
7.598592029
7.600622271
7.603666561
7.606702757
7.608725094
7.611761752
7.614802259
7.616825282
7.619855603
7.622879411
7.624892603
7.62790511
7.630913918
7.632919047
7.635926667
7.638929206
7.641932621
7.643933495
7.646932032
7.649927626
7.651923561
7.654920801
7.657914395
7.660904651
7.66289742
7.665882084
7.66886629
7.671846148
7.673831308
7.676807742
7.679778537
7.682745161
7.684721175
7.687683927
7.690643528
7.693597816
7.696546311
7.69850889
7.701448004
7.704380013
7.707308345
7.710236065
7.712184766
7.715104698
7.718020285
7.720931395
7.723841407
7.725780862
7.728690053
7.731593952
7.734492412
7.737387261
7.740276908
7.742198807
7.745078335
7.747954164
7.750831877
7.753704641
7.756571131
7.759433113
7.761338389
7.764195644
7.767051938
7.769907777
7.772756113
7.77559635
7.778434147
7.781271699
7.784100984
7.785986769
7.788816282
7.791641042
7.794460445
7.797280267
7.800097033
7.802909035
7.805720469
7.808527589
7.81132574
7.814117279
7.816907142
7.819695343
7.822478759
7.825256627
7.828027022
7.830791708
7.83263205
7.835392511
7.838153875
7.840911161
7.843661372
7.846411812
7.849164006
7.851915436
7.854667116
7.857418364
7.860172313
7.862925674
7.865677481
7.868428722
7.871176196
7.874840436
7.877584737
7.880322193
7.883059163
7.885798242
7.888537409
7.89127266
7.894006396
7.896742527
7.899474037
7.902205053
7.904936665
7.907666756
7.910392702
7.913117403
7.915840069
7.919463856
7.922182354
7.924900647
7.927614239
7.930321976
7.933026059
7.935729405
7.938427633
7.941123432
7.944712877
7.947400376
7.950087043
7.95277157
7.955457201
7.958141645
7.961717532
7.964395909
7.967069597
7.969742802
7.972413811
7.97508066
7.978625574
7.981281504
7.983935208
7.98658553
7.989234925
7.992767522
7.995411187
7.998054439
8.000697911
8.003337597
8.006850665
8.009482324
8.012111699
8.014739543
8.018241895
8.020865498
8.023489027
8.026114954
8.029617379
8.032237667
8.034855698
8.037472985
8.040957607
8.043571341
8.046183504
8.048791772
8.05226175
8.054863072
8.057466015
8.060932455
8.063531877
8.066129391
8.069590395
8.072186723
8.074783253
8.07824293
8.080836921
8.083428886
8.086879842
8.089466521
8.092054048
8.09549979
8.098078851
8.100657334
8.104096139
8.10667211
8.110101907
8.112671922
8.115238563
8.118661901
8.121228169
8.124645548
8.127207519
8.129766857
8.133176255
8.135732305
8.139136225
8.141687714
8.145087189
8.147635044
8.15017904
8.153570843
8.156115935
8.159504241
8.162043845
8.165428867
8.167964163
8.171338321
8.173866172
8.177232841
8.179757004
8.183121589
8.185641167
8.18899586
8.191511197
8.194858051
8.197362997
8.200699178
8.20319761
8.206526068
8.209019812
8.21233635
8.214821484
8.21813955
8.220626309
8.223936863
8.227244391
8.229721172
8.233023048
8.235495631
8.238789761
8.241259288
8.244551302
8.24783959
8.250305369
8.253589889
8.256048904
8.259322467
8.262591701
8.26503974
8.268302248
8.271563063
8.274004713
8.277256334
8.280506798
8.282943088
8.286191268
8.289433904
8.291862532
8.295103685
8.298341523
8.300769259
8.304005417
8.307237629
8.309658254
8.312882484
8.316101871
8.318515534
8.321732243
8.324945168
8.328157422
8.330566496
8.333771891
8.336974042
8.3401724
8.342569227
8.345763867
8.348955007
8.352143356
8.354533787
8.357716786
8.360896586
8.364074942
8.366455457
8.369627042
8.372798672
8.375968772
8.379134196
8.382295389
8.384663286
8.387818297
8.390969754
8.394118395
8.397266311
8.400410748
8.402767906
8.405907889
8.409043497
8.412175654
8.415302699
8.418424683
8.421544228
8.423881133
8.426995573
8.430107353
8.433213483
8.436317019
8.439416917
8.442511138
8.445603918
8.448693383
8.451780801
8.454866221
8.457946858
8.461026395
8.464107756
8.466417998
8.469497555
8.472573946
8.475648548
8.478723324
8.481798443
8.484874222
8.487949084
8.491023632
8.494099675
8.497173921
8.500246171
8.503315333
8.506380079
8.509445549
8.513275279
8.51633381
8.519385996
8.522435879
8.525484034
8.528531704
8.531575832
8.534618949
8.537658575
8.540696339
8.543732342
8.5467668
8.54980028
8.553588791
8.556614458
8.559635537
8.562651302
8.565664783
8.568677604
8.571684159
8.574687439
8.578437227
8.581435
8.584428975
8.587417816
8.59040571
8.593390794
8.597119724
8.600101251
8.603075479
8.60604863
8.609018657
8.612724931
8.615687066
8.61864366
8.62159838
8.625287611
8.628234175
8.631178295
8.634119505
8.63779221
8.640724831
8.643651548
8.646572368
8.650217979
8.653133045
8.65604194
8.658948785
8.66258048
8.665480512
8.668378221
8.671995715
8.674885979
8.67777391
8.681378488
8.684258649
8.687133483
8.690723317
8.693594515
8.697178198
8.700043061
8.702904248
8.706477074
8.709331742
8.712184709
8.715749253
8.718595716
8.72215134
8.724991448
8.727830255
8.731377564
8.734212097
8.737752921
8.74058168
8.744113551
8.746933655
8.750453139
8.753265922
8.756776922
8.75958327
8.763085335
8.765883916
8.769377537
8.772167873
8.77565078
8.778431198
8.781902082
8.784676099
8.788142196
8.790911554
8.794367957
8.797126744
8.800570841
8.803323056
8.80675787
8.810188085
8.81292912
8.816350814
8.819085917
8.822499182
8.825906706
8.828630323
8.832031741
8.834747797
8.83814179
8.841531935
8.844241367
8.847626228
8.851002599
8.853702122
8.857073794
8.860443626
8.863134562
8.86649486
8.869851275
8.87253393
8.875882776
8.879226826
8.882566656
8.885234444
8.888568618
8.891896629
8.894555293
8.897871937
8.901183994
8.904492152
8.907792948
8.910433228
8.913729582
8.917022291
8.920309839
8.922937342
8.926216227
8.929490171
8.932759187
8.936025164
8.939287253
8.941893608
8.945143895
8.948390457
8.951634976
8.954877712
8.958116476
8.961348596
8.96393162
8.9671542
8.970370413
8.973580868
8.976785854
8.97998491
8.983174722
8.986359704
8.989541986
8.99272161
8.995894899
8.999067622
9.002238285
9.005407778
9.007939424
9.011098738
9.014252539
9.017399499
9.020542866
9.023682356
9.026818337
9.030577111
9.033704641
9.036828824
9.039949027
9.043062771
9.046172279
9.049273806
9.052370819
9.055462647
9.058551896
9.061637535
9.064717038
9.067787786
9.070851122
9.073906928
9.077565451
9.080607133
9.083645057
9.086678716
9.089706916
9.092730343
9.095750908
9.099371586
9.102381615
9.105386215
9.108386245
9.111384087
9.114976203
9.117965944
9.120951927
9.123935653
9.126913789
9.130483847
9.133455325
9.136423391
9.139386016
9.142936093
9.145891294
9.148841991
9.15237385
9.155314642
9.15825179
9.161185584
9.164699679
9.167624869
9.170546804
9.174048096
9.176962145
9.179873306
9.18336224
9.18626515
9.189162833
9.192636347
9.195527513
9.19899248
9.201874644
9.20475209
9.208198482
9.211063095
9.214495266
9.217352342
9.220774379
9.223623005
9.226468479
9.229876132
9.232708001
9.236099013
9.238919037
9.242295566
9.245103264
9.248466206
9.251264329
9.254615829
9.257404879
9.26074644
9.263528276
9.266857463
9.270180151
9.272943462
9.27625539
9.279012457
9.282317768
9.285065031
9.288352972
9.291632715
9.294361004
9.297629072
9.300889573
9.30360219
9.306851266
9.30955545
9.312793737
9.316025993
9.319250782
9.321933274
9.325150028
9.3283635
9.331037784
9.334241973
9.337441625
9.340103553
9.343292744
9.346475197
9.349652317
9.352295582
9.355462146
9.35862143
9.361775445
9.364923387
9.367542286
9.370678262
9.37380864
9.376933139
9.380049182
9.38264074
9.385746248
9.388845381
9.391939591
9.395028186
9.398110256
9.401189595
9.403751716
9.40682095
9.409883212
9.412937039
9.415985166
9.419029117
9.422068346
9.425101002
9.428126226
9.4311456
9.434155966
9.437160127
9.440156233
9.443145396
9.446127549
9.449103039
9.45207188
9.455031134
9.457982194
9.460924514
9.463859348
9.466787019
9.469707872
9.472623716
9.475533587
9.478436531
9.481331524
9.484219666
9.487100772
9.490452362
9.493315587
9.49617298
9.499025019
9.501869502
9.504706422
9.507537971
9.510833697
9.513650508
9.516460183
9.519264017
9.522060707
9.525314379
9.528095478
9.530869572
9.533638923
9.536861414
9.539616969
9.542366061
9.545106249
9.54829344
9.551019529
9.553737691
9.556899672
9.559604372
9.562303887
9.56544536
9.568128966
9.570806114
9.573921697
9.576586697
9.579245438
9.582337337
9.584979135
9.587614321
9.590680048
9.59330107
9.596350935
9.598961028
9.601998919
9.604597145
9.607190571
9.610209345
9.612792034
9.615797258
9.618366378
9.621354894
9.623908173
9.626877077
9.629417562
9.632375618
9.634904
9.637846461
9.640781386
9.643291725
9.646213265
9.648711968
9.651618069
9.654515506
9.656990875
9.65986834
9.662326627
9.665186586
9.66803734
9.670474471
9.673310859
9.67613753
9.678554792
9.681369125
9.684175612
9.686574986
9.689364834
9.69214617
9.694919185
9.697287348
9.700042656
9.7027893
9.705528135
9.707869903
9.71059445
9.713310178
9.716017359
9.718715084
9.721021931
9.723706392
9.726382431
9.729051624
9.731713875
9.734369285
9.737017041
9.739279444
9.741909823
9.744530914
9.747144119
9.749748417
9.752344183
9.754932546
9.757513978
9.760089106
9.762656376
9.765215815
9.767766464
9.770309235
9.772846514
9.775378619
9.777904782
9.780423135
9.782936219
9.785443044
9.787942057
9.790435022
9.792921645
9.79540202
9.797873876
9.800337479
9.803145799
9.805596018
9.808037502
9.810470608
9.812898723
9.815321036
9.818080992
9.820488428
9.82288949
9.825285118
9.827674574
9.830396779
9.832771269
9.835140416
9.837503772
9.83986167
9.842550009
9.844896096
9.847235837
9.849900548
9.85222472
9.854542381
9.857185476
9.85949242
9.86179197
9.864410914
9.866696568
9.868975194
9.871570551
9.873834345
9.876415132
9.878667991
9.880914632
9.883475049
9.885708404
9.888253933
9.8904757
9.893008306
9.89521821
9.897738082
9.899936806
9.902443032
9.904630716
9.90712374
9.909299826
9.911779264
9.913942138
9.916407796
9.918558413
9.921009294
9.923453413
9.925586071
9.928017668
9.930443819
9.932561802
9.934975939
9.937082709
9.939484474
9.941878989
9.944267453
9.946352014
9.948727846
9.951097344
9.953163927
9.955519038
9.957867161
9.960207444
9.962249249
9.964578152
9.966900455
9.969216196
9.971524093
9.973537689
9.975833353
9.978122494
9.980405443
9.982682106
9.984951949
9.987215013
9.989471552
9.991438839
9.993680026
9.995912868
9.998139477
10.00035974
10.00257403
10.00478081
10.0069804
10.00917416
10.01136082
10.01354031
10.01571392
10.0178799
10.02003932
10.02219181
10.024339
10.02648081
10.02861788
10.03101724
10.03314432
10.03526531
10.03738
10.0394881
10.0415913
10.04369018
10.04604201
10.04812497
10.05020115
10.0522716
10.05433692
10.05665415
10.05870837
10.06075739
10.06280163
10.06509359
10.06712542
10.06915208
10.07117347
10.07344269
10.075454
10.07746036
10.07971098
10.08170493
10.08394177
10.08592446
10.08790143
10.0901192
10.09208639
10.09429464
10.09625267
10.09820628
10.10039785
10.10234194
10.10452211
10.10645484
10.10862407
10.11054847
10.11270989
10.11462603
10.11677799
10.11868692
10.12082792
10.12296465
10.1248595
10.12698507
10.12887108
10.13098953
10.13310414
10.1349802
10.13708529
10.13918552
10.14104838
10.14313998
10.14522696
10.14707631
10.14915339
10.15122654
10.15329427
10.15512856
10.15718749
10.15924017
10.16128717
10.16332877
10.16514014
10.16717193
10.16919801
10.17121939
10.17323731
10.17525114
10.1772609
10.17926576
10.1810453
10.18304608
10.18504228
10.18703253
10.18901936
10.19100257
10.19298255
10.19495874
10.19693113
10.19889965
10.20086314
10.20282146
10.2047753
10.20672503
10.20888625
10.21082746
10.21276565
10.21470124
10.21663236
10.21855997
10.22048489
10.22240594
10.2245361
10.22644815
10.22835554
10.23025923
10.23215816
10.23426218
10.23615227
10.23803583
10.23991358
10.24199441
10.24386223
10.24572621
10.2477916
10.24964499
10.2514931
10.25354256
10.25538312
10.25721922
10.25925557
10.26108489
10.26311163
10.26493114
10.26694743
10.26875843
10.27076426
10.27256398
10.27435955
10.27634951
10.27833424
10.28011705
10.28209244
10.28386545
10.28583066
10.28759454
10.28955072
10.29150194
10.29325331
10.29519389
10.29693677
10.29887021
10.30079887
10.30253103
10.30445082
10.30636444
10.30827062
10.30998266
10.31187948
10.31376993
10.31565574
10.31734778
10.31922296
10.32109302
10.32295827
10.32481858
10.32667452
10.3283411
10.33018634
10.33202548
10.33385935
10.33568719
10.3375064
10.3393197
10.34112791
10.34293104
10.34472995
10.34652366
10.34831236
10.35009646
10.35187585
10.3536492
10.35541842
10.35718203
10.3589413
10.36069478
10.36244414
10.36418911
10.36610323
10.36783791
10.36956742
10.37129271
10.37301303
10.37490066
10.37661293
10.37832157
10.38002609
10.38189513
10.3835886
10.38527663
10.38696027
10.38880854
10.39048305
10.39215238
10.39398359
10.39564386
10.39746443
10.39911386
10.40075838
10.40256168
10.40419378
10.40598254
10.40760334
10.40937976
10.41098973
10.41275634
10.41435857
10.41611559
10.41770811
10.41945533
10.42103823
10.42277298
10.42450023
10.42606656
10.42778388
10.42934
10.43104648
10.43274718
10.43444187
10.43597731
10.43766235
10.43934258
10.44086511
10.44253447
10.44419886
10.4458592
10.44751503
10.44901631
10.45066448
10.45230772
10.45394516
10.45557744
10.45720471
10.4588262
10.46044264
10.46190817
10.46351614
10.46511893
10.46671722
10.46831232
10.46990226
10.47148701
10.47306796
10.47464358
10.47621533
10.47792565
10.47948896
10.48104635
10.48259949
10.48414907
10.4856948
10.48723487
10.48891004
10.49044219
10.4919699
10.493493
10.49501141
10.49666341
10.49817413
10.49968074
10.50131852
10.50281475
10.50430661
10.50593099
10.50741657
10.50889769
10.51050768
10.511979
10.51344697
10.51504428
10.5165056
10.51809517
10.51954922
10.52113301
10.52258103
10.52415752
10.52559981
10.52716991
10.5286073
10.53017138
10.53173109
10.53315726
10.53470738
10.53625445
10.53766905
10.53920814
10.54074334
10.5421478
10.54367688
10.54520318
10.5467253
10.54811752
10.5496328
10.55114458
10.55265329
10.55415925
10.55553679
10.55703602
10.55853085
10.56002209
10.561511
10.56299827
10.56448299
10.56596525
10.56744506
10.56892106
10.57039386
10.57186299
10.57332975
10.57479375
10.57625522
10.57771344
10.57916931
10.58062123
10.58207049
10.58363736
10.58507972
10.58651866
10.58795445
10.58938747
10.59081859
10.59236768
10.59379507
10.59521946
10.59676082
10.59818101
10.59959889
10.6011318
10.60254555
10.60395789
10.60548495
10.60689189
10.60841428
10.60981682
10.61121682
10.61273069
10.6141281
10.61564115
10.61703618
10.61854487
10.61993496
10.62143837
10.62294069
10.62432624
10.62582538
10.62732125
10.62870085
10.63019381
10.63168436
10.63305887
10.63454612
10.63603091
10.63739925
10.63887982
10.64035824
10.64183475
10.64330948
10.64466865
10.64613782
10.64760433
10.64906776
10.65052925
10.65199006
10.6534487
10.65490485
10.65635803
10.6578097
10.65925833
10.66070501
10.66215095
10.66359451
10.66503586
10.66647604
10.66791404
10.6693496
10.67089309
10.67232427
10.67375439
10.67518205
10.67660796
10.67814145
10.67956447
10.68098544
10.6824042
10.68392852
10.68534133
10.68675171
10.68826733
10.68967133
10.69107265
10.69258025
10.6939777
10.69547952
10.69687134
10.69836848
10.69975609
10.7012484
10.70263184
10.70411811
10.70549567
10.70697633
10.70845451
10.70982523
10.71129952
10.71266624
10.71413595
10.71560266
10.71706557
10.71842027
10.71987646
10.72132893
10.72277851
10.72412271
10.72556745
10.72701022
10.7284503
10.72988802
10.73132263
10.73275334
10.73418058
10.73550325
10.73692476
10.73834224
10.73975638
10.74116672
10.74267384
10.74407778
10.74547886
10.74687774
10.74827342
10.74966637
10.75105567
10.75244221
10.7539254
10.75530769
10.75668743
10.75806452
10.75943935
10.76090982
10.76227819
10.76364323
10.76510191
10.76646004
10.76781485
10.76926174
10.77060931
10.77204946
10.77339018
10.77482395
10.77615991
10.77758773
10.77891758
10.78033709
10.78165704
10.78306794
10.78447424
10.78578307
10.78718248
10.78848379
10.78987433
10.79126104
10.79264245
10.79392789
10.79530323
10.79667545
10.79804286
10.79931515
10.80067553
10.80203134
10.80338231
10.80472947
10.80607264
10.80741159
10.80874834
10.81008113
10.81140989
10.81273513
10.81405573
10.81537257
10.81668533
10.81799442
10.81930128
10.82060539
10.82190677
10.82329113
10.82458552
10.82587683
10.82716445
10.82853447
10.82981581
10.8310939
10.83236768
10.83372386
10.83499173
10.83633899
10.83759789
10.83885425
10.84019214
10.84144362
10.84277582
10.84402247
10.84534955
10.84658974
10.84790817
10.84914246
10.85045545
10.8517658
10.85299172
10.8542946
10.85559299
10.8568073
10.85809878
10.85938535
10.86066961
10.86187101
10.86314842
10.86442223
10.86569092
10.86695476
10.86821292
10.86946682
10.8707166
10.87188514
10.8731274
10.87436574
10.8755996
10.87690623
10.87813093
10.87935087
10.88056711
10.88177931
10.88298866
10.88419617
10.88540102
10.88667866
10.88787798
10.88907319
10.8902655
10.89152963
10.89271685
10.89390078
10.89515652
10.89633631
10.89751348
10.89876196
10.89993391
10.90117512
10.90234052
10.90357696
10.90473814
10.90596934
10.90712527
10.90834999
10.90957133
10.91071776
10.91193303
10.91314431
10.9142812
10.91548568
10.9166862
10.91788314
10.91900682
10.92019732
10.92138495
10.92256848
10.92374645
10.92492111
10.92609354
10.92726299
10.92843026
10.92959615
10.93075927
10.93191947
10.93307723
10.93423232
10.93538503
10.9365347
10.93768082
10.93882313
10.94002901
10.94116517
10.94229942
10.94343091
10.94462482
10.94575
10.94687179
10.94805601
10.94917044
10.95028338
10.95146072
10.95257096
10.95374331
10.95484721
10.95601362
10.95711194
10.95827212
10.95943019
10.96052203
10.96167596
10.96276264
10.96391064
10.96505644
10.96619896
10.96727544
10.9684131
10.96954874
10.97068396
10.9718169
10.97288361
10.97401223
10.97514091
10.97626791
10.97739418
10.97851926
10.97964247
10.98076532
10.98188688
10.98300791
10.98412799
10.9853099
10.98642832
10.98754447
10.9886599
10.98977399
10.9909487
10.99206047
10.9931709
10.99433956
10.9954445
10.99654677
10.99770865
10.99880801
10.99990588
11.00106216
11.00215624
11.00330991
11.00446279
11.00555253
11.00670108
11.00778804
11.00893424
11.01007879
11.01116222
11.01230449
11.01344439
11.01452217
11.0156572
11.01679006
11.01792158
11.0190525
11.02018154
11.02130681
11.02243085
11.02349467
11.02461501
11.02573218
11.0269054
11.02801717
11.029126
11.03023382
11.0313397
11.03244353
11.03354495
11.0346448
11.03579991
11.03689529
11.03798825
11.03913521
11.04022243
11.04130732
11.0424474
11.0435282
11.04466489
11.04574388
11.04687877
11.04795573
11.04908687
11.05015832
11.05128383
11.05235016
11.05347023
11.05458729
11.05564612
11.05675781
11.05786683
11.05897402
11.06002344
11.06112501
11.06222456
11.06332098
11.06441481
11.06550675
11.06659662
11.06768402
11.06876884
11.06985144
11.07093203
11.0720104
11.07308665
11.07416098
11.07523232
11.07635436
11.07741957
11.07848204
11.07954166
11.08065069
11.08170385
11.08275358
11.08385337
11.08489801
11.08599172
11.08703049
11.08811695
11.0891482
11.09022932
11.09125571
11.09232913
11.09334563
11.09440782
11.09546609
11.09652065
11.09752186
11.09856966
11.09961361
11.10065372
11.10168959
11.10267343
11.10370381
11.10473017
11.10575354
11.10677405
11.10779041
11.10880312
11.10981181
11.11081796
11.11186902
11.11286974
11.11386785
11.11486391
11.11585726
11.11689579
11.11788474
11.1188703
11.11989894
11.12087831
11.12185565
11.1228762
11.12384807
11.12486306
11.12582895
11.12683863
11.12779898
11.12880132
11.12980129
11.13075335
11.13174722
11.13273763
11.13368005
11.13466474
11.1356465
11.13662641
11.13760428
11.13858047
11.13951018
11.14048202
11.14145254
11.14242192
11.14338974
11.14435747
11.14536843
11.14633378
11.14729762
11.14826014
11.14922125
11.15018088
11.15118332
11.15214143
11.15309843
11.15409704
11.15505163
11.15600614
11.15700237
11.157953
11.15894608
11.15989367
11.16088171
11.16186852
11.16281061
11.16379244
11.16477187
11.1657065
11.16668209
11.16765523
11.1686257
11.16955167
11.17051686
11.17147868
11.17243888
11.17339719
11.17435355
11.17530715
11.17625844
11.17720796
11.17815487
11.1790998
11.18008236
11.18102158
11.18195809
11.18289133
11.18386082
11.18478778
11.18571301
11.18667559
11.1875952
11.18851174
11.18946506
11.19037611
11.19132474
11.19223144
11.19317398
11.19411414
11.19501156
11.1959445
11.19687412
11.19780202
11.1986891
11.19961195
11.20053239
11.20145065
11.20236646
11.20327909
11.20418979
11.20509797
11.2060038
11.20690638
11.20780619
11.20870232
11.20959561
11.21048647
11.2114122
11.21229825
11.21318164
11.2140632
11.21497891
11.21585579
11.21676566
11.21763602
11.21853858
11.21940129
11.22029746
11.22115534
11.22204646
11.22289944
11.22378556
11.22466836
11.2255488
11.22639061
11.22726384
11.22813394
11.22900032
11.22986379
11.23072477
11.23158133
11.23243259
11.23328001
11.23412436
11.2349644
11.23580015
11.23663154
11.23745896
11.2383151
11.23913545
11.23995195
11.24079758
11.24160645
11.2424128
11.24324681
11.24404523
11.24487245
11.24566429
11.24648387
11.24726733
11.24807845
11.24888708
11.24966072
11.25046225
11.25126011
11.25205435
11.25284421
11.25359861
11.25437866
11.25515477
11.25592623
11.2566937
11.25745735
11.25821623
11.25899873
11.25974768
11.26049221
11.26123307
11.26197
11.26273061
11.26345764
11.26417908
11.26492315
11.26563583
11.26637148
11.267076
11.26780224
11.26849855
11.26921858
11.26990956
11.27062352
11.2713329
11.27203813
11.27271429
11.27341298
11.27410729
11.27479721
11.27548376
11.27616654
11.27684522
11.27752
11.27819056
11.27885782
11.2795204
11.28017866
11.28083203
11.28150486
11.28214802
11.28278644
11.28344251
11.28407023
11.28469378
11.28533598
11.28595038
11.28658327
11.28718888
11.28781118
11.28842747
11.28901493
11.28961869
11.29021724
11.29080858
11.2913724
11.29195245
11.2925267
11.29309571
11.29366072
11.29422058
11.29477426
11.29532266
11.29586576
11.29640349
11.29695464
11.2974815
11.29800284
11.29851901
11.29904787
11.29955294
11.30005131
11.30056202
11.30105016
11.30155041
11.3020283
11.30251839
11.30300319
11.30346574
11.3039389
11.30440613
11.3048686
11.30530931
11.3057606
11.30620737
11.30664917
11.30708582
11.30751719
11.30794356
11.3083658
11.30878384
11.30921139
11.30962005
11.31002416
11.31042301
11.3108314
11.31122246
11.31160925
11.31200558
11.312385
11.31277341
11.31314494
11.31352672
11.31390573
11.3142684
11.31463971
11.31500848
11.31537369
11.31572376
11.31608271
11.31643811
11.31678902
11.31713689
11.31748207
11.31782484
11.31816507
11.31850218
11.3188485
11.31918031
11.31950891
11.31983484
11.32016862
11.32048894
11.32081708
11.3211317
11.32145398
11.3217638
11.32208202
11.32238884
11.32270347
11.32301652
11.32331953
11.32363218
11.32394353
11.32425248
11.3245596
11.3248658
11.3251704
11.32547388
11.32577661
11.32607883
11.32637963
11.32667861
11.32698549
11.32728174
11.32757739
11.32788165
11.3281761
11.32846998
11.32877163
11.32906139
11.3293572
11.32965152
11.32993489
11.33022616
11.3305167
11.3307973
11.33108497
11.33137095
11.33165541
11.33193765
11.33221824
11.33249805
11.33277687
11.33305557
11.33333321
11.3336163
11.33388982
11.33416208
11.33443194
11.3347082
11.33497509
11.33524684
11.33550836
11.33577655
11.33603395
11.33629619
11.3365558
11.33680355
11.33705642
11.33730705
11.33755346
11.33779658
11.33802979
11.33826707
11.33849997
11.33872959
11.33896221
11.33918432
11.33940383
11.33961912
11.33983036
11.34004381
11.34024677
11.34045167
11.34064562
11.34083521
11.34102658
11.34121391
11.34139102
11.3415683
11.34174054
11.34190448
11.34206942
11.34222826
11.34238123
11.342529
11.34267076
11.34280709
11.34293775
11.34306237
11.34318122
11.34329471
11.34340676
11.34350997
11.3436073
11.34370146
11.34378644
11.34386856
11.34394139
11.3440109
11.3440708
11.34412627
11.3441751
11.34421645
11.34425258
11.34428049
11.34429983
11.34431145
11.34431684
11.34431472
11.34430657
11.34429226
11.34427093
11.34424057
11.34420374
11.34415941
11.34410748
11.34404596
11.34397653
11.3438967
11.34381103
11.343716
11.34361289
11.34350331
11.34338324
11.34325403
11.34311582
11.34297243
11.34281663
11.34265308
11.342482
11.34230149
11.34210708
11.34190893
11.34170391
11.3414913
11.34127041
11.34103651
11.34080034
11.34054822
11.34029493
11.34002569
11.33975549
11.33947089
11.33917769
11.33888509
11.33857786
11.33826404
11.33794263
11.33761492
11.33728005
11.33693766
11.33658847
11.33623165
11.33586894
11.33549873
11.335111
11.33472653
11.33433556
11.3339279
11.33352304
11.33309984
11.3326813
11.3322444
11.33181203
11.33136087
11.33090261
11.33043815
11.329967
11.32950266
11.32902028
11.32853239
11.32802621
11.32752668
11.32702136
11.32650892
11.32599069
11.32545321
11.32492417
11.32438762
11.32382794
11.32327539
11.32270103
11.32211989
11.32154757
11.32095506
11.32035729
11.31977002
11.31916129
11.31854906
11.31793085
11.31730555
11.3166717
11.31603268
11.31537031
11.31471767
11.31405796
11.31337417
11.31270003
11.31201818
11.31131466
11.31062533
11.30991399
11.30919926
11.30849901
11.30777587
11.30704843
11.30631653
11.30557915
11.3048371
11.30408943
11.30333622
11.30257797
11.30181458
11.30104708
11.30027526
11.29948107
11.29870296
11.29790296
11.29711901
11.29631286
11.29552305
11.29470952
11.29389332
11.29309344
11.29227013
11.29144328
11.2906132
11.28978054
11.28894658
11.28810956
11.28726885
11.28642602
11.28556241
11.2847184
11.28387219
11.28300252
11.28214965
11.28127208
11.28041391
11.27953287
11.27865116
11.27778856
11.27690235
11.27601483
11.27512774
11.2742388
11.27334835
11.27245777
11.27156708
11.27067523
11.2697828
11.26886881
11.26797544
11.26708125
11.26616635
11.26527287
11.26435756
11.2634437
11.26255155
11.26163831
11.26072504
11.25981214
11.25889706
11.25798219
11.25706866
11.25615846
11.25525132
11.25434657
11.25344268
11.25252014
11.25162206
11.25072927
11.24981912
11.24893077
11.24802341
11.24711756
11.24623489
11.24533511
11.24443813
11.24354267
11.24264892
11.24175805
11.24086967
11.23998264
11.23909727
11.23821328
11.23733034
11.23642895
11.23554868
11.23465179
11.23377588
11.23288059
11.23200651
11.23111558
11.23022611
11.22933805
11.22845021
11.22758322
11.22669596
11.22578839
11.22490262
11.22401745
11.22313235
11.22224964
11.22134927
11.22047007
11.21957168
11.21869372
11.21779825
11.2169229
11.21602959
11.21513953
11.21425213
11.21338615
11.21250411
11.2116254
11.2107306
11.20985675
11.20898597
11.20811865
11.20725591
11.2063781
11.20552254
11.20465129
11.2038019
11.2029376
11.2020769
11.2012374
11.20038304
11.19953074
11.19867997
11.1978314
11.19698385
11.19613853
11.19529643
11.19445715
11.19360145
11.19276561
11.19191447
11.19108237
11.19023358
11.18940408
11.18855758
11.18771158
11.18688485
11.18604292
11.18520265
11.1843634
11.18352433
11.18268715
11.18183448
11.18100093
11.18016845
11.17933716
11.17848972
11.17766009
11.17681329
11.17596643
11.17513788
11.17429316
11.17344934
11.17260617
11.17176439
11.17092329
11.17008262
11.16924223
11.16840107
11.16755941
11.16669995
11.16585748
11.16499896
11.16415863
11.16330205
11.16246395
11.16161009
11.16075785
11.15990793
11.15906164
11.15821806
11.15737665
11.156538
11.15570263
11.15487056
11.15402502
11.15320035
11.15237829
11.15154244
11.1507101
11.14989732
11.14907101
11.14824669
11.14742498
11.14662126
11.14580314
11.14497072
11.14415661
11.14334632
11.14253854
11.14173343
11.14091355
11.14011115
11.13929632
11.13850072
11.13769285
11.13689019
11.13609526
11.13532252
11.13454353
11.1337725
11.13300918
11.13223817
11.13148921
11.13074692
11.13001167
11.12926999
11.12855055
11.12782617
11.12710988
11.12641465
11.12571484
11.125023
11.12433837
11.12366169
11.12299338
11.12233298
11.12168019
11.12103447
11.12038449
11.11975535
11.11913521
11.11851187
11.11789705
11.11730289
11.11670694
11.11611954
11.1155407
11.11497066
11.1144085
11.11385411
11.11330794
11.1127713
11.11223373
11.11171418
11.11120198
11.11068693
11.11017865
11.10968668
11.10919426
11.10870979
11.10823344
11.10776478
11.10730302
11.10684821
11.10640178
11.10596406
11.10552758
11.10510851
11.10469839
11.10429012
11.1038897
11.10350316
11.1031181
11.10274051
11.10236921
11.102004
11.10164537
11.10129278
11.10094471
11.10060172
11.10025791
11.09992463
11.09958973
11.09926402
11.09893705
11.09861406
11.09829951
11.09798238
11.09766984
11.09736126
11.09705517
11.09674813
11.09644995
11.09615578
11.09586127
11.09557751
11.0952923
11.09501597
11.09474069
11.09447069
11.09420648
11.0939478
11.09369275
11.0934411
11.09319607
11.0929569
11.09272217
11.09248776
11.09226217
11.09203752
11.09182285
11.09161111
11.09140788
11.09120988
11.09101556
11.09082583
11.09063995
11.09045831
11.09028301
11.09010689
11.08993499
11.08976607
11.08959728
11.08943118
11.08927093
11.08911067
11.08895217
11.08879514
11.0886403
11.08848791
11.08833725
11.08818476
11.08803566
11.08788604
11.08773435
11.08758491
11.08743289
11.08727954
11.08712523
11.08697046
11.08681473
11.08665943
11.08650391
11.08634616
11.08618874
11.08602785
11.0858659
11.08569798
11.08552892
11.08535257
11.08517419
11.08499185
11.08480686
11.08462038
11.08443177
11.08424331
11.08405575
11.08386605
11.0836774
11.08348398
11.08329047
11.08309327
11.08289804
11.08270144
11.08250359
11.08230605
11.08210458
11.08190062
11.08169423
11.08148407
11.08127631
11.0810644
11.08085362
11.0806376
11.08042418
11.08021131
11.07999964
11.07978931
11.07958104
11.0793758
11.07917294
11.07896627
11.07876192
11.07855766
11.07836087
11.07816454
11.07797393
11.07778349
11.07759635
11.07740992
11.07722653
11.07704449
11.0768643
11.07668814
11.07652399
11.07636647
11.0762176
11.07607821
11.07594993
11.07583179
11.07572786
11.07563863
11.07556374
11.07550213
11.07545762
11.07542674
11.07541271
11.0754157
11.07543285
11.07546389
11.07550995
11.07557191
11.07564686
11.07573308
11.07582733
11.07592935
11.07604141
11.07616737
11.07630859
11.0764642
11.07663475
11.07681606
11.07701328
11.0772228
11.07744332
11.07768064
11.0779272
11.07818636
11.07846211
11.07874555
11.07904338
11.07935151
11.079674
11.08000855
11.08035728
11.0807204
11.08109314
11.08147631
11.08187244
11.08226861
11.08267717
11.08308406
11.08349984
11.08392042
11.08434803
11.08477748
11.0852084
11.0856431
11.08608676
11.08652945
11.08698407
11.08743763
11.08790366
11.08837572
11.08884658
11.0893291
11.08982293
11.0903178
11.09081768
11.091318
11.09182923
11.09233477
11.0928503
11.09336719
11.09387653
11.09439811
11.0949252
11.09545334
11.09599175
11.09652732
11.09706667
11.09761648
11.09816279
11.09871975
11.09927898
11.09984249
11.10040786
11.10097801
11.10155149
11.10212324
11.10269401
11.10327535
11.10385067
11.10443332
11.10501725
11.1055906
11.10617029
11.10674586
11.10731717
11.10789122
11.10845794
11.10902484
11.10960176
11.110176
11.11073995
11.11130644
11.11186634
11.11242437
11.11298216
11.11353843
11.11410121
11.11465956
11.11521438
11.11577133
11.11632573
11.11687547
11.11741407
11.11795615
11.11850688
11.11904702
11.11958764
11.12012311
11.12066886
11.12121147
11.12176753
11.1223252
11.12288159
11.12343393
11.1239865
11.12454165
11.12509781
11.12566637
11.12623515
11.12681418
11.12739086
11.12797361
11.1285525
11.12915022
11.12974086
11.13033361
11.13092819
11.13153208
11.13213109
11.13274852
11.13337615
11.1339964
11.13463333
11.13528266
11.13595141
11.13662131
11.13730002
11.1379931
11.13868758
11.13940251
11.14012891
11.1408663
11.14161066
11.14236529
11.14313264
11.14391848
11.14473333
11.14556627
11.14643276
11.14731975
11.1482099
11.1491295
11.15006257
11.15101741
11.15197025
11.15293981
11.15393673
11.15493506
11.15596035
11.15700067
11.15805062
11.15911344
11.16018959
11.16127912
11.16240361
11.16354222
11.16472297
11.16591169
11.16713727
11.16838412
11.16965196
11.17093573
11.17222991
11.17355558
11.17488468
11.1762496
11.17761285
11.17900915
11.18041637
11.18182918
11.18325656
11.18469761
11.18616076
11.18760904
11.18908546
11.19055066
11.19203594
11.19352672
11.1950283
11.19653654
11.19805463
11.19959996
11.20113663
11.20270558
11.20426121
11.20584277
11.20743008
11.20902051
11.21062518
11.21224307
11.21388728
11.21552571
11.21719805
11.21886439
11.22057189
11.22230021
11.22404291
11.22580175
11.22759808
11.22939047
11.23120296
11.23306177
11.23493781
11.23683496
11.23875526
11.24070266
11.24266658
11.24464848
11.24666822
11.24868425
11.25074405
11.25282378
11.25490316
11.25702261
11.25918448
11.26134655
11.26352854
11.26575179
11.26796786
11.27022174
11.27249375
11.27478483
11.27708618
11.27939609
11.28172073
11.28407962
11.28642103
11.28879587
11.29118362
11.29358711
11.29600008
11.2984332
11.30088206
11.30334235
11.30585162
11.30838102
11.31090728
11.31348598
11.31609188
11.31872678
11.3213901
11.32410868
11.32682864
11.32960509
11.3324109
11.3352137
11.33807428
11.34099241
11.34390594
11.34684728
11.34981619
11.35284326
11.35589301
11.35896455
11.36205295
11.36515895
11.36828225
11.37142806
11.37462198
11.3778001
11.38102661
11.38426794
11.38752701
11.39079976
11.39409072
11.39739995
11.40076759
11.40412593
11.40754601
11.41098285
11.4144538
11.41795228
11.42148416
11.42505754
11.42870148
11.43234033
11.43604673
11.43978136
11.44354049
11.44732197
11.45113253
11.4549636
11.45885624
11.46273028
11.46666493
11.47062113
11.47459981
11.47860539
11.48263555
11.4867291
11.49080337
11.49493829
11.49908935
11.50324761
11.5074155
11.51159346
11.5157837
11.52002905
11.52424507
11.52851601
11.53280902
11.53711378
11.54142578
11.54574948
11.55008919
11.55448364
11.55885022
11.56327829
11.5677252
11.57218895
11.57667555
11.58118048
11.5857454
11.59027976
11.59487386
11.59947823
11.60410502
11.60875145
11.61342441
11.61811965
11.62287914
11.62761702
11.63241884
11.63724099
11.64208718
11.64694707
11.65182143
11.65676171
11.66167948
11.66666747
11.67168255
11.67672441
11.68178092
11.68685547
11.69199583
11.69710873
11.70229688
11.70751061
11.71274598
11.71799984
11.72327855
11.72858146
11.73396484
11.73933044
11.74477437
11.75024741
11.75574147
11.76125721
11.76684949
11.77241585
11.77805875
11.78366963
11.78935496
11.79506364
11.80079358
11.80660187
11.81238257
11.81823575
11.82411378
11.82996566
11.83589746
11.84191286
11.84789927
11.85391824
11.86001637
11.86613549
11.87227601
11.87844451
11.88464365
11.89086064
11.89715768
11.9034262
11.90977714
11.91615217
11.92255376
11.9289825
11.93543004
11.94195778
11.94844896
11.95500896
11.96158421
11.9681705
11.97476406
11.98142427
11.98804163
11.99474047
12.00146595
12.008213
12.0149821
12.02177355
12.02858898
12.03548837
12.04234722
12.04929215
12.05625574
12.06323971
12.07030458
12.07732487
12.08443896
12.09151841
12.09868681
12.1058831
12.11311178
12.12044194
12.1277543
12.13517322
12.14256673
12.15005777
12.1575808
12.16519955
12.17278183
12.18045868
12.18809167
12.19581616
12.20357034
12.21135558
12.21924012
12.22708274
12.23501898
12.24291938
12.25091321
12.25893404
12.26697973
12.2751127
12.2831906
12.29135056
12.29952513
12.30771512
12.31592171
12.32414367
12.33244239
12.34068247
12.34900353
12.3573336
12.36567456
12.37402614
12.3824581
12.39082888
12.39928164
12.40774213
12.41620747
12.42467337
12.43314581
12.44169301
12.45024365
12.45872509
12.46727752
12.47590481
12.48446439
12.49302908
12.50166907
12.51031497
12.5189643
12.52761675
12.53627284
12.54493583
12.5536726
12.56241316
12.57116496
12.57992648
12.58868894
12.59745469
12.60629424
12.61513412
12.62389964
12.63273535
12.64164348
12.6504801
12.65938811
12.66822333
12.677127
12.68603109
12.69493502
12.70390874
12.71280631
12.7217744
12.73073919
12.73969507
12.7486433
12.75758709
12.76660105
12.77561097
12.78454581
12.79354781
12.80261966
12.811616
12.82060267
12.8296514
12.83869365
12.84772936
12.85675961
12.86585632
12.87487625
12.88396163
12.89304552
12.90212343
12.91119568
12.92026319
12.92939557
12.9385241
12.94764367
12.95676096
12.96587552
12.97498283
12.98415064
12.99330679
13.00244669
13.01157545
13.02069192
13.02979744
13.03896393
13.04812392
13.05727152
13.06640667
13.07552993
13.08471035
13.09380862
13.1029613
13.11209634
13.12121154
13.13038129
13.13947124
13.14861969
13.1577526
13.1668661
13.17595996
13.18510501
13.19416588
13.20327751
13.21237279
13.22145173
13.23051083
13.23961817
13.24864268
13.25771438
13.26676764
13.27587278
13.28489514
13.29396493
13.30295313
13.31199463
13.3210194
13.33009274
13.33908442
13.34812213
13.35707859
13.36608204
13.37512635
13.38408338
13.39308097
13.40199464
13.41096011
13.41991266
13.42891236
13.43783261
13.44680112
13.45575606
13.46469953
13.47363604
13.48256522
13.4915488
13.50051936
13.50947744
13.51842469
13.52735702
13.53628053
13.54525167
13.55421429
13.56317071
13.57211691
13.58111611
13.59004479
13.59903132
13.60801188
13.61698336
13.62601388
13.63497692
13.64399897
13.65301581
13.66202902
13.67109998
13.68010128
13.68915947
13.69821532
13.70726233
13.71630165
13.72539843
13.73442924
13.74351493
13.75259419
13.76166732
13.77080013
13.77986695
13.78899102
13.79811136
13.80723456
13.8164206
13.82554226
13.8347253
13.84390872
13.85309588
13.86234728
13.87153997
13.88079654
13.8900583
13.89932468
13.90865995
13.91793749
13.92728213
13.93662634
13.94596851
13.95530588
13.96470059
13.9740898
13.98347841
13.99286854
14.00225763
14.01170853
14.02109953
14.03055402
14.04001058
14.04953133
14.05898847
14.06850895
14.07802863
14.08754616
14.09706155
14.10663617
14.11620792
14.12577806
14.13534689
14.14491237
14.1545389
14.16416144
14.1737814
14.18340112
14.1930218
14.20270769
14.21233198
14.22201737
14.23176592
14.24145089
14.25119335
14.26086987
14.27060613
14.28040038
14.29012555
14.29990726
14.30968341
14.319453
14.32921856
14.33897595
14.34879044
14.35859998
14.36840389
14.37820019
14.38804672
14.3978843
14.40771549
14.41753649
14.42734271
14.43719338
14.44702635
14.45683969
14.46663545
14.47641563
14.48623983
14.49604836
14.5058408
14.51561435
14.5254313
14.53516632
14.54494428
14.55470636
14.56450971
14.57423067
14.58398938
14.59372614
14.60344134
14.61319976
14.62288372
14.63260876
14.6423152
14.65206143
14.6617322
14.67144478
14.68113779
14.69081205
14.70046615
14.71015281
14.71981665
14.7294597
14.73907908
14.74873052
14.75829354
14.76788239
14.77744045
14.78702263
14.79651795
14.80604404
14.81554098
14.82501061
14.83450624
14.84397314
14.85341014
14.86281306
14.8721824
14.88157455
14.89093336
14.90026269
14.90956152
14.91883089
14.92812545
14.93739028
14.9466223
14.95587448
14.96504076
14.97423239
14.98339367
14.99257901
15.00168257
15.01081093
15.01990643
15.02897173
15.03805136
15.04704008
15.05603965
15.06500102
15.07397826
15.08291508
15.09176428
15.10062775
15.10950243
15.11828746
15.12708676
15.13584988
15.14457635
15.15331726
15.16202252
15.17068596
15.17930435
15.18787885
15.19645693
15.20498926
15.21347825
15.22192721
15.23038116
15.23879451
15.24716968
15.25550223
15.26383471
15.2720762
15.28032237
15.28856499
15.29671424
15.30486473
15.31296979
15.32102811
15.32908845
15.33705673
15.34502226
15.35294154
15.3608552
15.36867777
15.3764967
15.38431764
15.392053
15.39979384
15.40745538
15.41515308
15.42276148
15.43036431
15.43787699
15.44542357
15.45288274
15.46029208
15.4676958
15.47505019
15.48239693
15.48965938
15.49691983
15.50412982
15.51133035
15.51844506
15.52554298
15.53258728
15.5395662
15.54651126
15.55338737
15.56019915
15.56694387
15.57365695
15.58026585
15.58684402
15.59338639
15.59982377
15.60622516
15.61255281
15.61883922
15.62502959
15.63118877
15.6372838
15.64331059
15.64929835
15.65521604
15.66107074
15.66686062
15.67260796
15.67828428
15.68388949
15.68943022
15.69493774
15.70037207
15.70573812
15.7110579
15.71627827
15.72145484
15.72656735
15.73163907
15.73664038
15.74157772
15.74645501
15.75127446
15.75604861
15.76075687
15.76542151
15.77001194
15.77456492
15.77905989
15.78349177
15.78789052
15.79223806
15.79653601
15.80078186
15.80500766
15.8091894
15.8133269
15.81743236
15.8214742
15.82548951
15.82948008
15.83339408
15.83727972
15.84112651
15.84493693
15.8487257
15.85246974
15.85617024
15.85984518
15.86344697
15.86700786
15.87050282
15.87394644
15.87732251
15.88062879
15.88387137
15.88706048
15.89018325
15.89322908
15.89620663
15.89912512
15.90197423
15.90475603
15.907485
15.91013551
15.91272752
15.91526269
15.91771377
15.92010782
15.9224764
15.92479918
15.92710358
15.92936768
15.93158414
15.93374452
15.93584296
15.93787537
15.93984029
15.9417439
15.94357597
15.94533576
15.94703131
15.94864498
15.95018683
15.9516439
15.95303273
15.95435981
15.95562878
15.95685403
15.95806324
15.95923682
15.9603835
15.96149266
15.96258241
15.96365765
15.964703
15.96574398
15.96678496
15.96782429
15.96883595
15.96983654
15.97081978
15.97179169
15.97274407
15.97368378
15.97460119
15.97550679
15.97639765
15.97727726
15.97812733
15.97895215
15.97975236
15.98052825
15.98129059
15.9820096
15.98267017
15.98327913
15.98384228
15.98434995
15.9848094
15.98522372
15.98559586
15.9859068
15.98616003
15.98637274
15.98655465
15.98670123
15.98681246
15.98689195
15.98693763
15.98695761
15.98694608
15.98691181
15.98685155
15.98676267
15.98663757
15.98648057
15.98630077
15.98608447
15.98582261
15.98552385
15.98518998
15.98482104
15.9844026
15.98391979
15.98338046
15.98280126
15.9821595
15.98146302
15.98070934
15.97988851
15.97900946
15.97807812
15.9770906
15.976067
15.97500842
15.97392562
15.97280386
15.97164212
15.97043894
15.96919117
15.96792402
15.96661835
15.96527592
15.96390329
15.96249697
15.96104387
15.95955293
15.9580199
15.95644028
15.95481185
15.95312661
15.95139082
15.94961741
15.94778228
15.94587062
15.94389275
15.94186404
15.93980395
15.93769724
15.9355709
15.93344827
15.93133888
15.92924351
15.92714485
15.92505398
15.92295093
15.92082019
15.91865783
15.91646044
15.91424303
15.91198771
15.90972649
15.90743869
15.90513905
15.90281495
15.90046334
15.8980955
15.89569954
15.8932628
15.89080367
15.88832232
15.88579479
15.88321083
15.88056461
15.87784976
15.87505937
15.87218541
15.86921901
15.86619004
15.86305498
15.85986148
15.85659759
15.85326723
15.84990626
15.84648774
15.84300845
15.83952592
15.83602888
15.83253256
15.82901551
15.8254902
15.82195786
15.81839528
15.81481408
15.81122438
15.80760955
15.80397962
15.8003137
15.79663718
15.79290503
15.78913315
15.78534801
15.78154279
15.77774251
15.77392776
15.77009511
15.76623327
15.76237019
15.75847491
15.75459699
15.75070686
15.74681953
15.74290432
15.73896358
15.73498246
15.73096174
15.72692131
15.72285054
15.71873869
15.71458355
15.71038352
15.70611205
15.7017727
15.69736429
15.6928885
15.68836433
15.68376718
15.67910484
15.67438664
15.6695987
15.66474366
15.65982066
15.65480346
15.64970574
15.64453437
15.63927497
15.63393088
15.62850124
15.62296959
15.61735613
15.61160797
15.60575746
15.59979891
15.59372594
15.58757154
15.58133873
15.57500816
15.56860575
15.56212867
15.55554505
15.54886486
15.54211963
15.53527256
15.52835382
15.52135275
15.51427794
15.50709747
15.49983007
15.49239957
15.48480699
15.47710967
15.46931893
15.46143774
15.4534851
15.44546321
15.43732492
15.42910437
15.42073569
15.41226714
15.40370073
15.39502466
15.3862664
15.3774415
15.36851469
15.35951518
15.35039665
15.34116423
15.33182449
15.32235605
15.31278944
15.30311902
15.29336758
15.28358596
15.27373612
15.26384553
15.25391532
15.24389939
15.23382405
15.22366901
15.21344168
15.20316005
15.19278635
15.18234683
15.17178619
15.16103943
15.15015768
15.1390974
15.12797098
15.11684025
15.10567932
15.0944601
15.08327179
15.07206203
15.06082904
15.04971027
15.03858462
15.02754064
15.01650325
15.00550733
14.99453702
14.98362552
14.9727175
14.96186477
14.95108391
14.94034054
14.92966658
14.91902538
14.90845005
14.89795585
14.88750265
14.87711007
14.86676028
14.85651978
14.84639763
14.83634895
14.82640563
14.81649638
14.80662364
14.79676279
14.78683685
14.77682823
14.76672358
14.75659623
14.74645286
14.73624627
14.7260052
14.71569263
14.70532176
14.69483444
14.68427173
14.67363479
14.66290659
14.65210883
14.64120336
14.63024722
14.61920854
14.60805735
14.59681532
14.58543532
14.57397522
14.5624406
14.55077915
14.53898903
14.52714243
14.51522466
14.50323154
14.49113225
14.4789131
14.46661065
14.45422854
14.4417346
14.4291648
14.4164586
14.40366707
14.39083671
14.37791592
14.36492958
14.35186084
14.33880973
14.32574795
14.31271436
14.29970052
14.28666985
14.27363228
14.26058892
14.24760732
14.23463083
14.22165468
14.20869117
14.1956992
14.18270028
14.16972309
14.15675344
14.14378538
14.13075906
14.11778545
14.10478454
14.09172733
14.07867887
14.06555697
14.05249772
14.03937645
14.0263177
14.01324558
14.00015008
13.98707494
13.97401897
13.9609648
13.94796477
13.93498963
13.92206712
13.90914422
13.89628482
13.88344139
13.87067672
13.85798064
13.84528868
13.8325774
13.81976002
13.80689398
13.79394781
13.78095259
13.76784784
13.75465965
13.74140381
13.72806855
13.71466472
13.70123804
13.68781926
13.67435561
13.66088137
13.64735109
13.63379208
13.62016408
13.60651603
13.59280876
13.57908205
13.56535171
13.55156308
13.53768627
13.52374606
13.50976521
13.49573212
13.4816374
13.46744102
13.45316328
13.43876829
13.42428147
13.40965727
13.39494812
13.38017315
13.3653307
13.35040003
13.33542442
13.32038288
13.30530993
13.29023799
13.27520637
13.26026181
13.24540735
13.2306338
13.21600371
13.2013665
13.18683105
13.17228122
13.15780542
13.1433968
13.12904224
13.11463645
13.10032229
13.08597557
13.07175302
13.05760103
13.04352785
13.02958117
13.015671
13.00183417
12.98804473
12.97421013
12.96041801
12.94662485
12.93282402
12.91906515
12.90536955
12.89176727
12.87827989
12.86495874
12.85180299
12.83876945
12.82584441
12.81305607
12.80042203
12.7878712
12.77541678
12.76307157
12.75081523
12.73868697
12.72676507
12.71511201
12.70370135
12.69256056
12.68173957
12.67126218
12.6611153
12.65115104
12.64140374
12.63186758
12.62254894
12.61341471
12.60445205
12.59563267
12.58695838
12.57844589
12.57009698
12.56196078
12.55394748
12.54600897
12.53818735
12.53044211
12.52284687
12.51536313
12.50806564
12.50088699
12.4938886
12.4870247
12.48030296
12.47371692
12.46727838
12.46101125
12.45486793
12.44885492
12.4429842
12.4372551
12.4316131
12.42604119
12.42057413
12.41521371
12.40996459
12.40484298
12.39982518
12.39491059
12.39012008
12.38543155
12.38086738
12.37644261
12.37210177
12.36786885
12.36374744
12.35971095
12.35579054
12.35202648
12.34845643
12.34508946
12.34197356
12.33911992
12.33653132
12.33418084
12.33206028
12.33014474
12.32839152
12.32682071
12.32544415
12.32425405
12.32325437
12.32243196
12.3217825
12.32135343
12.32115987
12.32120303
12.32148173
12.32198678
12.32268191
12.32358047
12.32470564
12.32601871
12.32753532
12.32924386
12.33113919
12.33322476
12.33549903
12.33796957
12.34064895
12.34352305
12.34666625
12.35000066
12.35349
12.35712362
12.36091822
12.36488489
12.36903145
12.37335682
12.37784001
12.38245593
12.38722255
12.39212775
12.39720297
12.4024444
12.40786044
12.41343934
12.41923885
12.42524138
12.43146621
12.43793313
12.4446622
12.45169387
12.4590495
12.46665239
12.47449797
12.4826114
12.49096018
12.49955282
12.50834821
12.51737423
12.52667841
12.53623326
12.54604849
12.55616745
12.56650476
12.57708216
12.58787056
12.59888797
12.61018225
12.62161286
12.63324656
12.64505328
12.65704779
12.66923541
12.6816339
12.69420483
12.70682218
12.71956355
12.7324125
12.74539475
12.75848178
12.7717019
12.78505922
12.79852126
12.81209047
12.82572069
12.83945093
12.85329957
12.86720947
12.88121737
12.89534516
12.90967331
12.92416628
12.9387736
12.95354345
12.96845567
12.98354979
12.998818
13.01422491
13.02983654
13.04563181
13.06157081
13.07766689
13.09399366
13.11050433
13.12718651
13.14410482
13.16118809
13.17841974
13.19582198
13.21337743
13.23102267
13.24879729
13.26669951
13.28467413
13.30277541
13.3209789
13.3393733
13.35784126
13.37648687
13.39522254
13.41407573
13.43312196
13.45227057
13.47152066
13.49094617
13.51043781
13.53008629
13.54983571
13.56976063
13.58981649
13.61004497
13.63043428
13.65092876
13.67154418
13.69226075
13.71304715
13.73395102
13.75497099
13.77605027
13.79726448
13.81858733
13.84000389
13.86147202
13.88298361
13.90449742
13.92606666
13.94766117
13.96928812
13.99090804
14.01248645
14.03407983
14.05567288
14.07725052
14.0987778
14.12025628
14.14179074
14.16338355
14.185066
14.20676714
14.2284942
14.25026164
14.27201219
14.29370503
14.31535786
14.33696815
14.35857472
14.38022744
14.40192551
14.4236081
14.44526362
14.46695131
14.48863208
14.51036537
14.53211713
14.55397123
14.57577827
14.59768902
14.61960837
14.64158495
14.66359193
14.68550178
14.70738666
14.7292477
14.75104015
14.77281261
14.79454223
14.8161699
14.83773855
14.8592558
14.88069648
14.90213123
14.9233816
14.94457292
14.9656115
14.98656661
15.00747763
15.02829862
15.04906061
15.06976105
15.09043328
15.11101383
15.13154096
15.15197243
15.1723349
15.19260311
15.21280236
15.23300679
15.2532112
15.27348738
15.29377469
15.31413665
15.33446877
15.35477064
15.37513824
15.39551635
15.41595263
15.43636045
15.45681754
15.47726897
15.49774706
15.5181637
15.53857892
15.55903022
15.57949628
15.5999622
15.62043092
15.64087116
15.66129396
15.68166134
15.70203334
15.72242073
15.74285818
15.76327776
15.78360059
15.80395124
15.82429058
15.84455764
15.86476176
15.88486386
15.90498771
15.92497669
15.94481893
15.9645158
15.98415371
16.00360631
16.02301311
16.04237068
16.06173021
16.08098539
16.10018094
16.11927645
16.13832566
16.15725754
16.17620931
16.19521347
16.21436119
16.23359763
16.25290654
16.27222884
16.29147254
16.31067566
16.32992156
16.34929311
16.36872668
16.38821111
16.40765953
16.42707478
16.44653644
16.4659605
16.48541501
16.50494346
16.52466014
16.54454708
16.56468951
16.58503327
16.60562517
16.62658743
16.64782334
16.66935552
16.69114313
16.71314435
16.73526672
16.75758583
16.78006497
16.80268496
16.82552245
16.84841867
16.87136839
16.89441514
16.91760956
16.94100713
16.96452619
16.98817501
17.01195674
17.03570511
17.0592505
17.08266232
17.10588142
17.12892454
17.15178912
17.1745906
17.19724095
17.21980874
17.24227102
17.26459751
17.28671598
17.30856729
17.33017982
17.35153877
17.37272888
17.39376396
17.41455377
17.43523529
17.4558111
17.47613371
17.49636837
17.51659982
17.53685651
17.55729778
17.57793213
17.59882976
17.6199842
17.64136526
17.66299889
17.68476237
17.70672273
17.72885575
17.75123875
17.7738516
17.79668937
17.8198397
17.84322431
17.86677114
17.89049004
17.91453811
17.93862287
17.96268346
17.98668773
18.01057825
18.03439361
18.05812831
18.08173449
18.1052533
18.12868653
18.15205064
18.17533221
18.19848232
18.2215442
18.24466922
18.26779846
18.29105455
18.31438815
18.33768181
18.36091738
18.38412478
18.40724495
18.43036083
18.45344388
18.47656588
18.49980056
18.52307539
18.5465072
18.57020366
18.59410224
18.61815412
18.64240169
18.66704756
18.69201787
18.71716171
18.74250376
18.76813721
18.79396865
18.82004902
18.84638297
18.87309708
18.90018133
18.92746754
18.95501715
18.98276339
19.01060955
19.03861304
19.06666894
19.09476552
19.12289063
19.15099721
19.17908011
19.2070937
19.23500409
19.26292563
19.29082324
19.31887934
19.34704136
19.37528639
19.40364425
