2.247226282
4.254798801
6.154043128
7.881651475
9.409234588
10.72435074
11.82623435
12.72290162
13.42873838
13.96233532
14.34456064
14.74069772
14.77931835
14.59480419
14.28615588
13.72840513
12.97863453
12.47008614
11.74628826
11.1487967
10.64056722
10.04258998
9.475225328
8.997122
8.500238724
8.012625562
7.572046298
7.154245214
6.747010772
6.370361259
6.015411414
5.678551662
5.357005936
5.058293118
4.772430278
4.502099714
4.242682924
3.999320998
3.774972108
3.56940886
3.38090836
3.213630481
3.069706576
2.941017336
2.825579881
2.71814783
2.612570221
2.511317386
2.413623715
2.327163361
2.251876231
2.188835637
2.14139579
2.099700536
2.062998937
2.038214872
2.015634675
1.98688408
1.96812309
1.960189767
1.961240132
1.973544512
1.992890434
2.010827876
2.023935041
2.026677805
2.028933108
2.02895226
2.021604548
2.008925706
1.979110561
1.910798247
1.835432354
1.796885032
1.790246441
1.835997301
1.925033797
2.028454471
2.136921663
2.236248319
2.35067745
2.496750736
2.6771845
2.875515546
3.119540724
3.462496503
3.882422915
4.340582258
4.855567697
5.381594558
5.973941756
6.796113263
7.736959375
