0.008351034224
0.005480116714
0.004354571542
0.003719387948
0.003299511752
0.002996035985
0.002763708812
0.002578562874
0.002426578779
0.0022989432
0.002189803457
0.002011924438
0.001872056652
0.001758392144
0.00166368841
0.001547284129
0.001453054184
0.001374788192
0.001288510533
0.001201504658
0.001130936693
0.001061662651
0.0009960420383
0.0009422058452
0.0008854316125
0.0008341891317
0.0007843790899
0.0007406671745
0.0006996632806
0.000661938818
0.0006276579988
0.0005941026206
0.0005646729186
0.0005370726894
0.0005117600477
0.0004883247492
0.0004666007153
0.0004472452778
0.0004292583161
0.0004129405177
0.0003981885251
0.0003849115599
0.0003729077762
0.0003620650473
0.0003523128652
0.0003435951164
0.0003358563329
0.0003289718661
0.0003229204353
0.0003176199588
0.0003129822709
0.0003089904414
0.0003055867351
0.0003027182939
0.0003003616509
0.0002984862323
0.0002970627503
0.0002960753421
0.0002955103079
0.0002953589662
0.0002956200787
0.0002962971636
0.00029739953
0.0002989415448
0.0003009435405
0.0003034328554
0.0003064381568
0.0003099997973
0.0003141588315
0.0003189649364
0.0003244710853
0.0003307401813
0.0003378349604
0.0003458268998
0.0003547910957
0.0003648102336
0.0003759689856
0.000388356105
0.0004020693745
0.0004172079104
0.0004338741785
0.0004521783812
0.0004722333919
0.0004941598903
0.0005180824395
0.0005441311826
0.0005724450266
0.0006031685845
0.0006364574229
0.0006724725929
0.0007113885756
0.0007533885414
