0.01995420249
0.01378898238
0.01117035847
0.00963559268
0.008597931546
0.007836490866
0.007247133121
0.006773506572
0.006382110816
0.006051616432
0.005767713115
0.005302425386
0.004934306849
0.004633661001
0.004382117985
0.004071578626
0.003744785858
0.003545654393
0.003274605515
0.003057716066
0.002879072606
0.002674754638
0.00248751509
0.002335021956
0.002179048813
0.002027921217
0.001895440048
0.001771052573
0.001650228295
0.001541640613
0.001440293468
0.001343982573
0.001254652464
0.001173018023
0.001095649923
0.00102403589
0.0009575957896
0.0008960175897
0.0008391041935
0.0007861093164
0.0007371973898
0.0006916288271
0.0006500467324
0.0006114050151
0.0005761083867
0.0005438297156
0.0005145691916
0.0004881340345
0.0004644797321
0.0004435730349
0.0004254967017
0.0004101953301
0.0003977542511
0.00038824144
0.0003818046776
0.000378558378
0.0003786794681
0.000382373209
0.0003898598918
0.0004014130193
0.000417323458
0.0004379594786
0.0004637111432
0.0004951024407
0.000532684926
0.0005771736933
0.0006293709454
0.0006902534362
0.0007609759633
0.0008428719418
0.0009374979869
0.00104667879
0.001172521546
0.001317460244
0.001484330317
0.001676397937
0.001897389295
0.002151656441
0.002444176528
0.002780672416
0.003167763743
0.003613042259
0.004125238242
0.004714432472
0.00539216212
0.006171769314
0.007068537442
0.008100085281
0.009286685326
0.01065162763
0.01222173528
0.01402781928
0.01610537598
