0.002760933384
0.005521866769
0.008282800153
0.01104373354
0.01380466692
0.01656560031
0.01932653369
0.02208746708
0.02484840046
0.02760933384
0.03037026723
0.035892134
0.04141400077
0.04693586754
0.05245773431
0.06074053446
0.071784268
0.08006706815
0.09387173507
0.107676402
0.1214810689
0.1408076026
0.1628950697
0.1849825368
0.2125918706
0.2457230712
0.2816152052
0.323029206
0.3727260069
0.4279446746
0.4914461424
0.5659913438
0.6515802787
0.7482129472
0.861411216
0.991175085
1.140265488
1.311443358
1.507469628
1.733866165
1.993393904
2.294335643
2.636691382
3.03426579
3.489819798
4.014397141
4.616280619
5.309274898
6.107184646
7.026575464
8.081252016
9.296062706
10.693095
12.30271916
14.1497836
16.2757023
18.72188928
21.53804133
24.77385526
28.49835439
32.78056207
37.70882817
43.37426347
49.89558812
57.3942832
66.02220002
75.94499461
87.35869322
100.4896924
115.5947589
132.9693127
152.9557095
175.9460018
202.3902217
232.8101858
267.8050164
308.0566642
354.360278
407.6242049
468.8920776
539.3704241
620.442472
713.698519
820.9745856
944.3717423
1086.31961
1249.601211
1437.424748
1653.48159
1902.01253
2187.901661
2516.759197
2895.048485
