410.2203747
290.1213905
236.9255199
205.2202574
183.5874434
167.6216421
155.2152608
145.2165613
136.9359784
129.9321079
123.9075527
114.0191118
106.1839351
99.77804906
94.41426102
87.78802498
80.81077003
76.55765993
70.76751433
66.13422462
62.31847558
57.95561603
53.95944349
50.7069459
47.38290418
44.16555242
41.34876416
38.70796463
36.14736162
33.85085103
31.71250353
29.68594567
27.81216129
26.10581951
24.49506433
23.01078463
21.64060294
20.37768531
19.21748415
18.14425823
17.160717
16.25127827
15.42785269
14.6686532
13.9804533
13.35541593
12.7918909
12.28427424
11.82956646
11.42468267
11.06848949
10.75682946
10.48796132
10.25938494
10.07012128
9.917914243
9.801598624
9.720206299
9.673211362
9.660169119
9.681102931
9.736380085
9.826631469
9.953035394
10.11689746
10.32011075
10.5647666
10.85346422
11.18924813
11.57551693
12.01614065
12.51557196
13.07880842
13.71148984
14.42011573
15.21205211
16.09555024
17.08030543
18.17732563
19.39928978
20.76098796
22.27947583
23.97455463
25.86937764
27.99070117
30.36990471
33.04332079
36.05335077
39.44931665
43.28843545
47.63720148
52.57256947
58.18378291
