502.273787
355.2449952
290.1248792
251.3149149
224.8360312
205.2947886
190.1109565
177.8745308
167.7413277
159.1709749
151.7993995
139.7010542
130.1159658
122.2803053
115.7201069
107.617046
101.0250207
95.5270236
89.44134461
83.27639519
78.25407347
73.30282394
68.59147584
64.70897936
60.5955616
56.86377777
53.21612639
49.99594115
46.95621935
44.14051189
41.56317273
39.02008421
36.77020151
34.64069515
32.66823393
30.8226408
29.09237685
27.5325353
26.06531425
24.71757284
23.48392709
22.36014691
21.33251541
20.39474277
19.54414072
18.77933612
18.09900687
17.49565714
16.97073654
16.52018707
16.13944218
15.82972662
15.58865535
15.41437605
15.30693171
15.26565844
15.29025093
15.38085731
15.53771824
15.76216962
16.05447981
16.41661565
16.85019668
17.35711786
17.93976803
18.60120799
19.34371357
20.17145953
21.08776136
22.09702182
23.20355759
24.41299069
25.73029005
27.16158697
28.7132451
30.39262086
32.20716199
34.16486584
36.27509844
38.54742153
40.99199676
43.62026852
46.44424829
49.47728026
52.7335082
56.22814629
59.9779269
64.0007146
68.31623109
72.94538519
77.91136211
83.23908818
