281.4451122
199.0170779
162.5244806
140.7793874
125.9447082
114.9974588
106.4916444
99.63715476
93.9609749
89.16033764
85.03126358
78.25471206
72.88602555
68.49729821
64.82301734
60.28468357
55.50701977
52.59537618
48.63249051
45.46238851
42.85247377
39.86945618
37.13842819
34.91674085
32.6474372
30.45244555
28.53219571
26.7334419
24.99103566
23.43010357
21.97851658
20.6048227
19.33681305
18.18428976
17.09865669
16.10071256
15.18202739
14.33790661
13.5651732
12.85321733
12.20370044
11.60619696
11.06834713
10.57572856
10.13257177
9.733610807
9.377579278
9.060724159
8.780987333
8.536298362
8.325788151
8.146831302
7.998301805
7.878717044
7.787462233
7.723354005
7.685867353
7.674680727
7.689696198
7.731061285
7.799119332
7.894561356
8.01813345
8.171081982
8.354558916
8.57018389
8.819571992
9.10465157
9.427561432
9.790535856
10.19598634
10.64655915
11.14504648
11.69441273
12.29790614
12.95896815
13.6811452
14.46842021
15.32494539
16.25515434
17.26389156
18.35628729
19.5378432
20.81455176
22.19272512
23.6792904
25.28156978
27.00750589
28.86564197
30.86511479
33.01579148
35.32821662
37.81378935
