1556.192947
1127.551159
245.1121144
270.710852
499.3508861
243.8791673
155.4174824
284.3606519
239.280453
134.2497475
176.5614276
135.2271304
174.8516858
106.6907217
128.9145217
121.4797845
96.28400107
91.47151871
82.8918487
74.0111904
72.45225633
70.03248202
59.05967559
56.1440756
51.74756718
48.3234138
45.51348243
42.64564254
39.2329891
36.58378174
34.16195048
31.33998636
29.31566168
27.44789764
25.52324381
23.89252021
22.25236116
20.7491508
19.40051489
18.14404524
16.99171159
15.92813913
14.95983145
14.09157991
13.30197555
12.57526304
11.89883729
11.2437786
10.60526
10.03460584
9.528985293
9.068670605
8.667789527
8.312697097
7.994271393
7.725259936
7.538112843
7.379159062
7.233501651
7.125332881
7.027033167
6.92717307
6.867553421
6.85915154
6.871984038
6.908997749
6.971420449
7.055565394
7.169178098
7.350073351
7.603136762
7.919800077
8.279729395
8.661918621
9.040216668
9.456758297
9.96141027
10.60533329
11.39626279
12.27166711
13.20431932
14.1695141
15.20377066
16.12661447
16.96543875
17.82671323
18.48945912
18.86977706
19.55376981
20.26156369
21.23535128
22.48852613
23.60851961
