0.0076236507
0.005371718608
0.004381596619
0.003793186505
0.003392353801
0.003096833771
0.002867368752
0.002682541226
0.002529543467
0.002400184399
0.002288949186
0.002106446362
0.001961906189
0.001843779565
0.001744903889
0.001622803096
0.001523495611
0.001440686805
0.001349045965
0.001256233678
0.001180641411
0.001106136161
0.001035258456
0.0009768642565
0.0009150124467
0.0008589143751
0.0008040964878
0.0007557164917
0.0007100604465
0.0006677803869
0.0006290889902
0.0005909196222
0.0005571557329
0.0005251995234
0.0004955967814
0.0004678892349
0.0004418969466
0.0004184406881
0.0003963423607
0.0003759958987
0.0003573094646
0.0003402076523
0.0003244685702
0.0003099796948
0.0002966810264
0.0002845314471
0.0002734904708
0.0002634143339
0.0002543041025
0.0002460681293
0.0002385953306
0.0002318819337
0.0002258540243
0.0002204354573
0.0002155963048
0.0002112881961
0.0002074542956
0.0002040591369
0.0002010639937
0.0001984240874
0.0001961164632
0.0001941053577
0.000192365345
0.0001908732262
0.0001896079244
0.0001885508509
0.0001876878195
0.0001870051226
0.0001864930607
0.0001861437668
0.0001859520138
0.0001859148179
0.0001860316743
0.000186304347
0.0001867369329
0.0001873360565
0.0001881106458
0.0001890720457
0.0001902345321
0.0001916148262
0.0001932322801
0.0001951093923
0.0001972714012
0.0001997468677
0.0002025672904
0.0002057672648
0.0002093848375
0.0002134610594
0.0002180405545
0.0002231706357
0.0002289022165
0.000235288947
