0.02455209972
0.01736875581
0.01418790245
0.0122926026
0.01099977308
0.01004587705
0.009304843661
0.008707782703
0.008213450724
0.007795448428
0.00743599022
0.006846224693
0.006379171798
0.005997524106
0.005678133913
0.005283831798
0.004963259098
0.004696056385
0.004400505157
0.004101380403
0.003857946691
0.00361822603
0.003390420045
0.003202956165
0.003004657634
0.002825094426
0.002649955802
0.002495715181
0.002350506372
0.002216402654
0.002094059711
0.001973800784
0.001867860841
0.001768058037
0.001676099731
0.001590557905
0.001510885095
0.001439574834
0.001373027143
0.001312432635
0.001257498776
0.001207980675
0.001163218474
0.001122887805
0.001086821543
0.001054905934
0.001027025657
0.001002817163
0.0009822846306
0.0009652149204
0.0009513932098
0.0009408277704
0.0009334020697
0.0009290397961
0.0009277331332
0.0009294630446
0.0009342474687
0.0009421190638
0.0009531281834
0.000967397871
0.0009849834427
0.001006049376
0.001030739061
0.001059213952
0.00109166427
0.001128317459
0.001169356787
0.00121506921
0.001265692209
0.001321521031
0.001382843623
0.001450017711
0.00152336235
0.00160325891
0.001690099863
0.001784331833
0.001886405777
0.001996803246
0.002116083508
0.002244818391
0.002383615934
0.002533160318
0.002694172575
0.002867455645
0.003053865723
0.003254329636
0.003469872866
0.00370160019
0.003950740668
0.004218612924
0.004506692698
0.00481658751
