67.92131496
57.17721015
49.00244564
43.49224773
39.50651607
36.38458244
33.84233752
31.72886763
29.9462531
28.44027418
27.15168444
26.03401092
25.0501886
24.17372663
23.38948546
22.68337215
22.03849961
21.4426061
20.88589928
20.36537229
19.88244736
19.4345181
19.01919688
18.63343784
18.27145526
17.93261029
17.61239783
17.30829795
17.01718285
16.73791783
16.46974294
16.21241773
15.9672294
15.7318919
15.50759108
15.29389642
15.0897708
14.89386292
14.70611273
14.52648348
14.35346541
14.18704373
14.02644468
13.87105398
13.71991953
13.57342844
13.43161033
13.29423652
13.16147623
13.03329192
12.90857195
12.78715701
12.66929178
12.55570001
12.44566669
12.33859273
12.23429414
12.13266836
12.03334232
11.93646206
11.84184293
11.74987813
11.66035897
11.57243433
11.48591121
11.40110314
11.31839602
11.23749852
11.15791427
11.07974406
11.00313232
10.92829634
10.85568257
10.78513707
10.71607079
10.64859711
10.5822599
10.51734127
10.45372582
10.39082424
10.32915915
10.26878524
10.20950469
10.1515586
10.09438667
10.03767017
9.981424295
9.925914404
9.871396112
9.818273823
9.766270998
9.715036844
9.664620687
9.614828197
9.56553474
9.517016977
9.469204741
9.422216975
9.376126077
9.330587231
9.285846285
9.241735301
9.198417175
9.155953155
9.113874211
9.072191811
9.030717484
8.989600177
8.949054809
8.90904874
8.869503962
8.830547946
8.792222064
8.754660796
8.71779399
8.681549649
8.645842863
8.610785827
8.576517943
8.542903338
8.509890408
8.477270907
8.444692835
8.412381836
8.380487995
8.348903389
8.317833752
8.287266532
8.257303221
8.227886796
8.198833942
8.170207001
8.141856581
8.113684052
8.085695777
8.058004402
8.030530697
8.003499557
7.9769087
7.95066062
7.924645311
7.89880682
7.873043383
7.847394801
7.82183465
7.796477223
7.771444521
7.746720456
7.722253108
7.698131027
7.674297948
7.650901384
7.627871741
7.605251708
7.582838976
7.560620187
7.538661447
7.517046139
7.495707962
7.474499066
7.453410636
7.432450999
7.411533699
7.390666963
7.369866084
7.349199671
7.328704663
7.308587374
7.288701749
7.26893573
7.249327478
7.23002661
7.211063274
7.192304067
7.173684683
7.155335357
7.137231729
7.119334917
7.101469224
7.083572104
7.06566141
7.047844238
7.030135894
7.012537831
6.99509266
6.977848492
6.96081889
6.944052948
6.927453244
6.91106124
6.894747764
6.878607369
6.862619718
6.84684738
6.831195517
6.815747433
6.800424236
6.785106464
6.769916268
6.754739499
6.739517729
6.724397561
6.709447129
6.694554946
6.679709536
6.664997835
6.650364641
6.635848924
6.621515595
6.607391499
6.593374676
6.579520674
6.56584302
6.552365041
6.539005909
6.525741113
6.512482918
6.499261603
6.486112431
6.473088127
6.460109361
6.447251766
6.434445806
6.421733632
6.409124368
6.396642931
6.384302766
6.371979859
6.35967557
6.347482102
6.335381858
6.323430651
6.311648288
6.300001243
6.28842244
6.276873529
6.265294909
6.253685752
6.242039179
6.230371257
6.218768694
6.207273763
6.195839298
6.18450493
6.173317697
6.162255404
6.151214752
6.140197581
6.129185447
6.118234048
6.107365752
6.096567849
6.085897686
6.075275743
6.064734424
6.054225026
6.043683999
6.033151917
6.022612471
6.012121584
6.001728978
5.991417419
5.981182574
5.97106592
5.960970037
5.950900984
5.940874831
5.930914564
5.921025731
5.911205
5.901470611
5.891825082
5.882261648
5.872736702
5.863199978
5.853665698
5.844204696
5.834803704
5.825444858
5.816182158
5.806988016
5.797928336
5.788961638
5.780109404
5.771331698
5.762608508
5.753906306
5.745309381
5.736851624
5.728492884
5.720176555
5.711839252
5.703499825
5.695155854
5.686802543
5.678476019
5.670168413
5.661892376
5.653649338
5.645482407
5.637388289
5.629298789
5.621210307
5.613176644
5.605178023
5.597236584
5.589271872
5.581319862
5.573413782
5.565555497
5.557718908
5.549870904
5.541989699
5.534110672
5.52624473
5.518374078
5.510495481
5.502712379
5.49501166
5.487364939
5.479749554
5.472176236
5.464611977
5.457077754
5.449624467
5.442223957
5.434846781
5.42754546
5.420306815
5.413112385
5.405942756
5.398766299
5.391598008
5.384389613
5.377152356
5.369933318
5.362743123
5.35562101
5.348560528
5.341560785
5.334642265
5.327783018
5.320928141
5.314066436
5.307219355
5.300427833
5.293746366
5.287168425
5.280641841
5.274105641
5.267535509
5.260956112
5.2543672
5.247807468
5.241253027
5.23472788
5.228220845
5.221769966
5.215402913
5.209090416
5.202825101
5.196611637
5.190433083
5.184257382
5.178112336
5.172031754
5.165975797
5.159945077
5.153950647
5.147952238
5.141965513
5.136002495
5.130035514
5.124073592
5.118138571
5.112261222
5.106448057
5.100658198
5.094883038
5.089136104
5.083424102
5.077740682
5.072057683
5.066396889
5.060800903
5.055210142
5.049607614
5.043992943
5.038408418
5.032833258
5.02724079
5.021607751
5.015949772
5.010322476
5.004749475
4.999198259
4.993641257
4.988109426
4.982626686
4.977208122
4.971829655
4.966461453
4.961107956
4.9557996
4.950544352
4.945314475
4.94008813
4.93487157
4.929644237
4.924434783
4.919236412
4.914046474
4.908868597
4.903698441
4.898554645
4.893465359
4.88840974
4.883360367
4.878332766
4.873335413
4.868366309
4.863442136
4.858555093
4.853700628
4.8488701
4.844053225
4.83923424
4.834423173
4.829592356
4.824740265
4.819898145
4.815074277
4.810286616
4.805534327
4.800817199
4.796106418
4.791400367
4.786731461
4.782078567
4.777445642
4.772851836
4.768303287
4.763773214
4.759245558
4.754735957
4.750233208
4.745754135
4.741281451
4.736803106
4.732303195
4.727790762
4.72329145
4.718811137
4.714348711
4.709922245
4.705522172
4.701154699
4.696796106
4.692460194
4.688133687
4.683820432
4.67952668
4.675248647
4.670986938
4.666724559
4.662452803
4.658194015
4.653969765
4.649775734
4.645611905
4.641466711
4.637340571
4.633240729
4.629173662
4.625132457
4.621099948
4.617093525
4.613113618
4.609165544
4.605242433
4.601322093
4.597388754
4.593439014
4.58950286
4.585585637
4.58167599
4.577767433
4.573871731
4.569997497
4.566137661
4.56230229
4.558468675
4.554645062
4.55082464
4.547020907
4.543257018
4.539525453
4.535833126
4.532186664
4.528578565
4.524999649
4.521448289
4.517908513
4.514366671
4.510806564
4.507259771
4.503730835
4.500217432
4.496706997
4.493205414
4.48973893
4.486314983
4.482903093
4.479507547
4.476137163
4.472790754
4.469471411
4.466175882
4.46290314
4.459636774
4.456364812
4.453080316
4.449794546
4.446506451
4.443208736
4.439917684
4.436639001
4.433375775
4.4301367
4.426921191
4.423742194
4.420594261
4.417478385
4.414368783
4.411278184
4.408201288
4.4051487
4.402109145
4.399084958
4.396082954
4.393089135
4.390077625
4.387055896
4.384029346
4.381007587
4.377993403
4.374999409
4.372038753
4.369100626
4.366170509
4.363256642
4.360343015
4.357429783
4.35451473
4.351604412
4.348694703
4.345786907
4.342887988
4.339991199
4.337095619
4.334203617
4.33130797
4.328402498
4.325495719
4.322587804
4.319667769
4.316741609
4.313824731
4.310935008
4.308066189
4.305203243
4.3023511
4.299515694
4.296685453
4.293865378
4.291049092
4.288218414
4.285378515
4.282539404
4.279690006
4.276844698
4.274003973
4.271176305
4.268361577
4.265571372
4.262819067
4.260084521
4.257359271
4.25464843
4.251945171
4.249249071
4.246576293
4.243933662
4.241308096
4.238686315
4.236068237
4.233453252
4.230838319
4.228218296
4.225598193
4.222978482
4.220353766
4.217737638
4.215144963
4.212578331
4.21002257
4.207469793
4.204932023
4.202401314
4.19987563
4.197351873
4.194838405
4.192353503
4.18989868
4.187464793
4.185037093
4.182613531
4.180192275
4.17778265
4.175392481
4.173014181
4.170663097
4.168328627
4.166001784
4.163692971
4.16142062
4.159171669
4.156924459
4.154681997
4.152459495
4.150261475
4.148094136
4.145964126
4.143840333
4.141703835
4.139560826
4.137412552
4.135260066
4.133111047
4.13097207
4.128844536
4.126724261
4.124632802
4.122562154
4.120500044
4.118436357
4.116364456
4.114293881
4.112226205
4.110159906
4.108109892
4.106079424
4.104064996
4.102058843
4.100049182
4.09803369
4.096022713
4.094014185
4.092001395
4.089984884
4.08796362
4.085934917
4.083908
4.08189478
4.079884425
4.077877196
4.075875982
4.073881255
4.071886938
4.069904933
4.06791953
4.065933321
4.063953232
4.06197765
4.059991661
4.057998398
4.056004477
4.05400555
4.052008399
4.050011993
4.048016026
4.046026323
4.044044371
4.042073678
4.040115227
4.038169364
4.036235419
4.034306164
4.032397348
4.03049943
4.028609989
4.026711838
4.02478654
4.022832667
4.020862056
4.018891934
4.01692547
4.014975381
4.013031127
4.011099131
4.009186766
4.007288875
4.005392421
4.003493392
4.001595123
3.999703752
3.997818183
3.9959351
3.994059385
3.992185762
3.990311788
3.988445458
3.986586963
3.984723218
3.982842957
3.980950772
3.979062468
3.977191236
3.975335808
3.973486164
3.971638782
3.969802357
3.967972944
3.966143774
3.964323017
3.96251831
3.960726926
3.958949442
3.957179431
3.955406522
3.953621953
3.951834639
3.950042567
3.94823656
3.946419078
3.944601162
3.942785206
3.940987696
3.939202638
3.937427358
3.935659434
3.933896851
3.932140246
3.930391404
3.928651049
3.926922831
3.925205299
3.923497465
3.921794105
3.92008671
3.918371935
3.916645443
3.914915187
3.913190894
3.911478152
3.909771228
3.9080664
3.906367162
3.904679614
3.902997504
3.901328644
3.8996731
3.898022325
3.896380991
3.894754626
3.89314456
3.891538316
3.889929244
3.888323213
3.886722476
3.885131748
3.883552658
3.88198029
3.880419121
3.878874189
3.877347619
3.875831164
3.874317505
3.872808481
3.869795119
3.868295709
3.866811353
3.865342991
3.863889857
3.862445651
3.860994321
3.859524127
3.858054684
3.856591865
3.855136333
3.853684919
3.852237378
3.850789783
3.849346967
3.847913757
3.846483974
3.845059989
3.843641863
3.842234454
3.840843817
3.839471194
3.838112893
3.835425891
3.834083364
3.832728209
3.83136416
3.829983268
3.828594038
3.827213516
3.825851519
3.824503547
3.823161568
3.821835235
3.820513767
3.81920345
3.817904779
3.816601182
3.814001108
3.812716609
3.811433148
3.810152192
3.808870913
3.807591974
3.806316764
3.80504671
3.803777164
3.802506256
3.801236936
3.798721835
3.797472592
3.796239273
3.795009982
3.793779512
3.792559986
3.791348189
3.790145681
3.788946117
3.787745743
3.785339751
3.784121491
3.782901307
3.781679347
3.780457445
3.779234458
3.778012155
3.776789788
3.77556472
3.773133005
3.77191862
3.770709699
3.769511421
3.768329007
3.767153188
3.765983528
3.763658291
3.762500906
3.761342124
3.760180543
3.759016543
3.757851552
3.7566871
3.755530088
3.753239907
3.752107241
3.750980569
3.749857652
3.748730134
3.747607313
3.745376947
3.744265483
3.743165112
3.742068546
3.740965418
3.739856793
3.738747588
3.736529864
3.735429693
3.734333969
3.73324768
3.732172021
3.731112286
3.729005988
3.727945268
3.726890672
3.725843983
3.72481475
3.722772445
3.721753939
3.720734961
3.719712606
3.718685012
3.71662594
3.715590781
3.714560333
3.713538957
3.712518342
3.711504215
3.709510428
3.708522675
3.707536014
3.706553911
3.705571149
3.703648248
3.70269695
3.701746399
3.700794813
3.698872141
3.697895542
3.696921009
3.695952184
3.694986809
3.693077102
3.692126539
3.691186293
3.690261816
3.688428191
3.687508764
3.686583897
3.685659664
3.684735138
3.682873721
3.681937987
3.681002861
3.680066252
3.678200552
3.677270301
3.676338052
3.675406401
3.673545911
3.672619498
3.671696604
3.67078047
3.668962292
3.668059085
3.667153641
3.666248278
3.664441423
3.663534579
3.662630199
3.66173225
3.65997204
3.659108052
3.65824301
3.656514943
3.655648997
3.654788003
3.653931927
3.65223584
3.651398018
3.650568521
3.64890492
3.648067173
3.647228667
3.646389545
3.644718496
3.643891267
3.643076266
3.641470829
3.640681245
3.639891172
3.638304661
3.637514741
3.636726572
3.635938893
3.63435361
3.633552548
3.632742274
3.631105164
3.630280351
3.629456959
3.627824073
3.627009706
3.62619323
3.624550863
3.623726224
3.62289912
3.621247348
3.620423383
3.619599823
3.617959035
3.617137551
3.616315609
3.614658019
3.613829764
3.613003673
3.611354767
3.610529588
3.609711589
3.608088891
3.607278837
3.606464594
3.604844354
3.604035832
3.603227207
3.601593963
3.60076101
3.599100986
3.598280178
3.597466165
3.595850311
3.595047581
3.594249335
3.592664572
3.591876931
3.590326052
3.589553716
3.588775077
3.587214346
3.586437144
3.584890848
3.584125245
3.583365004
3.581865346
3.581120755
3.580375275
3.578863582
3.578100227
3.576596433
3.575851752
3.574375732
3.573638653
3.572897715
3.571413795
3.570673443
3.56918597
3.568441407
3.567699428
3.566220719
3.565489945
3.564045351
3.563331071
3.561918542
3.561217316
3.560515741
3.559117401
3.558413619
3.556993754
3.556281747
3.554873156
3.554174856
3.552789015
3.552101175
3.551418113
3.550062035
3.549385852
3.548045768
3.547380243
3.546050159
3.54538327
3.544055932
3.543392439
3.542056586
3.541390728
3.540082018
3.539434532
3.538790609
3.537509667
3.536874548
3.535617065
3.534986965
3.533721029
3.533089456
3.531843828
3.531222649
3.529970798
3.529341215
3.528086118
3.527466502
3.526234366
3.52562711
3.524437745
3.523853742
3.522682072
3.522091128
3.520900804
3.520301754
3.51912482
3.518545606
3.517391245
3.51681789
3.515681346
3.514557686
3.513995336
3.512883066
3.512333732
3.511232947
3.510681264
3.509565761
3.509003387
3.507878011
3.507323965
3.506233398
3.505695292
3.504605911
3.50351457
3.502976318
3.501907521
3.501371854
3.500291518
3.499750222
3.498670673
3.497596271
3.497065596
3.496010182
3.495483744
3.49442666
3.493895588
3.492845251
3.491818487
3.491306143
3.490279941
3.489762044
3.48872082
3.48767966
3.487165463
3.486146985
3.485640264
3.484630592
3.483632509
3.483137165
3.48214624
3.481655003
3.480675094
3.479685313
3.479192139
3.478204082
3.477714212
3.47675263
3.475798938
3.475321297
3.474366004
3.47341952
3.472941128
3.471972439
3.471482808
3.47050862
3.469550706
3.469075257
3.468111347
3.467145169
3.466671893
3.465738627
3.464811203
3.464347356
3.463413058
3.462456426
3.461968034
3.460989165
3.460026382
3.459548919
3.458597679
3.457642952
3.457164598
3.456216531
3.455276464
3.454807334
3.453876203
3.452944008
3.452473147
3.451531983
3.45060108
3.449686218
3.449234819
3.448339576
3.447456535
3.447017005
3.446141492
3.445254636
3.444348207
3.443891881
3.442974111
3.442057413
3.441600257
3.440686125
3.439779208
3.438879779
3.438430957
3.437539387
3.436665733
3.435794083
3.435358237
3.434486553
3.433626123
3.433200056
3.432354608
3.431520783
3.430704806
3.429893189
3.429488868
3.428682555
3.427866644
3.427052373
3.426644619
3.42583269
3.425034566
3.424243659
3.423852285
3.423077733
3.422320586
3.421575168
3.420823316
3.420443887
3.419680122
3.418930585
3.418193468
3.41745859
3.417090555
3.416356583
3.415628042
3.414904323
3.414182222
3.413819618
3.413079968
3.4123381
3.411605333
3.410884975
3.410531427
3.409833721
3.409132977
3.408439427
3.40774223
3.40704249
3.406697877
3.406015116
3.405331174
3.404649706
3.403978284
3.403312238
3.402659594
3.402334985
3.401684138
3.401025167
3.400366718
3.399714241
3.399063374
3.398417276
3.397774174
3.397455639
3.396828717
3.396218483
3.395616033
3.395009476
3.394397559
3.393778927
3.393168393
3.392869867
3.392276852
3.391682851
3.391099304
3.390520623
3.389939427
3.389350006
3.388746713
3.388139859
3.38754091
3.386955607
3.386379817
3.386086686
3.38550779
3.384944796
3.384390472
3.383833594
3.383273835
3.382707805
3.382150661
3.381593846
3.381044334
3.380498132
3.379954285
3.379424808
3.378905863
3.378390628
3.377879716
3.377371114
3.376866728
3.37636862
3.37587041
3.375379706
3.374894445
3.374652595
3.374163141
3.373675447
3.373193489
3.372715017
3.372242739
3.371769015
3.371300233
3.370833786
3.370379527
3.369924528
3.369463202
3.36899599
3.368305099
3.367851682
3.367394663
3.366939962
3.366495013
3.366056233
3.365630587
3.365208676
3.364781267
3.364348216
3.363923578
3.363508095
3.363100328
3.362690056
3.362288088
3.361888467
3.361486162
3.361079778
3.360669752
3.360253676
3.359845083
3.359262539
3.358874874
3.358485088
3.358106838
3.357741607
3.35737358
3.357000714
3.356621187
3.356245955
3.355884101
3.355529329
3.355004349
3.354650772
3.354297176
3.353947362
3.353594748
3.353240034
3.352891448
3.352548622
3.35222055
3.351744323
3.351431374
3.351113587
3.350783843
3.350459668
3.350141545
3.349831641
3.349380862
3.349087905
3.348804826
3.34852836
3.348248581
3.347962573
3.347538417
3.347260536
3.346992067
3.346733421
3.346478971
3.346227658
3.345859467
3.34562087
3.345374476
3.345116181
3.344863262
3.344483606
3.344237063
3.343993568
3.343751385
3.343513728
3.343147353
3.342901901
3.342655114
3.342413058
3.342176747
3.341825662
3.341602157
3.34138495
3.341164929
3.340829728
3.340613336
3.340399084
3.340184805
3.339871518
3.339665643
3.339462543
3.339260304
3.338955134
3.338751752
3.338547837
3.338350361
3.338068429
3.337883525
3.337702142
3.337438504
3.337257143
3.33706663
3.336869642
3.336580141
3.336390137
3.336201335
3.335921141
3.335735227
3.335550679
3.335267913
3.33506761
3.334872947
3.334587365
3.334390223
3.33419028
3.333909116
3.333726219
3.333548116
3.333269254
3.333077086
3.332888435
3.332612609
3.332440004
3.332268095
3.332002696
3.331827799
3.331655917
3.331409638
3.33125437
3.331105716
3.330891271
3.330758916
3.330567471
3.330430759
3.330293641
3.330090012
3.329952914
3.329750327
3.329627625
3.329507858
3.329342217
3.329232181
3.329062617
3.328952509
3.328800949
3.328702868
3.328608523
3.328480173
3.328387162
3.32824449
3.328148061
3.328009559
3.327921987
3.327836002
3.327699576
3.327603091
3.327461929
3.327367456
3.327220468
3.327124786
3.326994238
3.326904673
3.326777856
3.326690094
3.326554036
3.326459609
3.326319633
3.32623007
3.326104224
3.326030944
3.325926905
3.325849427
3.325727026
3.325643852
3.325530605
3.325457562
3.325348485
3.325279171
3.325173449
3.325100786
3.324975634
3.324888669
3.324766707
3.324662402
3.324599155
3.32451486
3.324464537
3.324390637
3.324335458
3.324260985
3.32420049
3.324165608
3.324108847
3.324073899
3.324015716
3.323974503
3.323908696
3.323849556
3.323815149
3.32377592
3.323752317
3.323715645
3.323673443
3.323648329
3.323623694
3.323603759
3.323593693
3.323584715
3.323578195
3.323565788
3.323552721
3.323553329
3.323560389
3.323579801
3.323600225
3.323629574
3.323652675
3.323672641
3.32370727
3.323752934
3.323788204
3.32384667
3.32390798
3.32394698
3.323997271
3.324055922
3.324095372
3.324165444
3.324243688
3.324337919
3.324398239
3.324486704
3.324571968
3.324637142
3.32474818
3.324877698
3.325003359
3.325085992
3.325209084
3.325330799
3.325450532
3.325536052
3.32567202
3.325814503
3.325946952
3.326035237
3.326178995
3.326324551
3.326472715
3.326618537
3.326711283
3.326842422
3.326966195
3.327092909
3.327236511
3.327341524
3.327511768
3.327679848
3.327844936
3.328009377
3.32812712
3.328310933
3.328491653
3.328677667
3.328866242
3.32905103
3.329172024
3.329361666
3.329555257
3.329758473
3.329965902
3.33016926
3.330372343
3.330508353
3.330719736
3.330939928
3.331177094
3.331408682
3.331639726
3.331873881
3.332115583
3.332359937
3.332527548
3.332788547
3.333051776
3.333309677
3.333575321
3.333855258
3.334140505
3.334431883
3.334727255
3.335021338
3.335308408
3.335602471
3.335897031
3.336195896
3.336495732
3.336785414
3.337073488
3.337268523
3.337569792
3.337881249
3.338193073
3.338509987
3.338832662
3.339158174
3.339485902
3.339821852
3.34016797
3.340517763
3.340865844
3.341212875
3.341566978
3.3419247
3.342407596
3.342772906
3.343129419
3.34348291
3.343845327
3.344219721
3.344595676
3.344978799
3.345367049
3.345744422
3.34612106
3.346500897
3.346885764
3.347269257
3.347658625
3.348055035
3.348575611
3.348969325
3.349369262
3.349780569
3.35018933
3.350595347
3.351001456
3.35141444
3.351834747
3.35239358
3.352809635
3.353221827
3.353631854
3.354051411
3.354472278
3.35504402
3.35547373
3.355896284
3.356320776
3.356748567
3.357178177
3.357753796
3.358188854
3.358621324
3.359055127
3.35949431
3.360086635
3.360535993
3.360979463
3.361416968
3.361853023
3.362429046
3.362864089
3.363303052
3.363742924
3.364330541
3.364772916
3.365213756
3.365659171
3.366255877
3.366692868
3.367126835
3.367567001
3.368160948
3.368611619
3.369064455
3.369514402
3.370108908
3.370557588
3.371002121
3.371596127
3.372042129
3.372492634
3.373090008
3.373538938
3.374002183
3.374625557
3.375087929
3.37554925
3.376166337
3.376632335
3.377107264
3.37773546
3.378203507
3.378664878
3.379278195
3.379734489
3.380348367
3.380808958
3.381266737
3.381878991
3.382342867
3.382962266
3.383429179
3.383893918
3.384513637
3.384985499
3.38562572
3.386111323
3.386765156
3.387258904
3.387746824
3.388403499
3.388892112
3.389541779
3.390035911
3.390695993
3.391185383
3.391845405
3.392342146
3.393008647
3.393507137
3.39417001
3.394667458
3.395338848
3.39585129
3.396530418
3.397041178
3.397725619
3.398241135
3.398933461
3.399460742
3.400161034
3.400683078
3.401384651
3.401914487
3.402626546
3.403335654
3.403862952
3.404574955
3.405114565
3.405845296
3.406396908
3.407122888
3.407854864
3.408409202
3.409150629
3.409708082
3.410462162
3.411218769
3.411787112
3.412551756
3.413323186
3.413898601
3.414664618
3.415432661
3.416009715
3.416784147
3.417557487
3.418135171
3.418913659
3.41969258
3.42027317
3.421049812
3.421823029
3.422404957
3.423182907
3.423965411
3.42455148
3.425326627
3.42610762
3.426888183
3.427475712
3.42825745
3.429037675
3.429822593
3.43041216
3.431199781
3.431986765
3.432776788
3.433370828
3.434169027
3.434962796
3.435756569
3.436345948
3.437135927
3.437934884
3.438735833
3.43953803
3.440341027
3.440942501
3.441748005
3.442556978
3.443365739
3.444174637
3.444976842
3.445581722
3.446397863
3.447215816
3.448033606
3.448854854
3.449674958
3.450495337
3.451103984
3.451913893
3.452727023
3.453542055
3.454365085
3.455183327
3.455998037
3.456813954
3.457636193
3.45845444
3.45927256
3.460086735
3.460907819
3.461741533
3.462367079
3.463200251
3.464032427
3.464865129
3.465700935
3.466537556
3.4673731
3.468213568
3.469054528
3.469899795
3.470741368
3.471583514
3.472427516
3.473276145
3.474123056
3.475180577
3.476021699
3.476864421
3.47770509
3.478547998
3.479391798
3.480232467
3.481069479
3.481905102
3.482737921
3.483567661
3.484394925
3.485225826
3.486265055
3.487096824
3.487928638
3.488763823
3.489600307
3.490442568
3.491283641
3.492122565
3.49317413
3.494017212
3.49485988
3.495695932
3.496534133
3.497381439
3.498437084
3.499278907
3.50010949
3.500936474
3.501763369
3.502793144
3.503615294
3.504432162
3.50524819
3.506271544
3.507087748
3.507902753
3.508714662
3.509723608
3.510523767
3.51131755
3.512118277
3.513116174
3.513909542
3.514702698
3.515493463
3.516480631
3.517268322
3.518057421
3.519043735
3.519838875
3.5206333
3.521620476
3.522408817
3.523195112
3.524178284
3.52496316
3.525942399
3.526726476
3.527508186
3.528492559
3.529284058
3.530073913
3.531066839
3.531862987
3.532860338
3.533656218
3.534453533
3.535455866
3.536253484
3.537249467
3.538044033
3.539036358
3.539828495
3.54081692
3.541605974
3.54259563
3.543389101
3.544380467
3.54517355
3.546163517
3.546957256
3.547949899
3.548741786
3.549730463
3.550518464
3.551510125
3.552302914
3.553287769
3.554082355
3.555077844
3.555871167
3.556866085
3.557866831
3.558668341
3.559668011
3.560470117
3.561475361
3.562484989
3.563294442
3.564302605
3.565113031
3.566131616
3.567149229
3.567965267
3.568987955
3.570015244
3.57083332
3.571847329
3.572859585
3.573668601
3.574680151
3.575687503
3.576495679
3.577510171
3.578522756
3.579537001
3.580347882
3.581359104
3.582366974
3.583173807
3.584180553
3.585187999
3.586191144
3.587194046
3.587998119
3.589003409
3.590009272
3.591018406
3.591825121
3.592832399
3.593837045
3.594836533
3.595829241
3.596819339
3.597612291
3.598601996
3.599591506
3.600586306
3.601570752
3.602550519
3.603529543
3.604310175
3.605283663
3.606258169
3.607233094
3.608209756
3.609194675
3.610176562
3.611161934
3.612146347
3.613130579
3.614111189
3.615095704
3.616078203
3.617061155
3.617848888
3.61883379
3.619816307
3.620795887
3.621774801
3.622753869
3.623727338
3.624888627
3.625861942
3.626835211
3.627805856
3.628774439
3.629746951
3.630715181
3.631682707
3.632649117
3.633618443
3.634588935
3.635558197
3.636518302
3.637473808
3.638426665
3.639564581
3.640510268
3.641452828
3.642391331
3.643320797
3.6442527
3.645185667
3.646309139
3.647240711
3.648173238
3.649106461
3.650036498
3.651145963
3.652066756
3.652982174
3.653893652
3.65480823
3.655903336
3.656809951
3.657714638
3.658619585
3.659701296
3.660602958
3.661503172
3.662581302
3.663480901
3.664377232
3.665275551
3.666351507
3.667249126
3.668148211
3.669224714
3.670117021
3.671007673
3.672071818
3.672960958
3.673851004
3.674916358
3.675800476
3.67685832
3.677740012
3.67862084
3.679675245
3.680549753
3.681593051
3.682458278
3.683499251
3.684359047
3.685221452
3.686251653
3.68710841
3.688131231
3.688978421
3.689998047
3.690845422
3.691862248
3.692709904
3.69372272
3.694563431
3.695574789
3.696414436
3.697417406
3.698424293
3.699263911
3.700268002
3.701107713
3.702114533
3.702954418
3.703958202
3.704961751
3.705795182
3.706786759
3.707779719
3.708607474
3.709596833
3.710416809
3.711401783
3.712387346
3.713373862
3.714196802
3.715181542
3.716161596
3.716975219
3.717944677
3.718907667
3.719708835
3.720671304
3.721628704
3.722581669
3.723376015
3.724322274
3.725260898
3.726199344
3.727135877
3.727910966
3.728840977
3.729768504
3.730688923
3.731605139
3.732374034
3.733291962
3.7342015
3.735106944
3.736004011
3.736899931
3.737795804
3.738546717
3.739441322
3.740334043
3.741230964
3.742126178
3.743022855
3.743916409
3.744806137
3.745693755
3.746574666
3.747453055
3.748327112
3.749198608
3.750065959
3.750924755
3.751778901
3.752626207
3.753464678
3.754298158
3.755129094
3.755958838
3.75678515
3.757610234
3.758433436
3.759251163
3.760068527
3.760884614
3.761696261
3.762505428
3.763445008
3.764243907
3.765039849
3.765836132
3.766628157
3.767420067
3.768210173
3.769128414
3.769908801
3.770689121
3.771463743
3.772237332
3.773138436
3.773908517
3.774676696
3.775439648
3.776320925
3.777073363
3.777824885
3.778577881
3.779455403
3.780208224
3.78095582
3.781827153
3.7825705
3.783309963
3.784173445
3.784909616
3.78563983
3.786489706
3.787219888
3.787943916
3.788784277
3.789502371
3.79021558
3.791045226
3.791747047
3.79255922
3.793256397
3.794066039
3.794754656
3.795445775
3.796248141
3.796934464
3.797734591
3.798419262
3.799210387
3.799887824
3.800678373
3.801352874
3.80213867
3.802808882
3.803587738
3.804365727
3.805026058
3.80579341
3.806451596
3.807216422
3.807975428
3.808620657
3.809367134
3.8100018
3.810736316
3.811465893
3.812086657
3.812802945
3.813513008
3.814120568
3.814822686
3.815520357
3.816114218
3.816802333
3.817483627
3.818163066
3.818745336
3.819418359
3.820091667
3.820761564
3.821333929
3.82199851
3.822657807
3.823313465
3.823964796
3.824520053
3.825167508
3.825804191
3.826431342
3.827054983
3.827671464
3.82827797
3.828795412
3.829397962
3.830007261
3.830616209
3.83121932
3.831819715
3.832415954
3.833009065
3.833602549
3.834191719
3.834780665
3.835367818
3.835950356
3.836528529
3.837094655
3.837653881
3.838210066
3.838761426
3.839301849
3.839839363
3.840374185
3.840903097
3.841423961
3.841934751
3.842441323
3.843019986
3.843521863
3.844021371
3.844517074
3.845003455
3.845481292
3.846014151
3.846475159
3.846933699
3.847382205
3.847828077
3.848335073
3.848771692
3.849200126
3.84962317
3.850040036
3.850508959
3.85091545
3.851320752
3.851783849
3.8521847
3.852581379
3.853029262
3.85341754
3.8538024
3.854233765
3.85460507
3.854972093
3.855386068
3.855745795
3.856154807
3.856509636
3.856856251
3.857249018
3.85758996
3.857977533
3.858313219
3.858691409
3.859017708
3.859385561
3.859700098
3.860058934
3.860365942
3.860713675
3.861015994
3.86135733
3.861655436
3.861994891
3.86228864
3.862620617
3.862947068
3.863227335
3.863544053
3.863857727
3.864129376
3.86444072
3.864712315
3.86502171
3.865327822
3.865635212
3.865907114
3.866216954
3.866524595
3.866791744
3.867096157
3.867397401
3.867698555
3.867960277
3.868255556
3.868542592
3.868823841
3.869098934
3.869336408
3.869606376
3.869870052
3.870124367
3.870372204
3.870616418
3.870856788
3.871096466
3.871303861
3.87153164
3.871756368
3.871982606
3.872205065
3.872423859
3.872642136
3.872855906
3.873067897
3.873273727
3.873475292
3.873676483
3.873876299
3.874072259
3.874267162
3.874460145
3.874652715
3.874844059
3.875063293
3.875259311
3.875451736
3.87564146
3.875831945
3.87602412
3.876218277
3.87643907
3.87663072
3.876820261
3.877008193
3.877197435
3.877406957
3.87759336
3.877775564
3.877950455
3.87813914
3.878300015
3.878460371
3.878619562
3.87880091
3.878958615
3.879112064
3.879281304
3.879429999
3.879597092
3.87974593
3.879894978
3.880059406
3.880205637
3.880368217
3.880512687
3.880656127
3.880815407
3.880958307
3.881113424
3.881247976
3.881400157
3.881537667
3.881693518
3.881830304
3.881983573
3.882117353
3.882266997
3.882415066
3.882546261
3.882693341
3.882826101
3.882970313
3.883108509
3.883226524
3.883359366
3.883489999
3.883602501
3.88372794
3.883849837
3.883960129
3.884081173
3.884197241
3.884306849
3.884401195
3.884505086
3.884607219
3.884707048
3.884804005
3.88488716
3.884975752
3.885062022
3.885142595
3.88522677
3.885308688
3.885384912
3.885457447
3.885520171
3.885585268
3.885645579
3.885706176
3.885765632
3.885820784
3.885871015
3.885919937
3.885964836
3.886006585
3.886043553
3.88608069
3.886113292
3.886144612
3.886179228
3.886206983
3.88622997
3.886248643
3.886267595
3.88628261
3.886292722
3.88630172
3.886310262
3.88631927
3.88632651
3.886331624
3.88633533
3.88634217
3.886345767
3.886344539
3.886338889
3.886322529
3.886305868
3.886288477
3.886269249
3.886256193
3.886243563
3.886227688
3.886216875
3.886204022
3.886187024
3.886168569
3.886147292
3.886125084
3.886098801
3.886078224
3.886057096
3.886036615
3.886014873
3.885988173
3.88595832
3.885930805
3.885900196
3.885874581
3.88584584
3.88581479
3.885780094
3.885742828
3.885709594
3.885673394
3.885641143
3.885601995
3.885561715
3.885523316
3.885478001
3.88542815
3.885375766
3.885328242
3.885275147
3.885222889
3.885170282
3.885120591
3.88506133
3.884997833
3.884927217
3.884849332
3.88477193
3.884702194
3.884623356
3.884539583
3.884453081
3.884367113
3.884279188
3.884189147
3.884099199
3.884010624
3.883920048
3.883826499
3.883728971
3.88363309
3.883537087
3.883437203
3.88333459
3.883232018
3.883125975
3.883015658
3.882903121
3.882790423
3.882664293
3.882545173
3.882426871
3.882305794
3.882183332
3.882048539
3.881922362
3.881795809
3.881669388
3.881528536
3.881403157
3.881277381
3.881149345
3.881005619
3.880868872
3.880731216
3.88057661
3.880433078
3.880274824
3.880130309
3.879986932
3.879834945
3.879698848
3.879547675
3.879408909
3.879249134
3.879101373
3.878936547
3.878786402
3.878617566
3.87846334
3.878293243
3.87813608
3.877961977
3.877787717
3.877627314
3.877443139
3.877275273
3.877088456
3.876900355
3.876709978
3.876536095
3.876342486
3.876144822
3.875964302
3.875766928
3.875568348
3.875370864
3.875172289
3.874991543
3.874789267
3.874590252
3.874395203
3.874200904
3.874005454
3.873808053
3.873608376
3.873424687
3.873223288
3.873021877
3.87281928
3.87261482
3.872407775
3.872197493
3.871982903
3.871767447
3.871550774
3.871310372
3.871088509
3.870865531
3.870640443
3.870414487
3.870188934
3.869962044
3.86971116
3.869481235
3.869253885
3.86902443
3.868793854
3.868539884
3.868304094
3.868066891
3.867807164
3.867565307
3.867322453
3.86705741
3.86680766
3.86655681
3.866280217
3.866027028
3.865769071
3.865485478
3.865224078
3.864937364
3.864677369
3.864396744
3.864136061
3.863849937
3.863588824
3.863305078
3.863045323
3.862766479
3.86248746
3.862231744
3.861951774
3.86167255
3.861413006
3.861128609
3.860844809
3.860585085
3.860302357
3.860019186
3.859733192
3.859470143
3.859181275
3.858894192
3.85860206
3.858305727
3.858033542
3.857736261
3.857441255
3.857144415
3.856846943
3.856552033
3.856256952
3.855960153
3.85566291
3.855369995
3.855079337
3.854790951
3.854503186
3.854214246
3.853924716
3.853634359
3.853342836
3.853050564
3.852760054
3.852445754
3.852155682
3.851865782
3.851576095
3.851286613
3.850997692
3.850686469
3.850402734
3.850122706
3.849820255
3.849540996
3.849261432
3.848959905
3.848683957
3.848408699
3.848108872
3.847829765
3.847527095
3.847245856
3.846961363
3.846653887
3.846371597
3.846064666
3.845783599
3.845477553
3.845194273
3.844890744
3.844586002
3.844302078
3.843994376
3.843686048
3.84340108
3.843092732
3.842785992
3.842504736
3.842202007
3.841901632
3.841628603
3.841332494
3.841035593
3.840737721
3.840438862
3.840161847
3.839862292
3.839564969
3.839268875
3.838971201
3.838671686
3.838370762
3.838065761
3.837759526
3.837453846
3.837148298
3.836842889
3.836537412
3.836233787
3.835930119
3.835628848
3.835326951
3.835027469
3.83470328
3.834401378
3.834098801
3.833795997
3.833493446
3.833164232
3.832857151
3.832549915
3.832243305
3.831910571
3.831602325
3.831294667
3.830961831
3.83065194
3.830341255
3.830004093
3.829689953
3.829355446
3.829044277
3.828708359
3.82839717
3.828062572
3.827752025
3.827418123
3.827106392
3.826771069
3.826436755
3.826125437
3.825791401
3.825480637
3.825147804
3.824816089
3.824483527
3.824174669
3.823843984
3.823514139
3.823185078
3.822877692
3.822547935
3.822216449
3.821883545
3.821550776
3.821217449
3.820883272
3.820549125
3.820237036
3.819897624
3.819556797
3.819216007
3.818875602
3.818509012
3.818163449
3.817816017
3.817469778
3.817124552
3.816775509
3.816424435
3.816077664
3.815709117
3.815364664
3.8150199
3.814676044
3.814331361
3.813960845
3.813615247
3.813269172
3.812897266
3.812548747
3.812199197
3.81182471
3.81147469
3.811099962
3.810750257
3.810375714
3.81002444
3.809646049
3.809292442
3.808907476
3.808548316
3.808161224
3.807772939
3.807410902
3.807018508
3.806651098
3.806260331
3.80586767
3.805475228
3.805113096
3.804727298
3.804341062
3.803953333
3.803589472
3.803199474
3.802812314
3.802423793
3.802036522
3.801649024
3.801260823
3.80086692
3.800467634
3.8000682
3.799670429
3.799274578
3.798876662
3.798476599
3.798074468
3.797672543
3.79727431
3.796875608
3.796451826
3.796057453
3.795662384
3.795265478
3.79483632
3.794432204
3.794029091
3.793625316
3.793195849
3.792791985
3.792354702
3.791940172
3.791523565
3.791076315
3.790656882
3.790209957
3.789793569
3.789346602
3.78892307
3.788470309
3.788048035
3.787600157
3.787154123
3.786735067
3.786285375
3.785836158
3.785412498
3.784959216
3.78450685
3.784051997
3.78362439
3.783168001
3.782715141
3.782262522
3.781812424
3.781364499
3.780916405
3.780471032
3.780056726
3.779620829
3.779186938
3.778752984
3.778293444
3.777859009
3.777427427
3.776994537
3.77655808
3.776126253
3.775696767
3.775266663
3.774807608
3.774374873
3.773946688
3.773520732
3.773071699
3.77264897
3.772228695
3.771785004
3.771367399
3.77095107
3.770511014
3.770101651
3.769670891
3.769263939
3.768835735
3.768433399
3.768009379
3.767612605
3.767193395
3.76678263
3.76639845
3.765992196
3.765583186
3.76519513
3.764781864
3.764375454
3.763973383
3.763603372
3.763217418
3.762834664
3.762453072
3.762073513
3.761700106
3.761331399
3.76096375
3.76059908
3.760240993
3.759884821
3.759531639
3.759182612
3.75883729
3.75849687
3.75816004
3.757823073
3.757489605
3.757144194
3.756820542
3.756496639
3.756176574
3.755842623
3.75552944
3.755220702
3.75490136
3.754612536
3.754333917
3.75404288
3.753774048
3.753495337
3.753238234
3.752973365
3.752729124
3.752476524
3.75222982
3.752003358
3.751768814
3.751552514
3.751335626
3.751129232
3.750929933
3.75074968
3.750561451
3.750376696
3.750195839
3.750026362
3.749874127
3.74972115
3.749568326
3.749420014
3.749277965
3.749137647
3.74900342
3.748870708
3.748743937
3.748621897
3.748500989
3.748373945
3.748261336
3.748148514
3.748040684
3.747940141
3.74784402
3.747756002
3.74767448
3.747596358
3.747535002
3.747482246
3.747435286
3.747398738
3.747366563
3.747342062
3.747320038
3.747304247
3.747295183
3.747289496
3.747290206
3.747295308
3.747304802
3.747316409
3.747330602
3.747345048
3.747360969
3.747381285
3.747409621
3.747444162
3.74748597
3.747533813
3.7475888
3.747650175
3.747716563
3.747784829
3.747860148
3.747938145
3.748031015
3.74812801
3.748227698
3.748330743
3.748438317
3.748552217
3.748671149
3.74879701
3.748936282
3.749076201
3.749224845
3.749394388
3.749562199
3.749734883
3.749925704
3.750112181
3.750311796
3.750503464
3.750711518
3.750908353
3.751113958
3.751310547
3.751517045
3.751715574
3.75192709
3.752143454
3.75235203
3.752575797
3.75280696
3.753046721
3.753276569
3.753517861
3.753762439
3.754008531
3.754254134
3.754497644
3.754738991
3.754980281
3.755222816
3.755469105
3.755716923
3.755964351
3.756218031
3.756476148
3.756737118
3.757014811
3.757284865
3.757561431
3.757844423
3.758148603
3.758444055
3.758746555
3.759069299
3.759376391
3.759703112
3.760022012
3.760356435
3.760673112
3.76100819
3.761333592
3.761676884
3.762005556
3.762348856
3.762696856
3.76305218
3.763396769
3.763767707
3.764142567
3.76452147
3.764903413
3.765274709
3.76566997
3.766070195
3.766476256
3.766883359
3.767289162
3.767699255
3.768114009
3.768535249
3.768985776
3.769419838
3.769859742
3.770305855
3.770756366
3.771233165
3.771696356
3.7721654
3.772661379
3.773140071
3.773625722
3.774141141
3.774640767
3.775169882
3.775678549
3.776219666
3.776741696
3.777296356
3.777860427
3.778408506
3.778986859
3.779564745
3.780122463
3.780711931
3.78130934
3.781911909
3.78251536
3.783125421
3.7837132
3.784332344
3.784956709
3.785589997
3.786228531
3.786871554
3.787545909
3.788191584
3.788836552
3.789483724
3.79013319
3.790787371
3.791480569
3.79214987
3.792823158
3.793530021
3.794212571
3.79489752
3.795616957
3.796307151
3.79703417
3.797736802
3.798475222
3.79921701
3.799929352
3.800675526
3.801422151
3.802140573
3.802894377
3.803656728
3.804424638
3.805162073
3.805936627
3.806711158
3.807492909
3.808281689
3.809075307
3.809875133
3.810681621
3.81149167
3.812309978
3.813134532
3.813998448
3.81482588
3.815656783
3.816493221
3.817374869
3.818226364
3.819080856
3.819978391
3.820844079
3.821714222
3.822624679
3.823499293
3.82441639
3.82530161
3.826222927
3.827149625
3.82804747
3.828983715
3.829920756
3.830856164
3.831759947
3.832706141
3.83365615
3.834610665
3.835570016
3.836532443
3.837494838
3.838453331
3.839413613
3.840373432
3.841331592
3.842291581
3.843253135
3.844214486
3.845214205
3.846178822
3.847152553
3.848135903
3.849168623
3.850174959
3.851234441
3.852263755
3.853349059
3.854401419
3.855508391
3.856581485
3.857709515
3.858799438
3.85994296
3.861093544
3.862250811
3.863371408
3.864550537
3.8657389
3.86693723
3.868148302
3.869365086
3.870593395
3.871831609
3.873076835
3.874332891
3.875591614
3.876853639
3.878119822
3.879395703
3.88073038
3.88202269
3.88332036
3.884679431
3.885997642
3.887323623
3.888708064
3.890046315
3.89144158
3.892789674
3.894202536
3.89557003
3.897002089
3.898445236
3.899837064
3.901291086
3.902753855
3.904222229
3.905699338
3.907125425
3.908614222
3.910109528
3.911606515
3.913106261
3.914611436
3.916127308
3.917711602
3.919250818
3.920798727
3.922354986
3.923915787
3.925544332
3.927121844
3.928708204
3.930363836
3.931965875
3.933639118
3.935258623
3.936946533
3.938576937
3.940277482
3.941920016
3.943630373
3.945343361
3.94706
3.94871781
3.950442342
3.952173192
3.953908633
3.955646917
3.957388528
3.959135494
3.960886646
3.962642788
3.964402747
3.966168088
3.967935492
3.969707805
3.97155043
3.973332043
3.975116434
3.976973649
3.97876903
3.980569832
3.982441874
3.984250665
3.986130003
3.987945112
3.989830859
3.991722082
3.993551559
3.995452532
3.997355418
3.999261216
4.001103472
4.0030167
4.004936241
4.006858952
4.008788556
4.010724522
4.012666674
4.014614667
4.016568235
4.018525631
4.020556219
4.022520475
4.024488013
4.026464482
4.028515382
4.030499224
4.032488982
4.034555753
4.036552957
4.038626163
4.040633347
4.042715837
4.0448036
4.046822658
4.04891947
4.051022809
4.05313078
4.055171027
4.057290394
4.059415882
4.061547746
4.063683563
4.065825345
4.067971483
4.07012546
4.072284645
4.074522611
4.076691424
4.078866519
4.081046401
4.083306924
4.085494035
4.087686022
4.089958585
4.092158158
4.094437462
4.096645469
4.098933907
4.101227081
4.103448612
4.105749871
4.108052678
4.110359066
4.11259163
4.114905032
4.117223725
4.119548007
4.121875077
4.124204126
4.126535589
4.128871567
4.131212828
4.133636568
4.135985788
4.138334651
4.140684256
4.143114359
4.145465807
4.147897576
4.150253018
4.152689082
4.155049628
4.157490576
4.159855299
4.16230169
4.164750499
4.167122061
4.169576183
4.172032645
4.174492742
4.176956231
4.179422904
4.181891486
4.184361577
4.186831795
4.189303461
4.191776599
4.194251647
4.196807574
4.199285078
4.2017651
4.204327285
4.206813187
4.209301553
4.211871511
4.214363552
4.216938224
4.219516084
4.222014032
4.224594726
4.227176994
4.229681075
4.232267101
4.234856388
4.237448917
4.240042191
4.242636696
4.245232496
4.247829828
4.250430276
4.253032174
4.255717242
4.258324814
4.260934051
4.263543023
4.266234824
4.268845443
4.271536791
4.274147741
4.276840283
4.279450522
4.282142933
4.284836422
4.287448776
4.290143081
4.292836444
4.295530258
4.298223513
4.300836242
4.303530269
4.306223305
4.308915438
4.311687585
4.314378018
4.317067814
4.319757215
4.322445513
4.325215178
4.32790237
4.330670019
4.333357894
4.336044376
4.338810272
4.341574713
4.344255964
4.347018363
4.349777858
4.352456675
4.355215744
4.357972231
4.360725761
4.363475575
4.366222317
4.368964859
4.371705384
4.374442888
4.377178212
4.379908448
4.382718518
4.385447693
4.388175137
4.390977709
4.393697582
4.396496349
4.399212227
4.402005369
4.404716943
4.407506086
4.410294617
4.41300288
4.415789682
4.418575783
4.421362421
4.424148256
4.426935583
4.429722504
4.432508181
4.435291066
4.438073588
4.440935365
4.443716811
4.446496999
4.449276794
4.452135442
4.454911388
4.457765993
4.460541214
4.463395728
4.466250839
4.469025271
4.471875916
4.474725698
4.477573455
4.4803407
4.483183325
4.486022841
4.488860522
4.491695678
4.494606666
4.49743921
4.500270289
4.503101399
4.505931706
4.508838083
4.51166371
4.514568038
4.517394027
4.520296903
4.523119701
4.526019511
4.528918554
4.531738335
4.534634578
4.537529373
4.540425026
4.543319116
4.54621164
4.549103036
4.551993313
4.554884424
4.557775296
4.560665383
4.563632263
4.566522282
4.569412833
4.572379542
4.575266334
4.578231271
4.58111623
4.584075018
4.586953639
4.589908582
4.592862367
4.59581183
4.598757873
4.601625518
4.604567495
4.607506532
4.61052121
4.613456218
4.616390718
4.619324194
4.622257387
4.625266885
4.628197563
4.631128639
4.634134962
4.637064034
4.640069398
4.643072509
4.645998382
4.649000938
4.65200297
4.654927045
4.657927672
4.660929761
4.66393245
4.666935983
4.669938635
4.672939739
4.676017775
4.679019456
4.682020497
4.685098212
4.688098007
4.691095705
4.694172207
4.697172176
4.700248902
4.703323977
4.706322493
4.709397001
4.712472522
4.71554686
4.718619487
4.721690806
4.724763169
4.727834853
4.730905531
4.733975195
4.737043233
4.740109445
4.74324852
4.74630898
4.749445871
4.752505643
4.75564027
4.758696871
4.761828221
4.764958692
4.768012277
4.771139295
4.774263645
4.777386152
4.780505622
4.783620901
4.78673144
4.789840916
4.792947525
4.796125356
4.799224571
4.802322283
4.80549491
4.808588205
4.811751758
4.814835569
4.817992947
4.821146208
4.824217951
4.827360381
4.830496393
4.833627289
4.836752726
4.839870937
4.8429843
4.846090587
4.849189483
4.852281617
4.855442596
4.858526059
4.861606707
4.864756784
4.867829334
4.870971128
4.874109722
4.877169383
4.880295708
4.883416959
4.886532821
4.889644031
4.892751516
4.895852925
4.898952126
4.90204757
4.90513785
4.908224332
4.9113794
4.91445924
4.917536019
4.920681132
4.923751426
4.926889697
4.93002446
4.933085351
4.936212515
4.93933609
4.942454644
4.945570962
4.948686334
4.95179917
4.954909701
4.958015348
4.961118788
4.964216155
4.967378382
4.970466995
4.973621424
4.976702191
4.979853817
4.982931378
4.986076836
4.989221071
4.99236265
4.995498552
4.998562035
5.001691576
5.004885912
5.008007713
5.011125572
5.014239767
5.017346943
5.020518447
5.02361822
5.026780886
5.029872874
5.033030256
5.036114761
5.039264914
5.042412926
5.045560445
5.048638525
5.051783641
5.054923222
5.058129072
5.061261073
5.064387005
5.067511737
5.070633575
5.073818575
5.076929868
5.080105603
5.083209134
5.086379589
5.089545395
5.092640519
5.095802842
5.09896287
5.102122098
5.105276896
5.108428112
5.111576869
5.114719518
5.117854246
5.121053852
5.124185561
5.1273804
5.130505427
5.133695897
5.13681805
5.139998739
5.143171263
5.146276855
5.149447771
5.152614826
5.155778409
5.15893891
5.162095865
5.165315982
5.168469183
5.171619987
5.174763502
5.177962649
5.181088711
5.184277638
5.187467067
5.1905888
5.193779078
5.196972992
5.200169313
5.203368656
5.206570521
5.209776336
5.212986561
5.216199437
5.219416775
5.222703396
5.225925183
5.229209167
5.232427433
5.235711926
5.23893027
5.242212909
5.245497922
5.248785906
5.252076481
5.255368782
5.25866431
5.261963482
5.265263248
5.268561144
5.271921543
5.275217379
5.278513141
5.281875932
5.285243157
5.288549368
5.291921083
5.295286961
5.298650988
5.301949901
5.305314833
5.308747104
5.312116538
5.315487889
5.31885878
5.32223033
5.325668811
5.329042875
5.332487227
5.33586848
5.33931936
5.342768905
5.346216525
5.349598055
5.353043909
5.356490923
5.359933445
5.363438069
5.366870448
5.370296773
5.373720447
5.377211293
5.380635636
5.384121663
5.387607401
5.391021407
5.394493234
5.397957793
5.401420895
5.404882999
5.408343662
5.411800576
5.415254636
5.41870925
5.422228559
5.425679032
5.429127236
5.432637606
5.436143823
5.439580164
5.44307789
5.446572252
5.450064372
5.453551988
5.457037655
5.460519965
5.463995091
5.467466106
5.470993183
5.474457286
5.477917605
5.481438044
5.484955048
5.488405939
5.491917113
5.495422381
5.498925035
5.502423903
5.505922185
5.509419322
5.512907747
5.51639547
5.51994543
5.523424622
5.526899172
5.530429159
5.533954832
5.537415065
5.540940667
5.544458586
5.547971798
5.551484751
5.554989919
5.558490069
5.561982179
5.56546337
5.568999793
5.572469067
5.575996768
5.579461988
5.582983322
5.586493509
5.589932067
5.593419513
5.596899796
5.600374581
5.603843876
5.607373188
5.610839846
5.61430098
5.617814342
5.62126238
5.624767912
5.628205704
5.63169807
5.635187685
5.638670542
5.642147068
5.645621687
5.649091757
5.652555097
5.656016532
5.659480569
5.66300417
5.666467629
5.669991442
5.673452976
5.676971346
5.680487793
5.6840069
5.687525263
5.69104159
5.69455598
5.698066959
5.701574904
5.705134829
5.708627263
5.712113725
5.715653445
5.719186029
5.722656474
5.726182833
5.729709075
5.733233183
5.736757645
5.740280575
5.743801587
5.747375967
5.750886791
5.75439654
5.757964385
5.761471635
5.765038591
5.768606712
5.772173088
5.775736533
5.779300005
5.782858604
5.786415222
5.789968036
5.793517255
5.797121398
5.800662426
5.804263059
5.807802643
5.81139075
5.81497295
5.81854825
5.822122215
5.82569899
5.82928301
5.832862201
5.836435975
5.840062874
5.843630668
5.847253059
5.850814041
5.854430318
5.858040866
5.861647066
5.865249044
5.868843836
5.872428798
5.876009873
5.879587377
5.883220655
5.88678966
5.890415123
5.893981337
5.89759575
5.901207876
5.904817231
5.908421877
5.912024367
5.915637128
5.919255305
5.922876001
5.92655639
5.930183555
5.933872473
5.937509134
5.941207589
5.944911216
5.948620228
5.952333668
5.956052743
5.959774069
5.963504421
5.96724043
5.971041793
5.974792411
5.978603039
5.982355986
5.986165254
5.989969943
5.993774687
5.997571318
6.00135354
6.005125711
6.008946293
6.012701372
6.016444482
6.020236028
6.023961893
6.027732327
6.031496274
6.035253237
6.03900298
6.04274132
6.046461788
6.050177131
6.053946842
6.057660218
6.061371968
6.065134357
6.068890502
6.07263935
6.076326099
6.08006261
6.083795227
6.087521068
6.091295295
6.095009144
6.098717909
6.102474542
6.106168368
6.109909645
6.113640875
6.117362883
6.121074974
6.124784329
6.128489354
6.132187246
6.135880446
6.13962061
6.14330205
6.147035038
6.150713345
6.154437477
6.158155153
6.161868818
6.16557539
6.169278504
6.172977149
6.176726706
6.180418069
6.184152267
6.18782818
6.191548483
6.195256898
6.198909762
6.202606501
6.206345743
6.210022151
6.213689631
6.217350673
6.221058509
6.224714029
6.228418124
6.23211714
6.235763198
6.239455608
6.243140398
6.24682531
6.250558468
6.254236574
6.257906711
6.261617993
6.265274202
6.268983559
6.272689014
6.276390827
6.280082159
6.283765775
6.287450312
6.291125745
6.294792639
6.298506
6.302161327
6.305856643
6.309534866
6.313155768
6.31681569
6.320467348
6.324111379
6.327795071
6.331420641
6.335046713
6.338717384
6.342378664
6.345981184
6.349629286
6.353271246
6.356910551
6.360541255
6.364165629
6.367830952
6.371435295
6.375036449
6.378683899
6.38232662
6.385963679
6.389552494
6.393187884
6.396869792
6.400496197
6.404114508
6.407721524
6.411369035
6.414968348
6.418608609
6.422240733
6.425868483
6.429489947
6.433103883
6.436711216
6.440317341
6.443962584
6.447554566
6.451186206
6.45481333
6.458431227
6.461998855
6.465655132
6.469256225
6.472845393
6.476423457
6.480038948
6.483597216
6.487196056
6.490784194
6.494319708
6.497887002
6.501446854
6.505043783
6.508588395
6.512125792
6.515703747
6.519231299
6.522797034
6.526358928
6.529916785
6.533465442
6.537006051
6.54054572
6.544084869
6.547666377
6.551201142
6.554770501
6.558333973
6.561847414
6.565399148
6.568947736
6.572531335
6.576072529
6.579608636
6.583181679
6.586708407
6.590275114
6.593836686
6.59739977
6.600962943
6.604528387
6.608097308
6.611712279
6.615285543
6.61889762
6.622462136
6.626068637
6.62966847
6.633272105
6.636887547
6.640507886
6.64417211
6.647799201
6.651475288
6.655117051
6.658805942
6.662501473
6.666201008
6.669897759
6.673590046
6.677321142
6.681005569
6.684726914
6.688394153
6.692097009
6.695791057
6.699481732
6.703163326
6.706838488
6.710552235
6.714214333
6.717912926
6.721562671
6.72524917
6.728931274
6.732615776
6.736295521
6.739963051
6.743669366
6.747330545
6.751026257
6.754670952
6.758348614
6.76202107
6.765693603
6.76936268
6.773072272
6.776733508
6.780386981
6.784080073
6.787766155
6.791444365
6.795113263
6.798773536
6.802425178
6.806075164
6.809758828
6.81339459
6.81706666
6.820737069
6.824363727
6.82802561
6.831727921
6.835388102
6.839042539
6.842732275
6.846370749
6.85004493
6.853718572
6.857391056
6.861054999
6.864712515
6.868367572
6.872063471
6.875710921
6.879393658
6.883072329
6.886749822
6.890413501
6.894069284
6.897720539
6.901359857
6.905029743
6.908689132
6.912297728
6.915944639
6.91958577
6.923224349
6.926856832
6.930516241
6.934130068
6.937771882
6.941401377
6.944989076
6.948608008
6.952259115
6.955857177
6.959448285
6.963037825
6.96666282
6.970278775
6.973883588
6.977475544
6.981062496
6.984648011
6.988225049
6.991837028
6.99540498
6.99899884
7.002581107
7.006154439
7.00972458
7.013283728
7.01683855
7.020430443
7.023981626
7.027559907
7.031126121
7.034679167
7.038219866
7.041750603
7.045274936
7.048823599
7.052330178
7.055865497
7.059398184
7.062933383
7.066460515
7.069977727
7.073482791
7.0770172
7.080502806
7.084009745
7.087510697
7.091000733
7.094475497
7.09793687
7.101427466
7.104869434
7.108339927
7.11180022
7.115249178
7.118691216
7.122129629
7.125562065
7.129029548
7.132454967
7.135902712
7.13934971
7.142788049
7.146217998
7.149637388
7.153048922
7.15648902
7.15988752
7.163309249
7.166724269
7.17013377
7.17352975
7.176914563
7.180327971
7.183701124
7.187111292
7.190523838
7.193933173
7.197334863
7.200730738
7.204122278
7.207539703
7.210919804
7.214325326
7.217731157
7.221129897
7.224527525
7.227922787
7.231353633
7.234753352
7.238188054
7.241626358
7.245063132
7.248501703
7.251946188
7.255425552
7.258876373
7.262367499
7.265859252
7.269350965
7.272850147
7.276355793
7.279866975
7.2834213
7.286945486
7.29050618
7.29406879
7.297637902
7.301206818
7.304810283
7.308376451
7.311978637
7.315542174
7.319143556
7.32275307
7.326366251
7.330018044
7.333636934
7.33729197
7.340950656
7.344579331
7.348246152
7.35194172
7.355604031
7.359267945
7.362966855
7.366656593
7.370340899
7.374031086
7.377723743
7.381413448
7.385133873
7.388824133
7.392545238
7.396265686
7.399990357
7.403717835
7.40744694
7.411206579
7.414934953
7.418702645
7.422471148
7.426238667
7.430004651
7.433798451
7.437551546
7.441335473
7.445120991
7.448905558
7.452692123
7.456474555
7.46025968
7.464081792
7.467868518
7.47168294
7.475499321
7.479319809
7.483171385
7.48699153
7.490845904
7.49467042
7.498529711
7.502389558
7.506252539
7.510145069
7.514000263
7.517883154
7.521726667
7.52560542
7.529483669
7.533396283
7.537272531
7.541182887
7.545055497
7.548961396
7.552866235
7.556769032
7.560709265
7.564613101
7.568544018
7.572441277
7.576367173
7.580285251
7.584200542
7.588141751
7.592046107
7.59597727
7.599902845
7.603821731
7.607736855
7.611650493
7.615594028
7.61950099
7.623433071
7.627357848
7.631279034
7.63519775
7.639144522
7.643055803
7.64699647
7.650933688
7.654868122
7.658795784
7.662716535
7.666668942
7.670615008
7.67452124
7.678450918
7.682404244
7.686315977
7.690221301
7.694147754
7.698064462
7.701972138
7.705876148
7.70977369
7.713660681
7.717573654
7.721478114
7.725378794
7.729275106
7.73316592
7.737051585
7.740964514
7.744871866
7.748742097
7.752635947
7.756550362
7.760429387
7.764340344
7.768219423
7.772125015
7.776023441
7.779919585
7.783841559
7.787725861
7.79163777
7.795542379
7.799440883
7.803334731
7.807223273
7.811136997
7.815042122
7.818910862
7.822804169
7.826722534
7.830605679
7.834485451
7.838395716
7.84230603
7.846214562
7.850111382
7.854028935
7.857907412
7.861809359
7.865704164
7.869585565
7.873457575
7.877317519
7.881202226
7.885083113
7.888953988
7.892819094
7.896680263
7.90053533
7.904416451
7.908289687
7.912153661
7.916013673
7.919874097
7.9237294
7.927613325
7.931495612
7.935377561
7.939262538
7.943150077
7.947074016
7.950972324
7.954904886
7.958841263
7.962786953
7.966769085
7.970724885
7.974712168
7.978700391
7.982689909
7.986684725
7.990712578
7.994713732
7.998745779
8.002772217
8.00679644
8.01082181
8.014877145
8.018903046
8.022958604
8.027011629
8.031092996
8.035143832
8.039222144
8.043268135
8.047338983
8.051406631
8.055500354
8.059563375
8.063654049
8.067714663
8.071799346
8.075910831
8.07999356
8.084104503
8.088182392
8.09228617
8.09638464
8.100508995
8.104603178
8.1087251
8.112842483
8.116955117
8.121066071
8.125174927
8.129311426
8.133448139
8.137584406
8.141720017
8.145852934
8.149983462
8.154142618
8.158301939
8.162461796
8.166619096
8.170801631
8.174955361
8.179137448
8.183317079
8.187493524
8.19169413
8.195864938
8.200061134
8.204251269
8.208436453
8.21264992
8.21683045
8.221034094
8.225233215
8.229428733
8.233620463
8.237838032
8.242022737
8.246235649
8.250448878
8.254659947
8.258897506
8.263103739
8.267331915
8.271556673
8.275781039
8.280032429
8.284252768
8.288499788
8.29274224
8.29697855
8.301242542
8.305476985
8.309735022
8.31398801
8.318236145
8.322506019
8.326744104
8.331009987
8.335269135
8.339522879
8.343776591
8.3480545
8.35232971
8.356599972
8.360864737
8.365124034
8.36940805
8.373658822
8.377937638
8.382210918
8.386510721
8.390780667
8.395077627
8.399374231
8.403666409
8.407955702
8.41227182
8.416586109
8.42089785
8.425207948
8.429514612
8.433842191
8.43816594
8.442485559
8.446802317
8.451115883
8.455452253
8.459758949
8.464089385
8.468446979
8.4727789
8.477137921
8.481468257
8.485825584
8.490207438
8.494560894
8.498941438
8.503321521
8.507700485
8.512077149
8.516454469
8.520859349
8.525262413
8.529663857
8.53406408
8.538492125
8.542918398
8.547343716
8.551768096
8.556193079
8.560644743
8.565095924
8.569545654
8.573994785
8.578443169
8.582917593
8.587391103
8.59186491
8.596339653
8.600842177
8.605317473
8.609820613
8.614324529
8.618855465
8.623360001
8.627896034
8.632436186
8.636978059
8.641549836
8.646095555
8.650671857
8.65525336
8.659866497
8.664455268
8.669076844
8.673703369
8.678331704
8.682961096
8.687619933
8.692279816
8.696941955
8.701606102
8.706301787
8.710973464
8.715674344
8.72037647
8.725108825
8.729819358
8.734566706
8.739318929
8.744076499
8.748866488
8.753658975
8.758454684
8.763256476
8.768066017
8.772908009
8.777755197
8.782608517
8.787466404
8.792327452
8.797220885
8.802117308
8.807019395
8.811959564
8.816879907
8.821835843
8.826797795
8.831794506
8.836769584
8.841779586
8.846793076
8.851811513
8.856863146
8.861883921
8.866937546
8.871993359
8.877074503
8.882154652
8.887202204
8.892272376
8.897366476
8.902426062
8.90750836
8.912585074
8.917656246
8.922750971
8.927841547
8.932926705
8.938004148
8.943074529
8.948167393
8.953254683
8.958333315
8.963407227
8.96851186
8.973620435
8.978735285
8.983853063
8.989001205
8.99411946
8.999269687
9.004451572
9.009606884
9.014791931
9.01998032
9.025171832
9.030393081
9.035588535
9.040816682
9.046052825
9.051318937
9.056557889
9.061828374
9.067129909
9.07240756
9.077719568
9.083007799
9.088355977
9.093681264
9.099040171
9.10437285
9.109765797
9.115132891
9.120506974
9.125912897
9.131319924
9.136763534
9.142181008
9.14763069
9.153083617
9.158568283
9.164026691
9.169517294
9.175010741
9.180506538
9.18603479
9.191560794
9.197084181
9.202609215
9.208164525
9.213692926
9.219253815
9.224844873
9.230408427
9.236000683
9.241595716
9.247224726
9.252830697
9.258468943
9.264108727
9.269748719
9.275419266
9.281083638
9.286744619
9.292406836
9.298097512
9.303787943
9.309474769
9.315158882
9.32086903
9.32658011
9.332295556
9.33804491
9.343762929
9.349508218
9.355248248
9.361016206
9.36678313
9.372550452
9.378318659
9.384086621
9.389884796
9.395680899
9.401502736
9.407293271
9.413111397
9.418929964
9.424749256
9.430596019
9.436438685
9.442280885
9.448120701
9.453982482
9.459841806
9.465699477
9.471585486
9.477438866
9.483317879
9.489220286
9.495087638
9.500976737
9.506862268
9.512747532
9.518662824
9.524575899
9.53048208
9.536416259
9.542319315
9.548250276
9.554177933
9.560129669
9.566077681
9.572026859
9.577975591
9.583950887
9.589921213
9.59589026
9.601853717
9.607841891
9.613827723
9.619807492
9.625811171
9.631784109
9.637781432
9.643798675
9.649777916
9.655779329
9.661804848
9.667801959
9.673826481
9.679844483
9.685855105
9.691886419
9.697908325
9.70392234
9.709935148
9.715968033
9.721991642
9.728003478
9.734036171
9.740035148
9.74608172
9.752092943
9.758123901
9.764152871
9.770178025
9.776193591
9.782229047
9.788259054
9.794313562
9.800333123
9.806371945
9.812425378
9.818444538
9.824488966
9.83052813
9.836583335
9.842600415
9.848633774
9.854653904
9.860698673
9.866739042
9.872770204
9.878792819
9.88483449
9.890871126
9.896930657
9.902964191
9.909025228
9.915089166
9.921170611
9.927243626
9.933307222
9.939364226
9.945432972
9.951493247
9.957550692
9.96360596
9.969685801
9.975777346
9.981834545
9.987910927
9.993982952
10.00004867
10.00613412
10.01220828
10.01826729
10.02434239
10.03038052
10.036467
10.04252438
10.04860009
10.05465775
10.06070078
10.06676052
10.07281136
10.0788626
10.08493934
10.09100688
10.09706048
10.10308753
10.10912312
10.11514509
10.12117583
10.12717317
10.13319471
10.13923174
10.1452284
10.15123159
10.15724416
10.16322132
10.16921776
10.17521061
10.18121641
10.18720558
10.19317834
10.19913936
10.20512064
10.21109337
10.2170567
10.22303983
10.22901134
10.23499316
10.2409328
10.24688292
10.25282104
10.25877014
10.26470842
10.27063632
10.27658147
10.2825113
10.28843621
10.29436195
10.3003079
10.30624226
10.31219807
10.31815182
10.32409067
10.33001583
10.33595969
10.34189747
10.34783353
10.35378403
10.35972529
10.36565721
10.37160839
10.37755464
10.38352119
10.38944726
10.39538465
10.4013138
10.40724443
10.41314272
10.41901826
10.42488867
10.43074821
10.4365913
10.44243875
10.44826863
10.45407247
10.45988195
10.46567923
10.4714533
10.47722755
10.48297916
10.48871505
10.4944569
10.50015209
10.50586161
10.51152307
10.51718005
10.52283245
10.5284414
10.53406223
10.53969461
10.54530967
10.55094857
10.5565844
10.56223841
10.56789956
10.57355977
10.57924468
10.58492374
10.59057858
10.59624631
10.6019012
10.60756908
10.61321233
10.61886981
10.62454782
10.63022259
10.63589839
10.64157314
10.64726163
10.65295055
10.65866333
10.6643535
10.67008316
10.67579493
10.68152193
10.68724503
10.69299634
10.69874409
10.7044911
10.71027259
10.71606588
10.72186677
10.72770641
10.73355613
10.73941227
10.7452913
10.75117761
10.75706147
10.7629676
10.76886662
10.77478438
10.780701
10.78660377
10.79252794
10.79844469
10.8043597
10.81029535
10.81622077
10.82216159
10.82813088
10.8341072
10.84008744
10.84608921
10.85209284
10.8581252
10.86417071
10.87021769
10.87627309
10.88232557
10.8883815
10.89446468
10.90055448
10.90664628
10.91277121
10.91892157
10.92505439
10.93122939
10.93741063
10.94361765
10.94981417
10.95601443
10.96219646
10.96840086
10.97463008
10.98086459
10.98710546
10.99336045
10.99960122
11.00584814
11.01212556
11.01840442
11.02471101
11.03101643
11.03732758
11.04366928
11.05001948
11.05636829
11.06275438
11.06914141
11.07554262
11.0819438
11.08834923
11.09479011
11.10123288
11.10765352
11.11407392
11.12048347
11.12690781
11.13332156
11.13973187
11.14615921
11.15258329
11.15903959
11.16549759
11.17195097
11.17842336
11.18489533
11.19137303
11.19788121
11.2044081
11.21095309
11.21750056
11.22404972
11.23062379
11.23720857
11.2437986
11.25042992
11.25708144
11.2637231
11.2704248
11.27710848
11.28381084
11.29052275
11.29725379
11.30398206
11.3107292
11.31747874
11.32422215
11.33098598
11.33775781
11.34457085
11.35138741
11.35820852
11.36505144
11.37189209
11.37874166
11.38558279
11.39243073
11.39928004
11.40612544
11.41297309
11.4198379
11.4267254
11.43364786
11.44058554
11.447561
11.45456184
11.46157308
11.46864545
11.47571966
11.48281552
11.48992128
11.49706424
11.50422041
11.51138439
11.51857041
11.5257373
11.53292476
11.54012223
11.5473275
11.55454775
11.56176902
11.56900944
11.57623605
11.58345315
11.59068741
11.59793011
11.60516691
11.61242162
11.619676
11.62694106
11.63422834
11.64153142
11.64882647
11.6561227
11.6634213
11.67075099
11.67807586
11.68538214
11.69270002
11.70000514
11.70734171
11.71468227
11.72204137
11.72938645
11.73672785
11.74407649
11.75142367
11.75879208
11.76616722
11.77356244
11.7809318
11.78828798
11.79564771
11.8030336
11.81039719
11.81774168
11.82507258
11.83244759
11.8397935
11.84714595
11.85450801
11.86182539
11.86914452
11.87643204
11.88376405
11.89108119
11.89841771
11.90576642
11.91309387
11.92040834
11.927725
11.93503514
11.94237445
11.9497013
11.95701675
11.96433072
11.97165525
11.97895206
11.98623336
11.99351705
12.00079635
12.00809199
12.0153751
12.02263992
12.02985732
12.03705804
12.04423151
12.05138303
12.05852518
12.06565735
12.07275287
12.07982621
12.08688064
12.09392049
12.10096835
12.10799596
12.11507078
12.12215247
12.12927716
12.13643206
12.14362099
12.15084545
12.15811669
12.16538669
12.17266156
12.17997417
12.18730333
12.19466118
12.20202247
12.20941204
12.21681497
12.22423887
12.23166741
12.23909735
12.24654681
12.25400254
12.2614431
12.26888265
12.27631812
12.28375201
12.29122016
12.29868895
12.30617144
12.31368992
12.32120551
12.32875247
12.33627466
12.34383305
12.35139299
12.35896239
12.36655397
12.37419597
12.38182013
12.38950265
12.39715647
12.40482186
12.41252548
12.42023409
12.42798848
12.43574897
12.44349396
12.45126204
12.45900374
12.46676455
12.47455389
12.48235711
12.49015333
12.49795952
12.50579306
12.51363154
12.52148826
12.52938822
12.53734391
12.54530846
12.55329872
12.56132901
12.56940403
12.57752074
12.58563052
12.59375074
12.60188344
12.60999831
12.61811653
12.6262512
12.63440342
12.64255913
12.65071854
12.65890732
12.66705888
12.67522107
12.68341462
12.69161468
12.69982026
12.7080574
12.71632151
12.72460802
12.73294305
12.74130008
12.74970809
12.7581529
12.76661935
12.77511919
12.78360341
12.79214245
12.80066697
12.80925362
12.81784221
12.82646677
12.83506997
12.84367565
12.85230535
12.86092218
12.86954174
12.8781784
12.88679235
12.89539195
12.90401238
12.91266336
12.92129502
12.92993167
12.93862065
12.94731076
12.9560522
12.96482473
12.97358439
12.98237435
12.99120307
13.00000734
13.00883326
13.01764613
13.02646168
13.03529974
13.04415113
13.0529836
13.06177436
13.07059731
13.0793613
13.08813112
13.09686173
13.10564248
13.11440655
13.12317234
13.13194623
13.14069958
13.14942762
13.15814037
13.16686556
13.17561209
13.18437054
13.19313991
13.20189933
13.21067807
13.21944128
13.22818146
13.23691284
13.24567399
13.25444031
13.26318963
13.27193186
13.28064702
13.28936305
13.29808331
13.30680007
13.31549902
13.32423285
13.33295657
13.3417227
13.35044824
13.35920614
13.36795939
13.37670366
13.38545528
13.39422159
13.40296096
13.41167484
13.42035254
13.42903911
13.43774802
13.44643306
13.45508657
13.46374635
13.47233709
13.48092424
13.48945689
13.49791313
13.50633758
13.51473163
13.5230798
13.5314029
13.53968504
13.54793686
13.55615996
13.56434004
13.57248351
13.58058545
13.58867419
13.59672754
13.6047059
13.61260886
13.62046319
13.62822334
13.63594599
13.6435904
13.65116897
13.65872431
13.66621048
13.67366357
13.68106461
13.68841563
13.69572645
13.70302722
13.7103048
13.71752163
13.72472044
13.7318768
13.73902053
13.74613943
13.75320619
13.76026908
13.76730197
13.77433333
13.78132373
13.78832777
13.79532848
13.8023262
13.8093356
13.81633424
13.82333573
13.8303113
13.837293
13.84430379
13.85133367
13.85838658
13.86546067
13.87251813
13.87956555
13.88662169
13.89368487
13.90074894
13.90784312
13.91495013
13.92204705
13.92912751
13.93618883
13.94323634
13.9502802
13.95736434
13.96444761
13.97154865
13.97867973
13.98579471
13.99291733
14.00005254
14.00722664
14.01437202
14.02153907
14.02871733
14.03589819
14.0431118
14.05030602
14.05751304
14.06473151
14.07193568
14.07914215
14.08635306
14.09357729
14.10077775
14.10800312
14.11526341
14.12256552
14.12989996
14.13726532
14.14468932
14.1521897
14.1597522
14.16735344
14.17501785
14.18272632
14.19051676
14.19838769
14.20635876
14.21441829
14.22262718
14.23095862
14.23944421
14.24807627
14.25683985
14.26575334
14.27482329
14.2840489
14.29341791
14.30289282
14.31251376
14.32224005
14.33211187
14.3420952
14.35220099
14.36244666
14.3728181
14.38334814
14.39405188
14.40488547
14.41585261
14.42695113
14.43818091
14.4494901
14.46085788
14.47233586
14.48388388
14.49551344
14.50721857
14.51902712
14.53085763
14.54281107
14.55482569
14.5669239
14.57912337
14.59137875
14.60369297
14.61607518
14.62853118
14.64106866
14.65367739
14.66635362
14.67913928
14.69199876
14.70489623
14.71789525
14.73093822
14.74409552
14.75730325
14.77056987
14.78388195
14.79724173
14.81065921
14.82413634
14.83769078
14.85124842
14.86486079
14.87849217
14.89223788
14.90603042
14.91987864
14.93386172
14.9479149
14.96203827
14.97620703
14.99052833
15.00488609
15.01927917
15.03378725
15.04832234
15.06290945
15.07752138
15.09222874
15.1069807
15.12181524
15.13672066
15.15172117
15.16679817
15.18193821
15.19712503
15.21241807
15.22776324
15.24317056
15.25857677
15.2740195
15.28948929
15.30493273
15.3204309
15.33589721
15.35142314
15.36700946
15.38263193
15.39832157
15.41408692
15.42995395
15.44584735
15.46180766
15.47781602
15.49389949
15.51005289
15.5263079
15.54259116
15.55896814
15.57536998
15.59181997
15.6082807
15.62484041
15.64145106
15.65813019
15.67483293
15.69162612
15.70849356
15.72546938
15.74250601
15.75957981
15.77670991
15.79390093
15.81113319
15.82838532
15.84568383
15.86299667
15.88033478
15.89774348
15.91515103
15.9326048
15.95011138
15.96772443
15.98539957
16.00316774
16.0209927
16.03886464
16.05682912
16.07481824
16.09287039
16.1109512
16.12911268
16.14729193
16.16555075
16.18381406
16.20207048
16.2204059
16.23877228
16.2572334
16.27577854
16.29441245
16.31309569
16.33185888
16.35072328
16.36968519
16.38873031
16.40783727
16.42703607
16.44627257
16.46552882
16.48483399
16.50424451
16.52365656
16.54312363
16.56270584
16.58238834
16.6021139
16.62188561
16.64172124
16.66160381
16.68154243
16.70151134
16.72143982
16.74137873
16.76136425
16.78131582
16.80130438
16.82129139
16.84129678
16.86134795
16.88144512
16.90156511
16.92170234
16.94182148
16.962036
16.98232167
17.00269197
17.02306789
17.04352194
17.06406936
17.08459356
17.10511204
17.12565469
17.14619903
17.1666844
17.1871761
17.20765271
17.22818137
17.24875624
17.26941008
17.29011623
17.31083102
17.33154358
17.3523645
17.37329144
17.39428065
17.41531151
17.43640725
17.45749884
17.47869934
17.49990699
17.52114838
17.54241991
17.56378611
17.58517626
17.60665821
17.62815728
17.64977678
17.67144303
17.69314064
17.71491681
17.73674828
17.75867216
17.78065146
17.80264591
17.82470373
17.84683599
17.86895683
17.89111144
17.91334541
17.93559118
17.95793194
17.98035371
18.00289451
18.02547745
18.04810358
18.07078
18.09344323
18.11621379
18.13908748
18.1620399
18.18512522
18.20819957
18.2312641
18.2543038
18.27726279
18.30021439
18.32321384
18.34624454
18.36940182
18.39259268
18.41590271
18.43929021
18.46281786
18.48647493
