3.873276521
7.33533208
10.61072591
13.59017785
16.22397701
18.48997399
20.3867776
21.92843058
23.13994456
24.0534688
24.70498602
25.36989193
25.41393356
25.06825367
24.50393249
23.48945345
22.13167078
21.21729271
19.92463249
18.85869874
17.95814763
16.91145785
15.91402001
15.07437966
14.22601394
13.40760841
12.67875617
12.00166719
11.35906274
10.77091743
10.22699485
9.710777895
9.22886925
8.780756353
8.347280525
7.936728606
7.528926586
7.131592621
6.744177978
6.380650338
6.03378817
5.719103427
5.433730627
5.17437125
4.93773967
4.735571768
4.550625778
4.390989434
4.251556384
4.124741976
4.001884191
3.879786528
3.755018609
3.642013854
3.538878866
3.436615386
3.346756956
3.274293775
3.211061196
3.151114194
3.098187086
3.063524551
3.048366217
3.051397702
3.077988446
3.121512918
3.170520597
3.224529454
3.28415405
3.343146011
3.404589985
3.445707356
3.482403578
3.564569053
3.725681479
3.960248124
4.264672088
4.65991656
5.101814646
5.568942523
6.116744593
6.739665811
7.377149407
8.068232075
8.832114327
9.593297883
10.45417656
11.48117792
12.56602857
13.62079144
14.79673734
15.65511557
16.5013415
