61.48279771
51.77642355
44.06602556
38.93862803
35.31374732
32.56535375
30.31696643
28.43849394
26.86754052
25.52968403
24.35781832
23.31593995
22.3985742
21.59215696
20.86687373
20.20684826
19.60618826
19.0607971
18.5619324
18.10263581
17.67688637
17.28241207
16.91712017
16.5790564
16.26282314
15.96390009
15.67723862
15.40216117
15.138168
14.88450404
14.64105365
14.40858525
14.18965322
13.98309935
13.7874097
13.59917725
13.41881055
13.24539982
13.07849903
12.91708497
12.76243712
12.61466954
12.47341014
12.33741793
12.20673777
12.07873779
11.95238427
11.82764864
11.70571259
11.58700554
11.47117188
11.35825948
11.24971465
11.14589752
11.0453961
10.94700947
10.85212503
10.76073638
10.67225896
10.58560223
10.50185642
10.42178685
10.34450628
10.26847686
10.19329115
10.11890867
10.04547213
9.972312147
9.899728724
9.828582763
9.759378367
9.691556696
9.625602171
9.561835102
9.499997949
9.439245217
9.379483671
9.320935815
9.263748696
9.207361301
9.152294214
9.098645037
9.046333854
8.995091038
8.944452734
8.894120073
8.844470033
8.795151963
8.746223971
8.698285144
8.651656437
8.606202966
8.561577057
8.517653062
8.47476483
8.43274267
8.391537795
8.351128255
8.311680599
8.273082083
8.235241345
8.197943561
8.161010631
8.124212261
8.087489617
8.051042969
8.014702987
7.978404162
7.942504642
7.907375087
7.872985482
7.839171336
7.805848113
7.773138599
7.740890249
7.709191053
7.677854374
7.647162722
7.617156361
7.58778947
7.558583663
7.529404661
7.500220844
7.470999118
7.441634167
7.412389311
7.383360566
7.354691804
7.326546435
7.298984045
7.271983744
7.245485396
7.21930498
7.193449464
7.167957875
7.142914349
7.118268195
7.094112521
7.070507077
7.047296798
7.024238413
7.001210172
6.978267025
6.955308928
6.932329013
6.90957287
6.88719841
6.865268664
6.843734423
6.8224771
6.801558583
6.780897849
6.760403254
6.740051035
6.720027514
6.700296148
6.680839721
6.661664573
6.642832141
6.62420618
6.605560778
6.586890961
6.568255716
6.549668986
6.531048721
6.51259087
6.49429777
6.476313285
6.458602799
6.441124001
6.423910858
6.40684819
6.389957343
6.37328254
6.356877796
6.340866617
6.325104678
6.30956965
6.294065405
6.278579905
6.263035359
6.247293495
6.231463284
6.215765389
6.200324569
6.185132445
6.17021436
6.155557606
6.140988687
6.126529515
6.112149364
6.097920104
6.0838219
6.0699773
6.05637415
6.043028534
6.029777668
6.016510803
6.003251578
5.989996933
5.97668983
5.963351167
5.95006339
5.936911826
5.923984345
5.911227095
5.898653438
5.886223373
5.873887608
5.861579397
5.849383605
5.837431582
5.825646873
5.81400291
5.802520247
5.791266755
5.780061467
5.768735402
5.757373045
5.746035854
5.734722252
5.723386503
5.712089304
5.700901204
5.689888655
5.678979631
5.668132553
5.657405412
5.646749985
5.636135238
5.625595323
5.615235721
5.605151625
5.59520078
5.585252765
5.575255784
5.565224793
5.555102969
5.544829835
5.534476745
5.524234114
5.514135413
5.504154654
5.49429857
5.484565518
5.474882108
5.465279941
5.455753467
5.446371915
5.437039559
5.427804386
5.418686691
5.40968914
5.400741292
5.391782197
5.382773573
5.373692696
5.364575695
5.355433953
5.346333212
5.337363797
5.328495707
5.319676403
5.310895551
5.302170213
5.293468031
5.284804877
5.276275253
5.267834236
5.259486623
5.251192284
5.243056991
5.235028358
5.227012784
5.218968991
5.2108795
5.202754962
5.194565622
5.186339392
5.178144846
5.170035824
5.162085979
5.15420308
5.146337528
5.138507941
5.130734719
5.123036905
5.115386305
5.107839939
5.100394732
5.093037037
5.085709438
5.078310183
5.070841726
5.063282003
5.055692774
5.048054507
5.040432195
5.032892188
5.025431419
5.018045437
5.010691496
5.003380658
4.996145173
4.988949596
4.98182374
4.974775682
4.967823636
4.960962526
4.954146154
4.947384228
4.940655759
4.933900764
4.927093349
4.920249523
4.913396077
4.9065474
4.89973292
4.892968204
4.88630864
4.879726545
4.87315715
4.86657221
4.860010376
4.853489154
4.846987909
4.840561139
4.834251596
4.828053637
4.821909045
4.815728503
4.809510003
4.803276266
4.797002501
4.790671977
4.784286351
4.777952287
4.771699303
4.765541637
4.759424982
4.75335522
4.747311548
4.741292163
4.735301267
4.729345443
4.723416664
4.717545879
4.711735936
4.705966802
4.700153609
4.694261103
4.688342536
4.682407869
4.676426472
4.670409418
4.664448404
4.658529864
4.652677473
4.646848532
4.641047835
4.635291881
4.629604153
4.623978189
4.618434005
4.612962021
4.607535865
4.602141327
4.596749539
4.591346115
4.58590368
4.580404271
4.574889989
4.569407505
4.563951666
4.558505451
4.553115087
4.547795772
4.542539956
4.53731803
4.532133728
4.527005731
4.521953556
4.516910501
4.511926213
4.507017943
4.502179798
4.497362464
4.492511411
4.487634948
4.482724821
4.477769261
4.472736871
4.467694913
4.462696357
4.457737156
4.452806834
4.447912638
4.443048953
4.438205924
4.433383489
4.428613053
4.423913843
4.419275429
4.414712607
4.410197885
4.405741813
4.401299368
4.396837151
4.39232695
4.387778108
4.383233031
4.378693444
4.374176556
4.369727341
4.365348194
4.361031098
4.356743443
4.352487064
4.348244904
4.344020351
4.33980683
4.335598577
4.331430977
4.327294834
4.323177917
4.319067791
4.314936682
4.310778413
4.306601202
4.302396396
4.298174427
4.293991454
4.289865839
4.285773848
4.281719389
4.277694311
4.273687376
4.269681989
4.265693212
4.261721523
4.257794386
4.253927609
4.2501245
4.246334382
4.242546153
4.238738861
4.234923466
4.231110357
4.227288862
4.223468735
4.219680123
4.2159219
4.212218018
4.208539841
4.204898412
4.201285342
4.197697937
4.194139673
4.190619747
4.18714991
4.183737365
4.180362176
4.176997234
4.173614125
4.170177218
4.166669795
4.163129685
4.15956938
4.156011642
4.152499651
4.149049193
4.145660626
4.142311898
4.138988679
4.135705071
4.132448777
4.129228573
4.12603587
4.122884038
4.119760715
4.116649034
4.113522689
4.110370208
4.107209584
4.104023956
4.10080908
4.09757811
4.09433844
4.091111211
4.08791484
4.084761527
4.081630358
4.07850167
4.075400839
4.072300232
4.069204142
4.066119728
4.06308581
4.060095874
4.057134478
4.054184247
4.051227019
4.048255333
4.045266036
4.042259832
4.039238556
4.036206875
4.033185818
4.030190597
4.027234212
4.024305143
4.021396552
4.01851434
4.015640929
4.012772572
4.00992394
4.007092365
4.004287129
4.001496955
3.99870992
3.995902443
3.993082036
3.990245041
3.987385207
3.984517625
3.981675334
3.978850585
3.976057516
3.973282541
3.970524137
3.967795305
3.965099551
3.962417558
3.959747674
3.95709104
3.954460482
3.951859245
3.949275827
3.946685485
3.944100902
3.941514982
3.938907061
3.936270913
3.933605572
3.930937959
3.928295314
3.9256679
3.923063956
3.920469698
3.917894546
3.915332756
3.91277682
3.910241851
3.907725916
3.905243197
3.902781746
3.900345804
3.897910269
3.895466748
3.893011345
3.890546375
3.888061539
3.885548848
3.883043116
3.880574206
3.878140481
3.87574584
3.873386488
3.871046887
3.868727008
3.866412542
3.864101341
3.861805667
3.859535792
3.857296422
3.855068502
3.852835386
3.850588053
3.848325868
3.846028494
3.843713224
3.841387278
3.839058056
3.836748277
3.834475078
3.832234652
3.830001519
3.827779985
3.82557895
3.823377592
3.821162656
3.818962477
3.816790751
3.814643377
3.812511319
3.810393975
3.80826334
3.806120076
3.803945084
3.801754872
3.799554851
3.797369459
3.795208022
3.793078744
3.790985993
3.7889225
3.786865537
3.784809391
3.782768515
3.780750812
3.778748886
3.776763315
3.774804366
3.772872711
3.770945528
3.768993702
3.76702326
3.765039434
3.763038555
3.761015297
3.758989164
3.756982383
3.754990456
3.753013781
3.751058479
3.74912817
3.747207139
3.745286886
3.743372939
3.741460879
3.739570795
3.737704484
3.735860958
3.73401381
3.732158572
3.730289462
3.728412474
3.726512928
3.724593425
3.722675557
3.720769709
3.718895484
3.717048678
3.715226765
3.713415075
3.711621062
3.709840892
3.708073373
3.706315336
3.704575711
3.702858598
3.701140842
3.699416494
3.697675279
3.695905166
3.694112909
3.692298039
3.690469088
3.688653214
3.686860624
3.685099134
3.683362291
3.681641997
3.679928996
3.678214299
3.676500895
3.674799742
3.67311221
3.671436494
3.669778697
3.668134334
3.66649232
3.664835088
3.663156429
3.6614646
3.659748705
3.658014558
3.656277332
3.654554066
3.652861289
3.651185467
3.649519345
3.647863861
3.646224347
3.644591795
3.642968703
3.641361797
3.639766623
3.638192748
3.636636055
3.635091857
3.633535579
3.631966762
3.630369589
3.628748147
3.627116965
3.625477837
3.623846398
3.622233533
3.620649141
3.619080435
3.617518568
3.615953614
3.614399068
3.612858427
3.611328553
3.609807486
3.608303219
3.606824626
3.605351932
3.603858394
3.602357066
3.600846568
3.599327389
3.597796094
3.59626352
3.594751179
3.593264406
3.591791514
3.590320505
3.588858081
3.587401568
3.585944256
3.58449564
3.5830571
3.581631283
3.58021135
3.578804214
3.577400334
3.575988765
3.574562014
3.573125189
3.57167667
3.570230356
3.568786211
3.567352884
3.565940211
3.564533333
3.563128021
3.561728081
3.560333868
3.558945308
3.557565432
3.556194577
3.554835509
3.553490831
3.552157144
3.550831156
3.549505622
3.54816658
3.546807308
3.54544066
3.544079577
3.542719052
3.541363678
3.540023222
3.538693304
3.53736934
3.536047819
3.534722308
3.533401047
3.532087266
3.530777697
3.52948894
3.528219548
3.526958493
3.525692126
3.524411728
3.523125627
3.521826454
3.520511172
3.519192468
3.51787505
3.516563712
3.515264419
3.51398184
3.512708109
3.511439327
3.51018037
3.507666816
3.506430632
3.505213732
3.504010853
3.502829499
3.501647074
3.500459561
3.499267945
3.498070669
3.496863691
3.495648097
3.494430852
3.493220385
3.492019511
3.490836858
3.489668955
3.488503855
3.487338279
3.486172268
3.485011238
3.4838628
3.482716281
3.481567677
3.479303479
3.478168047
3.477017443
3.475847821
3.474668872
3.473483464
3.47229052
3.471100794
3.469930466
3.468775154
3.467631856
3.466493486
3.465357181
3.464224412
3.463094186
3.460854803
3.459754242
3.458659606
3.457560229
3.456454379
3.455340068
3.454209748
3.453061312
3.451907452
3.45075502
3.449601998
3.447320439
3.446191926
3.445065227
3.443946585
3.442835226
3.441740802
3.440659268
3.439583853
3.438514525
3.437457608
3.435335542
3.434254741
3.433165348
3.432071825
3.430977306
3.429888971
3.428813148
3.427741384
3.426679619
3.424588287
3.423551739
3.422522663
3.42150273
3.420489117
3.419484304
3.418489075
3.416526976
3.41554323
3.414545583
3.413528221
3.412503949
3.411484598
3.410475004
3.409477933
3.407537635
3.406585466
3.405632222
3.404683499
3.403740309
3.402808944
3.400976428
3.400076771
3.399187494
3.398296737
3.397400958
3.39649359
3.395568821
3.393679483
3.392741601
3.39180887
3.390886054
3.389966263
3.389055021
3.387247372
3.386345159
3.385447623
3.384558606
3.383678742
3.381959794
3.381104608
3.38023864
3.379360878
3.378475964
3.376671092
3.375760835
3.374858926
3.373965327
3.373083105
3.372204894
3.370471652
3.369615063
3.368758388
3.367908974
3.367070604
3.365404772
3.364569789
3.363729307
3.362872911
3.361104426
3.360208504
3.359314872
3.358427059
3.357541664
3.355803298
3.354944817
3.354094035
3.353254041
3.351600116
3.350790375
3.349994285
3.349206005
3.348416478
3.346812659
3.345990677
3.345160721
3.344324088
3.342652202
3.341824338
3.341005377
3.34019362
3.33857327
3.337765348
3.336965638
3.336167922
3.33459726
3.333830814
3.33306662
3.332290001
3.330714784
3.329918656
3.329116453
3.328322959
3.326773878
3.326015756
3.325259401
3.323764506
3.323029989
3.322303723
3.321588354
3.320182785
3.319488787
3.318802892
3.317415032
3.316701078
3.315976746
3.315250313
3.313793204
3.313074928
3.312368487
3.310961996
3.310261982
3.30957125
3.308211731
3.3075436
3.306885217
3.306226599
3.304897017
3.304223059
3.303541264
3.30217083
3.301483186
3.300803579
3.299474923
3.29881954
3.298166334
3.296858289
3.296209725
3.295564826
3.294299601
3.293679521
3.293058581
3.291810129
3.291179171
3.29053712
3.289251448
3.288616341
3.287990136
3.286754355
3.28614192
3.285533446
3.284340733
3.283759876
3.283184025
3.282045185
3.281478432
3.280908817
3.279745917
3.279158938
3.277974441
3.277386588
3.27680914
3.275681297
3.275120689
3.274561868
3.273452211
3.272906772
3.271842709
3.271315602
3.27079062
3.269733002
3.269197415
3.268121576
3.267587093
3.267058769
3.266027219
3.265518542
3.26501436
3.264020562
3.263530622
3.262570722
3.26209832
3.261151633
3.260669845
3.260182994
3.259189469
3.258688214
3.25769286
3.257200524
3.256708961
3.25573831
3.255257328
3.254307309
3.253842142
3.252936567
3.252492359
3.252050648
3.251150955
3.250690133
3.249748031
3.24927599
3.248357632
3.247905418
3.247002646
3.246559903
3.246120933
3.245239245
3.244805251
3.243956329
3.243530447
3.242672757
3.242237904
3.241358026
3.240923818
3.240073698
3.239655009
3.238826493
3.238410882
3.23799519
3.23717166
3.236767786
3.235968466
3.235568921
3.234741872
3.234315138
3.233445609
3.233004319
3.232134369
3.231708252
3.230870182
3.230453751
3.229631057
3.229226052
3.228440987
3.228056342
3.22729296
3.226905149
3.226108061
3.225708591
3.224919656
3.224535316
3.223778131
3.223402344
3.222656736
3.221916834
3.221549114
3.220822304
3.220464173
3.219737123
3.21936658
3.218617218
3.218244949
3.217518334
3.217164774
3.21647088
3.216130373
3.215460463
3.21481259
3.214495377
3.213862919
3.213539965
3.212874826
3.212536776
3.211843331
3.211160821
3.210826152
3.210162518
3.209840622
3.209213319
3.208899192
3.208288948
3.207695027
3.207386884
3.206749042
3.2064216
3.205767771
3.205124533
3.204808754
3.204181299
3.20387084
3.203247949
3.202628807
3.202325307
3.20171485
3.201404168
3.200767896
3.200121715
3.199799569
3.199167396
3.198860681
3.19826906
3.197683654
3.197392777
3.196825632
3.196278759
3.196009045
3.195450849
3.195163067
3.194577407
3.19399735
3.19371763
3.193169289
3.192640145
3.192382087
3.191874855
3.191389225
3.191154263
3.190683044
3.190198696
3.189946
3.189440393
3.188951743
3.188710265
3.188237994
3.187767652
3.187537526
3.187092701
3.186659761
3.186443649
3.185995747
3.185520386
3.185279664
3.184806488
3.184349215
3.183909389
3.183691806
3.183262593
3.182848281
3.182648103
3.182248733
3.181831164
3.181396452
3.181179134
3.180751039
3.180337547
3.180140115
3.179752543
3.179364631
3.179002082
3.178823557
3.178462749
3.178079301
3.177661683
3.177446623
3.177013215
3.176591433
3.176383155
3.175978457
3.175588331
3.175215517
3.174853889
3.174672318
3.174295527
3.173910918
3.173523629
3.173332028
3.172960235
3.172598929
3.172235642
3.172055317
3.171702922
3.171365055
3.171025574
3.170664835
3.170478398
3.170098832
3.169721706
3.16936599
3.169013665
3.168839614
3.168499313
3.168167623
3.167839895
3.167505882
3.16733139
3.166970284
3.166611267
3.166271537
3.165935933
3.165767206
3.165448847
3.165156061
3.164875767
3.164589378
3.164288253
3.164131415
3.163816534
3.163508463
3.163215394
3.162935734
3.162658654
3.162389022
3.162255733
3.161991196
3.161721605
3.161431305
3.161131446
3.160838202
3.160559154
3.160280164
3.16014299
3.159869994
3.159611612
3.159352738
3.159083755
3.158805361
3.158525126
3.158253283
3.158122665
3.157874738
3.157636519
3.157415031
3.157209081
3.156996799
3.15677449
3.156536164
3.15628739
3.156045231
3.155816158
3.155595737
3.155485792
3.155271696
3.155063358
3.154858651
3.154642561
3.154413083
3.154177108
3.153954784
3.153743436
3.153543167
3.153350269
3.153158697
3.152970234
3.152779296
3.152576887
3.152353171
3.152121234
3.151899857
3.15169384
3.151496054
3.151306073
3.15112371
3.151034658
3.150854625
3.15066444
3.150471558
3.150282391
3.150108754
3.149947763
3.149802295
3.149665145
3.149531967
3.14940092
3.149252504
3.149096836
3.148855816
3.14870933
3.148568505
3.148431421
3.148306103
3.148193125
3.14808515
3.147968422
3.14783045
3.147680146
3.147535506
3.147406262
3.147286301
3.147171921
3.147065055
3.146969576
3.146871121
3.146761065
3.146633852
3.146509985
3.146398389
3.146241218
3.146140763
3.146047987
3.14596249
3.145873762
3.145771225
3.145655547
3.145541466
3.145439686
3.145351014
3.145272475
3.145174991
3.145116816
3.145057518
3.144994381
3.14492071
3.14484418
3.144778545
3.144715841
3.14465619
3.144576319
3.144528955
3.144481225
3.144419688
3.144345686
3.144270791
3.144206019
3.144139211
3.14410772
3.144091089
3.144084624
3.144078648
3.14405872
3.144026297
3.144008208
3.143998803
3.143998959
3.144004495
3.144016685
3.144043518
3.144057288
3.144061421
3.14405312
3.1440475
3.14405881
3.144073881
3.144092553
3.144110344
3.144129468
3.144146554
3.144151258
3.144158341
3.144167885
3.144185357
3.144214647
3.144230829
3.144243488
3.144248238
3.144240778
3.144234445
3.144235408
3.144241283
3.144255529
3.144269327
3.14429333
3.144322079
3.144355014
3.144365063
3.144370892
3.144384344
3.14441964
3.144447928
3.144480752
3.144525904
3.144541419
3.144538189
3.144530074
3.144525557
3.144532324
3.144539949
3.144553463
3.144562901
3.14457053
3.144567026
3.144556077
3.144549372
3.144545544
3.144551212
3.144562546
3.14458915
3.144603974
3.144608313
3.144603611
3.144607314
3.144617031
3.144634083
3.144653863
3.144675834
3.144692752
3.144684241
3.144671435
3.144662139
3.144664165
3.144670412
3.144695229
3.14471934
3.144752709
3.144765165
3.144768639
3.144769424
3.144774793
3.144784814
3.144798576
3.144820177
3.144844731
3.144855407
3.144864694
3.144871973
3.144894666
3.144913915
3.144939145
3.144979108
3.144995707
3.14500377
3.145004503
3.145011415
3.145027909
3.145049531
3.145085629
3.145110401
3.145134732
3.145140531
3.145142265
3.145143695
3.145154496
3.14516795
3.14518977
3.145203389
3.145209156
3.145204583
3.145201437
3.145204541
3.145220524
3.145239629
3.145277733
3.145298496
3.145307447
3.145305872
3.145313778
3.145323022
3.145347388
3.145367119
3.145391877
3.145401056
3.145387636
3.145375051
3.145364373
3.145358792
3.145357891
3.145360197
3.145357094
3.145341904
3.145323832
3.145299862
3.145285782
3.145284097
3.145295644
3.145304388
3.145314015
3.145315338
3.145323735
3.145351945
3.145378067
3.145421266
3.145453698
3.145498963
3.1455314
3.145554547
3.145592618
3.145636074
3.145668497
3.145721914
3.145756397
3.145796048
3.145829011
3.145860327
3.14591701
3.145984264
3.146039596
3.146119446
3.146188847
3.146230398
3.146303232
3.146384201
3.146442393
3.146537065
3.146630017
3.14668301
3.146746561
3.146813329
3.14685811
3.146927747
3.147002361
3.1470753
3.1471234
3.147195878
3.147272222
3.147330695
3.147419576
3.147516547
3.147611606
3.147661784
3.147727711
3.147791669
3.147864397
3.147919662
3.148001742
3.148085102
3.148150323
3.148185898
3.148243986
3.148302137
3.148364013
3.148431281
3.148470584
3.148514852
3.148555633
3.148597473
3.148643677
3.148680728
3.148740148
3.148786657
3.148820902
3.148856477
3.148886246
3.148937068
3.148991847
3.149059076
3.149121967
3.149181569
3.149224257
3.149298617
3.149376438
3.149458696
3.149535991
3.149607203
3.14966851
3.149707207
3.149766847
3.14984195
3.149924228
3.149997467
3.150053591
3.150107662
3.150165679
3.150234172
3.150285679
3.150366722
3.150434753
3.150492909
3.150552068
3.150618632
3.150686782
3.150756166
3.150822263
3.150877175
3.150932072
3.151001096
3.151078551
3.151165747
3.151256919
3.151333727
3.151408264
3.151464156
3.151560793
3.151668625
3.151779592
3.151882043
3.151968843
3.152055514
3.152149446
3.15225024
3.152365209
3.152483831
3.152590801
3.152689087
3.152790127
3.15289693
3.15305291
3.153168967
3.153274763
3.153374888
3.153481776
3.153598784
3.153714614
3.153831124
3.153942848
3.154045025
3.154151332
3.154262229
3.154379162
3.154496975
3.154611298
3.154717439
3.154867542
3.154989447
3.155113299
3.155241855
3.155366277
3.155485378
3.155606471
3.155738147
3.155874366
3.156063152
3.156200078
3.156325768
3.156451515
3.156585028
3.1567235
3.156915835
3.157059026
3.157185671
3.157312579
3.15745078
3.157592944
3.157792363
3.157946571
3.158091662
3.158238463
3.158395643
3.158617425
3.158787126
3.1589524
3.159109369
3.159267912
3.159486249
3.159654556
3.15982202
3.159984561
3.160187317
3.160330083
3.160479304
3.160637313
3.160851202
3.161004473
3.161150905
3.161298511
3.161507299
3.161667478
3.161827074
3.16197652
3.162157921
3.162302326
3.162447563
3.162643846
3.162791093
3.162927215
3.163099065
3.163232893
3.163375011
3.163568671
3.163712117
3.163851305
3.164039212
3.164184586
3.164332578
3.164528542
3.164674015
3.164811029
3.164998274
3.165141584
3.165335338
3.165478761
3.165614257
3.16578636
3.165915163
3.166092444
3.166231563
3.166370639
3.166540137
3.16666905
3.166851104
3.166989073
3.167170685
3.167300828
3.167420823
3.167582677
3.167710097
3.167879426
3.167999148
3.168150027
3.168267522
3.168435793
3.168567095
3.168742866
3.16886362
3.169022329
3.169148282
3.169322513
3.169451247
3.169613381
3.169727615
3.169883197
3.170003214
3.170163418
3.170283154
3.17044046
3.170554823
3.170716832
3.170848608
3.171023925
3.171190542
3.171308744
3.171471577
3.171595513
3.171763833
3.171888668
3.172045611
3.172205103
3.172329284
3.172492719
3.172615383
3.172777392
3.172935162
3.173052283
3.17321031
3.173360336
3.173463551
3.173600901
3.173751363
3.173866974
3.174012367
3.174155873
3.174260293
3.174405019
3.174549572
3.174657736
3.174806856
3.174951252
3.175058676
3.175207882
3.175363857
3.175481861
3.175633219
3.175792824
3.175968456
3.176103806
3.176279998
3.176448239
3.176616441
3.176745385
3.176924211
3.177100158
3.177271468
3.177396242
3.177557968
3.177721259
3.177885085
3.177999953
3.178153265
3.178309119
3.178464354
3.178610451
3.178749017
3.178853048
3.178995504
3.179143178
3.179294861
3.179444707
3.179598839
3.179717943
3.179882301
3.180046294
3.180202728
3.180361047
3.18052536
3.180691454
3.180812352
3.180969969
3.181131179
3.181298426
3.181470827
3.181637192
3.181799534
3.18195772
3.182125987
3.182296306
3.182462223
3.182617517
3.182776202
3.18294155
3.183063859
3.183216701
3.183366558
3.183521148
3.183678745
3.183838392
3.183988558
3.184134781
3.184279686
3.184429636
3.184583425
3.184729562
3.184881163
3.18504035
3.185203849
3.18540024
3.185551968
3.185705027
3.185859923
3.186009742
3.18614719
3.186280085
3.186420089
3.186567119
3.186714399
3.186853589
3.186995147
3.187149158
3.187350397
3.187503543
3.187653224
3.187808491
3.187965963
3.18812341
3.188272302
3.188416768
3.188595603
3.188736531
3.188872875
3.189002408
3.189133832
3.189270649
3.189440607
3.189567999
3.189696024
3.189831891
3.189969328
3.19013481
3.190262334
3.1903943
3.190525117
3.190680886
3.190793319
3.190899839
3.191011359
3.19115547
3.191266845
3.191371809
3.191480322
3.191624575
3.191736373
3.19183987
3.191936398
3.192065832
3.192171496
3.192274314
3.192392331
3.192489036
3.192584446
3.192697032
3.192779711
3.192857146
3.192959837
3.193042327
3.193142672
3.193220421
3.193300779
3.193405683
3.193487436
3.193560617
3.193651128
3.193719803
3.193804833
3.19386802
3.193929946
3.19400962
3.194068653
3.194142371
3.194199045
3.194275089
3.194339949
3.19442558
3.194490483
3.194579102
3.194649681
3.194730161
3.194785951
3.194860031
3.194921302
3.194996131
3.195048056
3.195112789
3.195164248
3.195229801
3.195277036
3.195331228
3.195379576
3.19544178
3.195486984
3.195543935
3.195612437
3.195664527
3.195725791
3.195774744
3.19584085
3.19590944
3.195967215
3.196034001
3.196089521
3.196160856
3.196231773
3.196284
3.196353323
3.196423087
3.196477409
3.19653545
3.196598886
3.196650547
3.196704693
3.196751272
3.196795049
3.196853228
3.19690663
3.196958622
3.19700486
3.197067688
3.19712766
3.197173926
3.197233469
3.197296288
3.197361506
3.197420827
3.197472819
3.197546118
3.197616183
3.197674966
3.197725609
3.197790832
3.197855511
3.197917658
3.197982664
3.198046951
3.198098476
3.198161393
3.198226366
3.198296306
3.198357962
3.198413802
3.198470076
3.198515792
3.198570154
3.198617117
3.198664827
3.198713117
3.198759886
3.198802388
3.198848641
3.198894553
3.198938467
3.198983467
3.19902546
3.199064694
3.199099087
3.199125096
3.199160706
3.199196706
3.199225163
3.199248727
3.199274421
3.199297497
3.19931906
3.199344647
3.199371705
3.199397154
3.199427246
3.199461636
3.199496394
3.19953365
3.199571278
3.199613565
3.199657115
3.199694134
3.199731412
3.199770152
3.199810322
3.199857959
3.199901071
3.199945984
3.199989688
3.200030288
3.200075284
3.200117208
3.200161444
3.200199232
3.200237496
3.200274234
3.200305692
3.200343085
3.200375865
3.200402521
3.200421829
3.200442324
3.200470924
3.200490214
3.200513842
3.200539464
3.200564666
3.20058042
3.20060082
3.200624925
3.20064299
3.200657299
3.20067344
3.200686791
3.200691615
3.200699727
3.200711206
3.200715725
3.200723332
3.200733162
3.200739472
3.200739939
3.200739155
3.200743152
3.200749632
3.20075507
3.200765384
3.200774007
3.200779277
3.200786117
3.20079315
3.200797427
3.200795044
3.200795379
3.20079762
3.200791948
3.200794804
3.200799709
3.200802495
3.200806524
3.200813617
3.200820957
3.200825482
3.200827207
3.200833844
3.200840496
3.200846941
3.200858766
3.200869207
3.200880275
3.200893972
3.200914873
3.200931774
3.200951489
3.20097655
3.200994671
3.201011765
3.201032855
3.2010505
3.20107125
3.2010915
3.201119742
3.201146049
3.2011685
3.201191135
3.201213886
3.201232159
3.201250884
3.201270736
3.20128844
3.201302626
3.201318782
3.20133625
3.201356324
3.20137178
3.201387741
3.201397832
3.201411321
3.201425146
3.201436738
3.20145376
3.201471679
3.201486079
3.201499421
3.201511358
3.201525184
3.201537413
3.201551911
3.201568281
3.201581071
3.201594604
3.201603966
3.201609969
3.201618636
3.201626302
3.201627638
3.201631102
3.201638792
3.201641311
3.201642292
3.201643532
3.201645889
3.201648017
3.201654914
3.201662032
3.201671377
3.201685775
3.201696424
3.20170234
3.201710727
3.201719813
3.201725991
3.201736031
3.20174582
3.20175203
3.201758678
3.201765923
3.201774669
3.201780866
3.201792177
3.201807259
3.201818835
3.20182963
3.201836735
3.201838891
3.201842848
3.201842177
3.201838769
3.201840461
3.201839797
3.201839037
3.201841755
3.201850536
3.201854475
3.201860798
3.201869524
3.201880931
3.201896574
3.201913741
3.201933252
3.201961622
3.201989343
3.202013703
3.202044967
3.202072939
3.202101131
3.202139671
3.202173589
3.20220413
3.202242129
3.202275955
3.202303069
3.202335354
3.202363988
3.20238887
3.202417853
3.202443638
3.202475774
3.202506964
3.202545972
3.202576458
3.202606299
3.202641427
3.202670234
3.202706794
3.202745828
3.202793872
3.2028344
3.202887562
3.202934129
3.202993807
3.203044983
3.203104132
3.20316666
3.203223101
3.203285599
3.203341628
3.203403922
3.203464994
3.203518881
3.203583413
3.203643081
3.203718428
3.203793448
3.203858187
3.203933255
3.204000932
3.204061466
3.204134285
3.204206583
3.204272129
3.204347625
3.204420175
3.204495113
3.204560647
3.204637537
3.204714317
3.204790819
3.204859671
3.204947137
3.205036704
3.20513326
3.205232681
3.205314518
3.205410305
3.205503713
3.205597973
3.205697826
3.205799129
3.205895257
3.205980285
3.206079866
3.206179792
3.206279743
3.206377057
3.206475941
3.206570203
3.206660099
3.206753933
3.206847205
3.206940826
3.207040876
3.20714187
3.207243982
3.207349746
3.207455988
3.20756591
3.207677149
3.207788349
3.207901969
3.208015909
3.208131918
3.208247038
3.208362233
3.208474738
3.20860822
3.208723917
3.208841641
3.208962071
3.209085272
3.20920831
3.209347819
3.209470834
3.209594111
3.209718157
3.20984754
3.209993669
3.210122412
3.210255962
3.210392109
3.210534711
3.210701756
3.210849028
3.210998466
3.211167318
3.211316738
3.211467374
3.211637877
3.211787944
3.211938798
3.212109846
3.212258147
3.212400417
3.212558082
3.212695814
3.212850773
3.21298547
3.213116014
3.213266618
3.213400765
3.213550527
3.213682333
3.213833338
3.213964714
3.214111112
3.214240401
3.214388845
3.21451639
3.214659996
3.214786538
3.214932647
3.215062454
3.215204789
3.215332328
3.215476623
3.215619211
3.215744624
3.21588798
3.216033178
3.21616345
3.216313012
3.216445629
3.216593365
3.216740133
3.216887605
3.217016937
3.217167315
3.217318851
3.217451572
3.217603138
3.217750871
3.217901809
3.218035817
3.218184316
3.218328584
3.218470685
3.218614843
3.218740716
3.218885404
3.219026313
3.219165028
3.219303347
3.219440134
3.21957913
3.219717609
3.219838491
3.219977764
3.22011496
3.220250632
3.22038639
3.220523733
3.220657327
3.220792739
3.22093005
3.221069142
3.221210298
3.22135031
3.221493384
3.221638307
3.221782741
3.22192837
3.222073062
3.222216825
3.2223799
3.222524992
3.222670123
3.222815087
3.222963617
3.223110591
3.223256268
3.223415913
3.223556218
3.223695627
3.223833653
3.223970226
3.22412344
3.224254689
3.224383401
3.224511093
3.224652573
3.22477761
3.2249091
3.225042958
3.225196073
3.225331318
3.225467268
3.225624637
3.225767796
3.225928144
3.22606897
3.226209061
3.226365257
3.226504738
3.226662268
3.226802196
3.226942403
3.227102203
3.227244543
3.227401077
3.227544215
3.227706675
3.227848538
3.22800961
3.228155088
3.22832072
3.228465638
3.228630785
3.228797422
3.228945898
3.229111174
3.229260824
3.229426983
3.229593263
3.229740293
3.229906451
3.230072684
3.230220029
3.230389548
3.230556948
3.230706728
3.230875707
3.231044604
3.231215102
3.231365844
3.231538365
3.231714606
3.231895237
3.232082675
3.232252028
3.232439217
3.232627979
3.232818082
3.233011408
3.233206745
3.233400836
3.233594797
3.233769081
3.233963386
3.234161009
3.234355442
3.23455004
3.234743183
3.234937903
3.23513352
3.235327308
3.235516662
3.235699327
3.235881247
3.236060283
3.2362378
3.236433978
3.236611043
3.236786888
3.236964946
3.237143395
3.237323427
3.23750195
3.237684828
3.237892138
3.238079198
3.238266065
3.238456882
3.238649226
3.238863395
3.239057817
3.239254189
3.239449125
3.239666336
3.239864159
3.2400614
3.24028217
3.240483359
3.240684608
3.240907841
3.241113574
3.24132212
3.241551301
3.241757735
3.241991042
3.242200245
3.242433621
3.242644152
3.242875484
3.24307973
3.243280607
3.243502043
3.243722163
3.243919077
3.24414386
3.244345514
3.244570234
3.244774685
3.245002238
3.245230509
3.245436783
3.245667061
3.245878265
3.246118774
3.246362725
3.246581713
3.246827258
3.24707483
3.247327206
3.24755858
3.247817246
3.248077708
3.248339508
3.24857914
3.248847666
3.249117633
3.249386803
3.249657327
3.249926899
3.250172955
3.250445805
3.250718365
3.250995246
3.25127662
3.251561686
3.251850433
3.252137665
3.252422921
3.252705981
3.25299154
3.253280241
3.253569134
3.25386149
3.25415308
3.254447795
3.254742825
3.255039249
3.255331806
3.255626879
3.255920329
3.256240975
3.256536166
3.256835068
3.257136323
3.257440672
3.257774403
3.258076934
3.258382198
3.258692831
3.259035397
3.259347292
3.259659104
3.25997265
3.260323326
3.260643245
3.260965104
3.261320056
3.26164455
3.262000685
3.2623242
3.262650529
3.263010039
3.263336519
3.263697983
3.264026647
3.264384567
3.264710229
3.265065486
3.265389607
3.265748538
3.266076359
3.266441518
3.266774515
3.267143536
3.267516392
3.267856062
3.268231496
3.268571002
3.268947277
3.26932593
3.26970677
3.270053463
3.27044049
3.270827468
3.271183139
3.271576487
3.271973744
3.272375112
3.272779782
3.273148022
3.273553673
3.273961455
3.274369051
3.274777194
3.275190624
3.275604988
3.276021838
3.276402465
3.276823151
3.277245091
3.277668836
3.278094514
3.278520772
3.278953498
3.279388748
3.279825561
3.280264495
3.280744924
3.281188977
3.281633482
3.282080762
3.282528939
3.282977607
3.283425026
3.283911292
3.284358229
3.284805347
3.285255501
3.285705524
3.286196677
3.286649708
3.2871034
3.287600863
3.288057596
3.288515116
3.289014309
3.289471777
3.289931814
3.290435233
3.290896824
3.29135842
3.291864369
3.292328311
3.292836232
3.293302303
3.293811227
3.294277157
3.294786115
3.295257832
3.295774865
3.296252345
3.29677498
3.297296976
3.297772591
3.298290321
3.29880866
3.299285974
3.299810781
3.300338462
3.300823958
3.301357093
3.301888569
3.302423854
3.302916627
3.303454589
3.303991625
3.304531412
3.305074159
3.305572395
3.306115009
3.30665815
3.307205084
3.307752006
3.308301877
3.308853682
3.309407968
3.309965169
3.310521264
3.311072749
3.31162519
3.312179157
3.312733389
3.313288559
3.313843543
3.314400202
3.314958667
3.315519195
3.316129032
3.316695361
3.317264823
3.317836489
3.318406029
3.318976319
3.319593813
3.320162508
3.320732164
3.321352082
3.321922755
3.322494629
3.323113981
3.323686085
3.324256778
3.32487537
3.325442115
3.326054893
3.326619586
3.327181823
3.32779006
3.328348345
3.328950709
3.329507384
3.33011166
3.330666191
3.331266375
3.331867246
3.332423493
3.333025114
3.333626697
3.334181899
3.33478547
3.335388271
3.335946247
3.33655274
3.337158677
3.337718562
3.338329777
3.338941848
3.339554322
3.340166602
3.340730635
3.341343283
3.34195778
3.342570794
3.343187403
3.343801889
3.344417349
3.345033013
3.345646012
3.346255467
3.346868567
3.347482601
3.34809642
3.348708103
3.349320872
3.349936649
3.350552245
3.351166802
3.351829732
3.352448179
3.353065821
3.353682245
3.354301566
3.354967049
3.355583558
3.356199735
3.356816441
3.3574797
3.358095551
3.358713639
3.359380589
3.360004087
3.360627883
3.361300536
3.361927773
3.362605261
3.363233638
3.363912636
3.364544405
3.365225515
3.365859904
3.366542561
3.367175868
3.367855469
3.368533904
3.369164568
3.369845246
3.370480293
3.371167784
3.371857485
3.372549681
3.373191622
3.37388431
3.374578326
3.375274667
3.375923395
3.376623987
3.377326441
3.378027246
3.378730844
3.379437103
3.380145438
3.380856083
3.381515797
3.38222671
3.382936732
3.383647838
3.384358944
3.385124446
3.385840961
3.386564053
3.387291749
3.38802157
3.38875285
3.389483199
3.390213545
3.390999927
3.391739869
3.392484561
3.393231125
3.393976619
3.394778998
3.39553049
3.396285146
3.397095973
3.397856367
3.398621002
3.399442265
3.40020821
3.401029208
3.401801483
3.402630192
3.403405436
3.404237636
3.405016803
3.405855034
3.406637333
3.407476203
3.408316544
3.409102163
3.409943154
3.410729086
3.411570587
3.412410239
3.413250446
3.4140357
3.414881378
3.415727755
3.416576551
3.417371088
3.418222221
3.419073659
3.419924562
3.420777235
3.421629988
3.422482353
3.423338264
3.424196593
3.425057927
3.425919409
3.426779934
3.427640612
3.428502573
3.429368112
3.4302355
3.431106581
3.431979359
3.43291219
3.433789225
3.434668884
3.435550157
3.4364907
3.437374539
3.438258748
3.439143923
3.440088843
3.4409763
3.441920725
3.442805216
3.44368869
3.444630525
3.445514365
3.446460413
3.447347818
3.448295562
3.44918284
3.450130215
3.451021288
3.451974488
3.452928496
3.453823231
3.454777194
3.455735738
3.456636941
3.457600316
3.458562928
3.459527777
3.460432297
3.461394575
3.46235629
3.463318634
3.464282448
3.465246674
3.466209739
3.467176051
3.468083861
3.46905244
3.470021766
3.470991834
3.47201864
3.472983578
3.473946524
3.474909716
3.47587128
3.476833194
3.47779856
3.478766978
3.479795672
3.480762884
3.481731373
3.482702187
3.483736311
3.484711963
3.485688566
3.486728233
3.487708658
3.488688435
3.489730434
3.490713775
3.491758802
3.492741157
3.493786032
3.49476934
3.495811842
3.49679079
3.497830605
3.498872238
3.499855161
3.500900918
3.501944638
3.502924015
3.50396613
3.505010339
3.506055704
3.507039157
3.508083331
3.509125089
3.510166695
3.51120787
3.512247039
3.513289085
3.51433626
3.515384864
3.516433049
3.517484325
3.518536546
3.519589932
3.520643518
3.521700715
3.522759205
3.523816781
3.524876257
3.526001444
3.527064317
3.528128497
3.529192873
3.530323347
3.531394173
3.532464448
3.533600108
3.53467623
3.535753989
3.536894925
3.537973985
3.539119314
3.54020235
3.54134997
3.542435919
3.543588263
3.544743267
3.545835833
3.546992634
3.548087637
3.549250696
3.550413701
3.551578772
3.552679614
3.553845243
3.555012797
3.55618233
3.557356179
3.558466883
3.559645863
3.560826249
3.562011102
3.563198177
3.564387513
3.565575368
3.566768161
3.567969294
3.569175629
3.570385733
3.57166622
3.572884271
3.574104361
3.575329138
3.576557456
3.577854861
3.579086528
3.580321503
3.581626725
3.582863394
3.584103415
3.585414432
3.586660809
3.587911297
3.589234097
3.590488087
3.591817127
3.593151084
3.594417655
3.595755408
3.597023903
3.598366083
3.599712251
3.600991108
3.6023446
3.603701045
3.604985983
3.60634681
3.607712313
3.60907913
3.610450393
3.61182716
3.613209018
3.614594965
3.615912484
3.617308363
3.618708485
3.620188772
3.621599092
3.62301059
3.624424383
3.625840549
3.627261866
3.628687243
3.630115424
3.631622773
3.633056529
3.634492421
3.636005578
3.637443815
3.638885993
3.640406453
3.641853732
3.643379423
3.644828684
3.646355202
3.647810146
3.649346395
3.650806238
3.652342758
3.653804619
3.655345129
3.656888107
3.658357452
3.659909275
3.661464431
3.663024163
3.664508969
3.666075397
3.667643826
3.669213855
3.67078736
3.67236315
3.673940327
3.675520325
3.677100607
3.678682132
3.680262392
3.681842067
3.683423039
3.685006551
3.686591193
3.688255137
3.689839001
3.691426116
3.693016332
3.694686391
3.696276064
3.697866261
3.69953712
3.701131181
3.70280527
3.704400698
3.706073238
3.707667061
3.709341397
3.710936653
3.712610512
3.714204958
3.715880472
3.717555794
3.719231892
3.720829004
3.722506987
3.724187218
3.725866903
3.727547151
3.72914848
3.73083216
3.732516196
3.734203872
3.73589118
3.737578713
3.739267226
3.740957977
3.742648562
3.744420298
3.746109454
3.747796751
3.749483085
3.751168622
3.752934525
3.754622261
3.756309172
3.758074424
3.759757881
3.761442548
3.763206894
3.76489069
3.766656162
3.768341015
3.770103796
3.771782808
3.773540868
3.775298012
3.776975661
3.778733581
3.780490046
3.782163008
3.783912851
3.785661402
3.787410357
3.789156206
3.79089961
3.792562436
3.794305184
3.796047365
3.797785863
3.799523816
3.801261083
3.803079245
3.804819871
3.806559649
3.808299613
3.810040283
3.811780218
3.813598489
3.81533618
3.817073112
3.818888441
3.820624838
3.822360458
3.824173554
3.825905714
3.827716317
3.829447138
3.831255914
3.833064337
3.834794131
3.836602919
3.838411186
3.840140379
3.841948455
3.843755333
3.845560176
3.84728676
3.849093057
3.850900724
3.852706942
3.854513226
3.856319961
3.85812626
3.859933094
3.861738786
3.863543384
3.865349084
3.867232155
3.869037072
3.870843483
3.872652719
3.874542355
3.876352578
3.878161487
3.880049656
3.881859239
3.88366906
3.885558506
3.887367792
3.889254899
3.891064434
3.892952604
3.894842223
3.896652712
3.898539521
3.900425126
3.902309585
3.904112843
3.905993217
3.907870231
3.909744798
3.911617951
3.91348968
3.915359231
3.917228914
3.919100832
3.920971946
3.922841158
3.924707247
3.926571873
3.928433682
3.930371384
3.932227712
3.934080931
3.93593261
3.937859308
3.939706824
3.941630723
3.943476073
3.945394928
3.947235665
3.94915229
3.950990791
3.95290407
3.954738807
3.956648692
3.958557199
3.960464233
3.962291046
3.964189608
3.966084115
3.967975335
3.969864346
3.971750057
3.973633296
3.975512883
3.97738824
3.979260177
3.981128805
3.982994718
3.984856469
3.986713009
3.9886394
3.99048603
3.992329738
3.994244373
3.996081595
3.997915062
3.999815749
4.001637116
4.003527687
4.005339928
4.007220695
4.009025487
4.010897362
4.01276372
4.014552573
4.016408085
4.018259998
4.020107864
4.021953435
4.023724145
4.025560818
4.027392224
4.029220747
4.031041876
4.032856999
4.034665897
4.036538287
4.038336083
4.040132459
4.041925587
4.043716404
4.045573718
4.047356413
4.049133941
4.050975773
4.052744353
4.054575356
4.056334367
4.058157284
4.059907122
4.061720178
4.063460744
4.065263061
4.067059254
4.068848926
4.070566936
4.072343823
4.074114651
4.075879225
4.077639235
4.079392903
4.081141516
4.082884149
4.084620246
4.086348039
4.088069741
4.089787188
4.09149696
4.09326535
4.094966184
4.096662743
4.098416703
4.10010298
4.101784707
4.10352361
4.105194934
4.106924898
4.108586723
4.110305454
4.112020135
4.113670351
4.115376302
4.117074695
4.118767293
4.120396348
4.122082672
4.123764111
4.125440191
4.127114103
4.128782799
4.130447359
4.132107636
4.13376171
4.135413042
4.137122143
4.13877172
4.14041693
4.14205987
4.143762015
4.145405959
4.147051474
4.148756484
4.150403004
4.152110194
4.15376002
4.155467832
4.157175928
4.158826549
4.160538497
4.162251859
4.163964764
4.165620812
4.167333376
4.169045403
4.170755052
4.172464536
4.174176233
4.175887458
4.177595702
4.179304764
4.18107025
4.182778476
4.184487925
4.186198659
4.187973934
4.189690658
4.191408586
4.193186556
4.194905366
4.196685308
4.198406963
4.200187146
4.2019672
4.20368878
4.20547147
4.207255415
4.209041906
4.21076978
4.21255804
4.214347815
4.216137617
4.217927618
4.219718676
4.221510935
4.223304218
4.225099399
4.226955592
4.228753446
4.23055209
4.23235354
4.234217259
4.236023388
4.237893628
4.239705194
4.241575474
4.243384121
4.245251213
4.247060487
4.248933103
4.250804569
4.252614699
4.2544855
4.256355703
4.258226012
4.26009618
4.261965216
4.263835012
4.265704311
4.267574856
4.269444405
4.27131393
4.273180905
4.275105226
4.276963526
4.278818242
4.280730993
4.28258066
4.284429144
4.286336493
4.288180779
4.290083999
4.291983303
4.293820014
4.295715113
4.297603951
4.299430277
4.301312674
4.303189114
4.305060536
4.306929375
4.308797519
4.310664704
4.31253049
4.314393712
4.316252688
4.318166906
4.320019266
4.321868088
4.323713122
4.325611688
4.32744754
4.329337163
4.331168155
4.333052653
4.334877326
4.336757389
4.338632212
4.340444816
4.342310204
4.344170678
4.346026446
4.347876114
4.349662413
4.351501198
4.353335558
4.355162154
4.357036908
4.358854305
4.360666018
4.362468973
4.364263019
4.366106313
4.367893056
4.369731947
4.371510243
4.373281818
4.375101091
4.376913865
4.3786677
4.380468819
4.382263416
4.384000723
4.38578465
4.387566188
4.389337152
4.391102221
4.392864121
4.394619723
4.39636851
4.398114406
4.399858954
4.401599715
4.40338672
4.405118534
4.406842553
4.408611207
4.410322952
4.412078427
4.413776111
4.415516936
4.417201579
4.418929311
4.420647742
4.422312514
4.424023885
4.42572954
4.427427857
4.429120359
4.430806201
4.432487124
4.434163764
4.435837273
4.437503182
4.439206921
4.440857662
4.442503559
4.444145826
4.445826691
4.44745134
4.449115334
4.450725435
4.452374255
4.454014424
4.455602639
4.457228073
4.458845606
4.460453534
4.462013842
4.463611761
4.465204704
4.466792746
4.468371782
4.46998965
4.471564762
4.473132845
4.474694113
4.476255538
4.477854162
4.47940113
4.480990964
4.482537303
4.484122924
4.485658619
4.487230241
4.488791925
4.490303801
4.491849091
4.493383497
4.494915426
4.496440634
4.4979587
4.499469048
4.500972079
4.502467576
4.503955815
4.505437054
4.506944867
4.508402197
4.509854903
4.511344936
4.512788173
4.514265802
4.515698205
4.517163269
4.518583116
4.520036713
4.521490312
4.522937674
4.524376762
4.525770973
4.527193255
4.528612952
4.530067478
4.531479938
4.532886834
4.534287073
4.535680594
4.537102807
4.538486771
4.539866777
4.541275775
4.542644675
4.544046072
4.545440819
4.546794941
4.548178962
4.549558569
4.550896949
4.552269799
4.553639399
4.555003398
4.556362995
4.55771744
4.55906828
4.560452499
4.561797022
4.563136642
4.564514617
4.565858305
4.567200422
4.568573939
4.569915032
4.571288332
4.572659132
4.573996403
4.575366182
4.576733858
4.578097708
4.579460739
4.580824011
4.582189499
4.583551655
4.584905519
4.5862537
4.587598095
4.588947537
4.590326698
4.59166588
4.593034529
4.594366094
4.595726765
4.597045846
4.598391872
4.599730384
4.601041144
4.602386205
4.603729054
4.605066188
4.606400105
4.607731792
4.609058743
4.610379756
4.611697498
4.613041015
4.614346159
4.615646578
4.616971953
4.618261537
4.61957495
4.62085214
4.622152108
4.623445041
4.624709762
4.626009914
4.62730922
4.628606265
4.629900029
4.631187563
4.632473588
4.633760493
4.635044693
4.636321211
4.637623409
4.638896735
4.640170983
4.641477395
4.642749722
4.644044849
4.645335662
4.646592306
4.647879836
4.649163308
4.650443595
4.651719382
4.652990637
4.654256339
4.655520213
4.656776921
4.658033318
4.659284448
4.660566558
4.6618204
4.663071777
4.664349696
4.665600337
4.666879651
4.668159192
4.669411207
4.670701319
4.671996093
4.673290947
4.674584262
4.675875229
4.677170048
4.678472401
4.679780102
4.681095639
4.682412429
4.683762488
4.685085971
4.686438846
4.687758893
4.68911535
4.690442804
4.691806736
4.693180872
4.694561542
4.695949726
4.69731628
4.698721241
4.700160145
4.701577145
4.702996681
4.704424738
4.705855414
4.707323424
4.708762037
4.710236115
4.71168169
4.713162497
4.714618158
4.716114349
4.717612456
4.719112164
4.720585322
4.72209728
4.72361333
4.725172852
4.726704384
4.728238204
4.729779218
4.731334461
4.73292674
4.734495041
4.73610319
4.73768065
4.73929481
4.740907855
4.742487
4.744107004
4.745730339
4.74736223
4.749001313
4.750641723
4.752288184
4.753937928
4.755588324
4.757278376
4.758943428
4.760650345
4.762324212
4.764040048
4.765724254
4.767448637
4.76918251
4.770888098
4.772638789
4.774396715
4.776164936
4.777939408
4.779717154
4.781537275
4.783324629
4.7851177
4.786916839
4.788763017
4.790572035
4.792421508
4.79427262
4.796085949
4.797939323
4.799785372
4.801626119
4.803465058
4.805302271
4.807143006
4.80898849
4.810834015
4.812677633
4.814552142
4.816388148
4.818258715
4.820091744
4.821963706
4.823795061
4.825665856
4.827533813
4.829400563
4.8312676
4.83313475
4.835000391
4.836860667
4.838718154
4.840573646
4.842466706
4.844323919
4.846181018
4.848077722
4.849971574
4.851828049
4.853722467
4.855614947
4.857509711
4.859370843
4.861269037
4.863204356
4.86510349
4.867002782
4.868902635
4.870807768
4.872754442
4.874665201
4.876613106
4.878525506
4.880479913
4.882432532
4.884383553
4.886303944
4.888268036
4.890237391
4.892204932
4.89421299
4.896191653
4.8981748
4.900161915
4.902191763
4.904186644
4.906221065
4.908259573
4.91026911
4.912316712
4.914371776
4.916429818
4.918490909
4.920553122
4.922617703
4.924685738
4.926769755
4.928906159
4.931012316
4.933125971
4.935289969
4.937460981
4.939596025
4.941776763
4.943967408
4.946168363
4.948378056
4.950600643
4.95283138
4.955070684
4.957323472
4.959625506
4.961895129
4.964172266
4.966497144
4.968832055
4.971131648
4.973480192
4.975833724
4.978191212
4.980555183
4.982928199
4.985308725
4.98770302
4.990116404
4.992598485
4.995052958
4.997526775
5.000062753
5.002615135
5.00513932
5.007722355
5.010318589
5.012927644
5.015546891
5.018171893
5.020804583
5.023445048
5.026087732
5.028783414
5.03143555
5.034142011
5.036805439
5.039520141
5.042237312
5.044906825
5.047627006
5.050350747
5.053079913
5.05581029
5.058593242
5.061335776
5.06408518
5.066884311
5.06963938
5.07244934
5.075215481
5.078035825
5.080861733
5.083695105
5.086539223
5.089387235
5.092240873
5.095106655
5.097973315
5.100834983
5.103739616
5.106589438
5.109482651
5.112317525
5.115193861
5.118065682
5.120931386
5.123794696
5.126654047
5.12950929
5.132364097
5.135213225
5.138104604
5.140943175
5.143779011
5.146657234
5.149529675
5.152351683
5.155220111
5.158083242
5.160941216
5.163797748
5.166653363
5.169507449
5.172404562
5.17524878
5.178090031
5.180975193
5.183806717
5.186681608
5.189551631
5.192413795
5.195269716
5.198125497
5.200977927
5.203830037
5.206677443
5.209518642
5.212402712
5.21524217
5.218128406
5.220969181
5.223854424
5.226735926
5.229613131
5.2324868
5.235359967
5.238230155
5.241095683
5.243957908
5.246867625
5.249734357
5.252654889
5.255535301
5.258462429
5.261391963
5.264324608
5.267258917
5.270198328
5.27314569
5.276097894
5.279054664
5.282060367
5.285022673
5.288036937
5.291006711
5.294032444
5.297065393
5.300101287
5.303136477
5.306171197
5.309207101
5.31224259
5.315274815
5.318349992
5.321371946
5.324440077
5.327459581
5.33052282
5.33358342
5.336643044
5.339697699
5.342745855
5.345787019
5.348822489
5.351854041
5.354926625
5.357945188
5.361006231
5.364021133
5.367080533
5.3701383
5.373192571
5.376241961
5.379290024
5.382339998
5.385432915
5.388476705
5.391520339
5.394610285
5.397651331
5.400730747
5.403805511
5.406877358
5.409950411
5.413022469
5.416089105
5.419151879
5.422258849
5.425319485
5.428377763
5.431479156
5.434580942
5.43768448
5.440737309
5.443833616
5.446926288
5.450018079
5.453151369
5.456230884
5.459306848
5.462425621
5.465497135
5.468612825
5.471728599
5.474842171
5.477955416
5.481068457
5.484179841
5.487287859
5.490396087
5.493551151
5.496662203
5.499818928
5.502925033
5.506073847
5.509221342
5.512369498
5.515519421
5.5186706
5.521821232
5.525018893
5.528175361
5.53137986
5.534536214
5.537736538
5.540936529
5.544092754
5.547290032
5.550527198
5.553720464
5.556913569
5.56011027
5.563355108
5.56655865
5.569807615
5.573055987
5.576259002
5.579508315
5.58275833
5.586011575
5.589311737
5.592568925
5.595829612
5.599136121
5.602394941
5.605698562
5.609007492
5.612317128
5.615628091
5.618939916
5.622254966
5.625574279
5.628896453
5.632267352
5.635591172
5.638964157
5.642338247
5.645666136
5.649042739
5.652422977
5.655803477
5.659228819
5.662606123
5.665979717
5.669394345
5.672806143
5.676168407
5.679572672
5.682971887
5.686367721
5.689759064
5.693143237
5.696567798
5.699942411
5.703308242
5.706712107
5.710112783
5.713508549
5.716857354
5.720247277
5.723680024
5.727068895
5.730455741
5.733836777
5.737254229
5.740622457
5.744032165
5.747437217
5.750837793
5.754231121
5.757617712
5.761002508
5.764381765
5.767800101
5.771171625
5.774581744
5.777982711
5.781378017
5.784723606
5.788151957
5.791534803
5.794912839
5.798284796
5.801697679
5.805062854
5.808465666
5.811860394
5.815207598
5.818594298
5.821978949
5.825405572
5.828789049
5.832169434
5.835591813
5.838967707
5.842384013
5.845800218
5.84921398
5.852622293
5.856029964
5.859437615
5.862845661
5.866292097
5.869690182
5.873124807
5.876555866
5.879939095
5.883360885
5.886777301
5.890232431
5.893645648
5.897059326
5.900505023
5.903900506
5.907337519
5.910771826
5.914202729
5.917631316
5.921060561
5.924486501
5.927954251
5.931381757
5.9348585
5.938296093
5.941775806
5.94525656
5.948744641
5.952234026
5.95572253
5.959258679
5.962757077
5.966300765
5.969807308
5.973356223
5.976903272
5.980447236
5.983990577
5.987530623
5.991110245
5.994644303
5.998218846
6.001747214
6.005308736
6.00886158
6.012406497
6.015945987
6.019477705
6.023040155
6.026549313
6.030090221
6.03357709
6.037095562
6.0406031
6.044100168
6.047586532
6.051061311
6.054562632
6.058011638
6.061487761
6.06491208
6.068364187
6.071805935
6.075234972
6.078652554
6.082100853
6.085497856
6.088881952
6.092291711
6.095693004
6.09908265
6.102458767
6.105820745
6.109166405
6.112502055
6.115866303
6.119183953
6.122524825
6.125850614
6.129131869
6.132431752
6.135754098
6.139031014
6.142295196
6.145577832
6.148805775
6.15205645
6.155292516
6.158515239
6.16172507
6.164920038
6.168098854
6.171298404
6.174449584
6.177625857
6.180786414
6.183932525
6.187060074
6.190173415
6.193277352
6.19637155
6.199483403
6.202585501
6.205642578
6.208717534
6.211777579
6.214823506
6.217857139
6.220915581
6.223929808
6.226960877
6.229975103
6.232935113
6.235913148
6.238910204
6.241866817
6.244816349
6.247752254
6.250709652
6.253654072
6.256587118
6.259501467
6.262401146
6.265284892
6.268146551
6.271021581
6.273855678
6.276703186
6.27953128
6.282346212
6.285154736
6.28794616
6.290720656
6.293503341
6.296243542
6.298998861
6.301737971
6.304453831
6.307152629
6.309835229
6.312492834
6.31515817
6.317779003
6.320406114
6.323010244
6.325599004
6.328173818
6.330730336
6.333267412
6.335817179
6.33833928
6.340886023
6.343424815
6.34595733
6.348482437
6.350997084
6.353537814
6.356054393
6.358600968
6.361150671
6.363700543
6.366249049
6.368793111
6.371337769
6.373900345
6.376431254
6.378983253
6.381531241
6.384075058
6.386605706
6.389118756
6.391613441
6.394118955
6.396576513
6.399044769
6.401493356
6.403917233
6.406320401
6.408703598
6.411081304
6.413412809
6.41574275
6.418047239
6.420325739
6.422582609
6.424818139
6.427034211
6.429251175
6.431430686
6.433611284
6.435765118
6.437902121
6.440018618
6.442117524
6.444226018
6.446299285
6.448370913
6.450418981
6.452443654
6.454448223
6.456431397
6.45840675
6.460346291
6.462281275
6.464193706
6.466084189
6.467961913
6.46983191
6.47168585
6.473541201
6.475364925
6.477185674
6.478996977
6.480790182
6.482567556
6.484344847
6.486083766
6.48781476
6.489514985
6.491216055
6.492897854
6.494563819
6.496236091
6.497884078
6.499522328
6.501131185
6.502712171
6.504287756
6.50586478
6.507414178
6.508945279
6.510473034
6.511981183
6.513468141
6.514937607
6.516387284
6.517815366
6.519239974
6.52063924
6.522029869
6.523402905
6.524757361
6.526091744
6.527395224
6.52866915
6.529885258
6.531070856
6.532215196
6.533321393
6.534406448
6.535466412
6.536481038
6.537477451
6.538442978
6.539379928
6.540301308
6.541209685
6.542108777
6.542998038
6.543859558
6.544711021
6.545552862
6.546383414
6.547209988
6.548013414
6.548819267
6.549603955
6.550380184
6.551135673
6.551875776
6.552608242
6.553311049
6.553997807
6.554659769
6.55531628
6.555948749
6.556563458
6.557160079
6.557739457
6.558288413
6.558805748
6.559308339
6.559801358
6.56027528
6.560719976
6.561166534
6.561608132
6.562055818
6.562501146
6.562951715
6.563410794
6.563873796
6.564347975
6.564815144
6.565278719
6.565743305
6.56619527
6.566644224
6.567098329
6.567551326
6.567988622
6.568430028
6.568869986
6.56930362
6.569734495
6.570171354
6.570613314
6.571044965
6.571466788
6.571892128
6.572324773
6.572762367
6.573193764
6.573624186
6.574051431
6.574478467
6.574907108
6.575337181
6.575773215
6.576201162
6.576634102
6.577076631
6.577525525
6.577987995
6.578450324
6.578902592
6.57933541
6.579753677
6.58015907
6.58056237
6.580933458
6.58129147
6.581624958
6.581947915
6.58225894
6.58254746
6.582809733
6.583048182
6.583263647
6.583449564
6.583611263
6.583754604
6.583878987
6.583976298
6.58404276
6.584072341
6.584070442
6.584048595
6.583996567
6.583919898
6.583820569
6.583701495
6.583553833
6.583382001
6.583186858
6.582982332
6.582766134
6.582525118
6.582260838
6.582003185
6.581764337
6.581534213
6.581307784
6.581075473
6.580846501
6.580614217
6.580377253
6.580137746
6.579888134
6.579639744
6.579382841
6.579124857
6.578861545
6.57859896
6.578322703
6.578033948
6.577734047
6.577421091
6.577103658
6.576790335
6.576479846
6.576179305
6.575876843
6.575570234
6.575255134
6.574934327
6.574600956
6.57426833
6.573931287
6.573588862
6.573250704
6.572925088
6.572610698
6.572297393
6.571990433
6.571684381
6.571377027
6.571071369
6.570751624
6.570420734
6.570098099
6.569786545
6.569480696
6.569164635
6.568839431
6.568517236
6.568212738
6.567906382
6.567597681
6.567276002
6.566949644
6.566616084
6.566288822
6.565963535
6.565637483
6.565326915
6.565015761
6.564701914
6.564387216
6.56406359
6.563736683
6.5634213
6.563105427
6.562784934
6.562459078
6.562120808
6.561778998
6.561431676
6.56107913
6.560725218
6.560373337
6.560020794
6.559673072
6.55932758
6.558990412
6.558675702
6.558364466
6.558058049
6.557746099
6.55741565
6.557069946
6.556719159
6.556357453
6.555997475
6.555631225
6.555250239
6.55486205
6.554478591
6.554084143
6.553675673
6.553263726
6.552851254
6.552439964
6.552016482
6.551588907
6.551149389
6.550705152
6.550256901
6.549792215
6.54933053
6.548859303
6.548404688
6.547959991
6.547499732
6.547049018
6.54658575
6.546115271
6.545651145
6.545179971
6.544729643
6.54429178
6.543879289
6.54349213
6.543127691
6.542786084
6.542459139
6.54214866
6.541860366
6.541592828
6.541351633
6.541120968
6.540919732
6.540747635
6.540606822
6.540487305
6.540391923
6.540312142
6.540242907
6.540185705
6.540131989
6.540092038
6.540074471
6.540088729
6.540135767
6.540202473
6.540281744
6.540379294
6.540507995
6.540651952
6.540825136
6.541011171
6.541193658
6.541391602
6.541601015
6.541815054
6.542023429
6.542250298
6.542478002
6.542701144
6.542939434
6.543177905
6.543418227
6.543656844
6.543899624
6.544149589
6.54440294
6.544652801
6.544880437
6.545088281
6.54528963
6.545481999
6.545673456
6.545866909
6.54606895
6.546270669
6.546469811
6.546658946
6.546846555
6.547020869
6.547183842
6.547352898
6.547514569
6.547659556
6.547788667
6.547903472
6.54800184
6.548098723
6.548183248
6.548242401
6.548299793
6.548347059
6.548371323
6.548388607
6.548420734
6.548449055
6.548487359
6.548526288
6.548568073
6.548603809
6.548638463
6.54867388
6.548701825
6.548717468
6.548713093
6.548694123
6.548666228
6.548621985
6.548567001
6.548485497
6.548372375
6.548244038
6.548103996
6.547948723
6.547796266
6.547656662
6.547520233
6.547377939
6.547241055
6.547110808
6.546993234
6.546897341
6.546814877
6.546743702
6.546679185
6.546632529
6.546617242
6.546621458
6.546656378
6.546713038
6.546812203
6.546947201
6.547110739
6.547326452
6.547585092
6.547892807
6.548224879
6.548592205
6.548985286
6.54940753
6.549864086
6.55035348
6.550869805
6.551413935
6.551989033
6.552586407
6.553205156
6.553851275
6.554519604
6.555220117
6.555960173
6.556718361
6.557501056
6.558306762
6.559144682
6.560023937
6.560930006
6.561859536
6.562814155
6.563797752
6.564804643
6.56582898
6.566863718
6.567921165
6.569007372
6.570098919
6.571192992
6.572294244
6.573406714
6.574523202
6.575668656
6.57683444
6.578005462
6.579197319
6.580413983
6.581646047
6.582895741
6.584147314
6.585421391
6.586711485
6.588014332
6.58932276
6.590644365
6.591969523
6.593287059
6.594605908
6.595914926
6.597248386
6.598581723
6.599942917
6.601306967
6.602703227
6.604100311
6.605503897
6.606919651
6.608348201
6.609798171
6.611252896
6.612729261
6.614208744
6.615703541
6.617205924
6.618726314
6.62024713
6.621766912
6.623298462
6.624827406
6.626349122
6.6278712
6.629407461
6.630958495
6.632532735
6.634126697
6.635721202
6.637333989
6.638963042
6.640626841
6.642310219
6.644035534
6.645782323
6.647530476
6.649294136
6.651065187
6.652850867
6.654639691
6.65645271
6.658282797
6.660111438
6.661931741
6.663759822
6.665586353
6.667407433
6.66924607
6.671066638
6.672886182
6.674699622
6.676511697
6.678309957
6.680110805
6.681899062
6.683687353
6.685480571
6.687268036
6.689058583
6.69083485
6.692613307
6.694400501
6.696201688
6.698026838
6.699863695
6.701726533
6.7036097
6.705511029
6.707439885
6.709404536
6.711410467
6.713434949
6.715507
6.71761217
6.719733369
6.721901185
6.724099247
6.726314609
6.72857312
6.730859761
6.733164955
6.735496006
6.737847263
6.740237757
6.742655154
6.745109534
6.747582612
6.750073834
6.752592635
6.755148487
6.757729792
6.760333767
6.762961006
6.765635379
6.768340197
6.77106799
6.773833673
6.776598627
6.779388943
6.78219646
6.785004013
6.787849155
6.790728178
6.793624062
6.796561634
6.799532295
6.802525908
6.805559997
6.808624654
6.811705215
6.814794957
6.817915483
6.821056709
6.824213717
6.827397807
6.830579471
6.833815618
6.837063755
6.840347529
6.84365179
6.846971641
6.850306882
6.853683252
6.857076002
6.86050992
6.863957198
6.867443846
6.870961155
6.874486926
6.878050641
6.881623851
6.885233134
6.88885761
6.892507756
6.89616928
6.899874709
6.903599403
6.907341025
6.911102877
6.914900178
6.91872969
6.922591709
6.92645783
6.930362726
6.934283149
6.93823334
6.942200151
6.946177656
6.950163835
6.954170759
6.958190722
6.962222791
6.966268982
6.970348085
6.974450536
6.978543715
6.982667292
6.986795998
6.990929388
6.995092158
6.999268399
7.003458821
7.007682683
7.011898873
7.0161589
7.0204164
7.024701938
7.028994514
7.033307374
7.037653975
7.042021975
7.046416741
7.050847232
7.055290452
7.059743162
7.064203472
7.068698682
7.073214632
7.077779729
7.082341331
7.08693922
7.09156091
7.096174423
7.100816572
7.105487312
7.110152578
7.114849567
7.119550358
7.124291419
7.12905023
7.133829249
7.138633139
7.143489496
7.148370763
7.153273648
7.158219862
7.163192737
7.168200718
7.173200338
7.178241167
7.183315184
7.18842277
7.193539114
7.198678301
7.203854489
7.2090442
7.214246772
7.219467437
7.224729668
7.230011826
7.235343877
7.240705608
7.246089208
7.251493897
7.256948487
7.262423997
7.267915002
7.273451679
7.279006455
7.284588968
7.290219603
7.295870847
7.301586164
7.307311121
7.313093865
7.318900379
7.324762462
7.330665371
7.336596774
7.342586183
7.348607268
7.354654538
7.360750507
7.366870876
7.373019767
7.379231199
7.385481308
7.391765578
7.398111417
7.404492039
7.410904771
7.417366436
7.423825069
7.430357474
7.436888638
7.443458795
7.450068658
7.45666182
7.463282036
7.469930559
7.476566026
7.483232402
7.489896517
7.496586618
7.503273562
7.509957299
7.516665508
7.523377094
7.530082447
7.536787676
7.543488005
7.550217957
7.556918049
7.563641578
7.570387109
7.577120045
7.583844269
7.590560753
7.597292704
7.604021646
7.610771162
7.617486525
7.624246679
7.630970621
7.6377142
7.644460157
7.651228745
7.657998048
7.664762744
7.671538549
7.678307139
7.68506709
7.691842395
7.698603078
7.705360931
7.712143781
7.718924656
7.725698367
7.732498199
7.739279544
7.746071019
7.752860111
7.759650494
7.766450766
7.773236677
7.780022669
7.786834852
7.79364427
7.800447848
7.80727815
7.814109919
7.820951574
7.827828177
7.834709745
7.841615843
7.848518036
7.855419684
7.862343413
7.869264723
7.876184988
7.883125668
7.89006015
7.896985327
7.903932114
7.910888427
7.917814722
7.924754977
7.931690996
7.938652176
7.945606988
7.952577694
7.959511816
7.9664614
7.973433235
7.9803883
7.98732922
7.99427143
8.001199806
8.008115981
8.01503533
8.021937977
8.028865012
8.035788174
8.042702069
8.049627468
8.056539738
8.063440681
8.070356465
8.077266634
8.084181928
8.091079729
8.097963356
8.104861558
8.111748119
8.118617442
8.125494046
8.132353217
8.139228783
8.146099402
8.152962062
8.159842689
8.166720176
8.173616736
8.180499575
8.187353953
8.19422215
8.201072774
8.207916706
8.214768841
8.221597627
8.228440349
8.235272578
8.242099519
8.248936318
8.255778765
8.262583796
8.269389062
8.276207385
8.282995215
8.289818163
8.29661107
8.303404237
8.310196026
8.317001519
8.323790983
8.33058019
8.337346203
8.344097464
8.3508646
8.357618928
8.36437729
8.371123189
8.377852084
8.384577982
8.391285209
8.397981366
8.404654987
8.411301713
8.417941173
8.424548976
8.431141681
8.437701676
8.444247711
8.450812883
8.457341967
8.46386526
8.470354957
8.47682707
8.483302497
8.489757593
8.496216309
8.502651284
8.509085586
8.515513731
8.52192266
8.528337669
8.534739795
8.541149181
8.547537096
8.553920241
8.560320114
8.566712473
8.57311146
8.579491999
8.585859528
8.592217888
8.598583232
8.6049438
8.611296945
8.617632558
8.623977793
8.630330415
8.636667321
8.642977402
8.649296086
8.655607152
8.66193458
8.668262727
8.674574771
8.680885767
8.687193137
8.693513206
8.699821316
8.706148885
8.712474827
8.718775904
8.72507769
8.731356391
8.737634326
8.743896752
8.750170559
8.756425944
8.762664378
8.768911665
8.775173716
8.781427865
8.787671766
8.793905875
8.800160545
8.806371744
8.812595754
8.81883839
8.825050315
8.831297244
8.837516929
8.843766265
8.849975544
8.8561772
8.862391992
8.868594351
8.874790419
8.881007609
8.887210753
8.893421459
8.899609052
8.905809668
8.911992114
8.918177364
8.924347407
8.930505135
8.936660515
8.942783462
8.948889837
8.954976641
8.961041574
8.967074018
8.973099687
8.979109959
8.98510449
8.991108151
8.997121316
9.003100774
9.009056358
9.015013724
9.020960383
9.026905788
9.03283677
9.03877315
9.044688987
9.050603391
9.056505745
9.06238652
9.06826225
9.074144204
9.080017023
9.085886271
9.091760958
9.097623826
9.103487095
9.109333496
9.115175835
9.121009462
9.126868284
9.132731695
9.138587814
9.144432821
9.150286222
9.156136617
9.162001973
9.167863018
9.173725044
9.179597966
9.185471952
9.191360291
9.197265142
9.203145015
9.209021881
9.214860099
9.220712662
9.226540346
9.232336946
9.238103351
9.243879495
9.249624155
9.255393651
9.261145481
9.266898165
9.272650638
9.278376268
9.284096271
9.289783919
9.295444453
9.301112361
9.306734575
9.312343153
9.317946838
9.323523077
9.329065366
9.334577406
9.340066968
9.345525344
9.350971863
9.356430687
9.361879584
9.367307259
9.372712032
9.37811091
9.383512296
9.388882542
9.394224636
9.399560551
9.404853813
9.410089487
9.415282441
9.420449719
9.425601203
9.430705824
9.43574833
9.440761383
9.445692567
9.450585029
9.455460409
9.460307299
9.465123408
9.469914008
9.474685277
9.479421209
9.484111428
9.488763232
9.493405036
9.49801241
9.50259641
9.507147048
9.511627847
9.516076722
9.520473945
9.524841578
9.529150906
9.533445036
9.537695731
9.541925834
9.54612722
9.550278834
9.554397087
9.55849213
9.562565061
9.566616705
9.570629774
9.574602166
9.578533064
9.582413397
9.586270617
9.590060358
9.593815429
9.597539244
9.601211512
9.604833625
9.608419906
9.611951148
9.615478621
9.618964136
9.622404536
9.625814522
9.629203053
9.632546026
9.635832804
9.639091095
9.642278873
9.645435475
9.648525407
9.651569025
9.654550769
9.657458229
9.660319839
9.66313015
9.665862353
9.668543841
9.671177347
9.673760571
9.676260832
9.678690377
9.681050455
9.683344756
9.685588293
9.687764547
9.689896203
9.691984977
9.694007328
9.695944704
9.697801702
9.699570277
9.701265939
9.702892495
9.704450006
9.705924477
9.70733871
9.708664713
9.709907681
9.711077683
9.712182867
9.713180703
9.714077095
9.7148657
9.71557099
9.716196508
9.716761896
9.717273492
9.717763502
9.718252235
9.71872722
9.719209869
9.71970888
9.720219296
9.720770327
9.721349555
9.721952804
9.722584662
9.72325005
9.723924777
9.724639575
9.72539158
9.726157937
9.726942209
9.727760428
9.728592206
9.729443266
9.730282295
9.731108183
9.731926834
9.732742304
9.733565322
9.734384442
9.735205263
9.736039646
9.73689918
9.737772167
9.738635239
9.739533624
9.740430185
9.741312049
9.742195215
9.74309002
9.744030622
9.745005893
9.746023931
9.747052117
9.748103952
9.749198333
9.750338138
9.751494844
9.752682463
9.753886548
9.755090956
9.756283434
9.757464843
9.758637993
9.759786213
9.760901973
9.762046418
9.763197495
9.764323158
9.765441496
9.766538776
9.767631877
9.768700536
9.769758146
9.770802942
9.771862242
9.772937255
9.774019778
9.775111473
9.776176704
9.777221297
9.778254314
9.779252232
9.78019832
9.781098281
9.781959441
9.782783512
9.783568359
9.784321467
9.785057566
9.785731766
9.786346736
9.786926392
9.787442416
9.787878875
9.788263571
9.788612274
9.7889064
9.789171069
9.789423864
9.789664613
9.78989373
9.790059527
9.790194398
9.790289332
9.790340497
9.790357646
9.790340286
9.790279113
9.790132056
9.789945623
9.789721725
9.789472314
9.789179018
9.78886022
9.788498951
9.788066191
9.787553973
9.786995689
9.786402454
9.785765243
9.785033721
9.784254454
9.783435663
9.78257341
9.781676914
9.780751103
9.779819146
9.77887061
9.777873347
9.776833958
9.775775869
9.774687205
9.773542266
9.772293992
9.770986636
9.769641594
9.768244286
9.766805377
9.765337328
9.763868352
9.76236927
9.760835174
9.759294719
9.757754404
9.756211776
9.754688483
9.753195222
9.751742699
9.750350558
9.749002002
9.747746323
9.746614067
9.745651253
9.744816667
9.744051109
9.743381817
9.742820874
9.74235162
9.741981641
9.741733107
9.741564884
9.741478451
9.741451474
9.741493535
9.741583008
9.741712227
9.74193923
9.742241041
9.742605465
9.743042392
9.743539335
9.744097794
9.744757367
9.74550504
9.746335516
9.747316554
9.748382294
9.749492156
9.750666472
9.751902114
9.753203401
9.754552907
9.755973502
9.757495395
9.759082307
9.760719031
9.762399515
9.764157779
9.765996616
9.767910717
9.769920969
9.771997458
9.774126449
9.77632977
9.778595113
9.780885031
9.783236763
9.785647687
9.788132162
9.790662465
9.793280086
9.795999547
9.79879344
9.801663278
9.804634378
9.807744944
9.810924197
9.814191505
9.817547171
9.820981219
9.824491163
9.828029471
9.831622779
9.835277571
9.839015481
9.842832543
9.846679148
9.85058337
9.854606793
9.858741439
9.862956432
9.867229632
9.871602424
9.876053284
9.880569222
9.885135729
9.889773303
9.894508709
9.899355951
9.904285107
9.909299922
9.914389018
9.919540625
9.924771116
9.93010748
9.935528224
9.941017053
9.946577552
9.952218681
9.957965502
9.963762514
9.969616355
9.9755184
9.981476844
9.987429613
9.993402026
9.999436504
10.00554522
10.01173965
10.01800207
10.02430419
10.03063885
10.03703103
10.04349674
10.049973
10.05646257
10.06297308
10.06954333
10.07618903
10.08291893
10.08974943
10.09663869
10.10361926
10.11067295
10.11779141
10.12493772
10.1321077
10.13936307
10.14669036
10.15412513
10.16166021
10.16926094
10.17691054
10.18464274
10.19242577
10.20025523
10.20816319
10.21614934
10.22419352
10.23231598
10.24050478
10.24880864
10.25722658
10.26574939
10.27434281
10.28298468
10.29165885
10.30041322
10.30928812
10.31822934
10.32728506
10.33644426
10.34571617
10.35511429
10.36467584
10.37437181
10.38415356
10.39403731
10.4040564
10.41417031
10.42440686
10.4347646
10.44524299
10.4557801
10.46641165
10.47718663
10.48811268
10.49920994
10.5104702
10.52186549
10.53331549
10.54492016
10.55667415
10.56858077
10.58063099
10.5928238
10.60513326
10.61756783
10.63015484
10.64285111
10.65565395
10.66858053
10.68162878
10.69481141
10.70802811
10.72135035
10.73479142
10.74831902
10.76195303
10.77571847
10.78957446
10.80357932
10.81767314
10.83184362
10.84607849
10.86039461
10.87480296
10.88930068
10.90387012
10.91854952
10.9333707
10.94830872
10.96337407
10.97855438
10.99381368
11.00927249
11.02485057
11.04051564
11.05625184
11.07209366
11.08806859
11.10413567
11.12038254
11.13673647
11.15313122
11.16967932
11.18627357
11.20299216
11.21984321
11.23684515
11.25399953
11.27127933
11.28865387
11.30617872
11.32387539
11.34174968
11.35974796
11.37790558
11.39615886
