62.68133733
44.59522741
36.34220295
31.46772346
28.16219898
25.737141
23.83894058
22.31976977
21.07096303
19.98580094
19.05757924
18.24986107
17.54267441
16.90712515
16.3379061
15.82731151
15.35627642
14.92347525
14.52921308
14.166444
13.82813636
13.51190462
13.21838849
12.94359578
12.68056332
12.43747256
12.20899036
11.99086625
11.78248048
11.58564234
11.40061407
11.22148635
11.05153679
10.89068599
10.7364823
10.58688829
10.44409849
10.30912655
10.17917677
10.05289082
9.932291769
9.815933938
9.701892402
9.592323314
9.486736792
9.38545047
9.286783717
9.191479478
9.100235596
9.010789287
8.923959357
8.839382816
8.757579107
8.677408964
8.599602369
8.524810518
8.45166256
8.380516224
8.311382347
8.244201856
8.178331467
8.113797947
8.051248052
7.990379476
7.930271732
7.871877615
7.814903475
7.759233653
7.704203064
7.650448996
7.598288589
7.546654269
7.4959836
7.446329344
7.397541083
7.349475216
7.302530999
7.256731824
7.211784031
7.167192851
7.123846247
7.081478586
7.039768417
6.999052221
6.959411341
6.920747741
6.882246113
6.84459404
6.807897534
6.771610354
6.735743444
6.700342681
6.665547554
6.631190654
6.597490367
6.564624591
6.532159595
6.500012778
6.468461034
6.437484776
6.407035147
6.376856984
6.347372608
6.318424148
6.289503707
6.261108952
6.233139194
6.205602083
6.178337844
6.151645257
6.125470197
6.099376912
6.073578409
6.048393752
6.023518033
5.998896931
5.974555611
5.950660503
5.927033726
5.903567762
5.880672871
5.858038883
5.835616211
5.813433186
5.791570797
5.770148632
5.748791491
5.727645501
5.706772977
5.686101704
5.665630278
5.645475067
5.625619295
5.605774236
5.586058538
5.566813859
5.547808084
5.528891921
5.510350513
5.492082118
5.474070766
5.456107976
5.438461998
5.421181757
5.404024105
5.387036228
5.370255459
5.353751503
5.33728594
5.320984177
5.30499771
5.289079698
5.273259555
5.257718154
5.242405014
5.227180022
5.212087403
5.197204496
5.182572113
5.167944271
5.153480338
5.13914519
5.124930953
5.110777877
5.096811439
5.083066407
5.069368646
5.055767702
5.042336174
5.029069325
5.015871093
5.002850282
4.990027663
4.977277783
4.964541539
4.952020763
4.939581282
4.927183654
4.914911063
4.902853401
4.890997992
4.879127272
4.867384904
4.855802669
4.844291625
4.832805354
4.82143919
4.810192254
4.798973855
4.787750578
4.776693296
4.7657328
4.754821078
4.744035474
4.733370524
4.722779417
4.712237772
4.701846026
4.691575553
4.681290091
4.671124069
4.661100463
4.651143014
4.641220414
4.631364042
4.621628051
4.611944858
4.602313096
4.592790324
4.583338054
4.573903833
4.564461439
4.555133381
4.545905711
4.536645633
4.52747045
4.518356934
4.509247371
4.500147088
4.491121469
4.482212702
4.473353482
4.464618668
4.455984003
4.44743263
4.438929317
4.43048136
4.422147187
4.413858768
4.405599905
4.397428516
4.38928817
4.381143379
4.373076801
4.365070344
4.357136315
4.349214375
4.341357371
4.33357775
4.325801606
4.318035882
4.310343105
4.302717593
4.29509305
4.287487857
4.279971461
4.272505556
4.265039687
4.257656882
4.250347039
4.243076491
4.235823124
4.228624076
4.221467583
4.214330915
4.207248859
4.200247895
4.193325048
4.186389573
4.179519701
4.172716146
4.165902582
4.159148951
4.152474121
4.145824293
4.139174009
4.132577389
4.126056717
4.119541976
4.113055247
4.106609686
4.100172183
4.093744578
4.087356171
4.081015569
4.074706991
4.068402524
4.062162424
4.055985566
4.049813905
4.043670188
4.03756568
4.031521901
4.025493249
4.019507197
4.013575085
4.007673644
4.001774409
3.99589584
3.990045309
3.984226406
3.978402664
3.97264715
3.966892232
3.961123368
3.95539548
3.949726461
3.944102578
3.938492299
3.932910839
3.927369286
3.921831513
3.916323103
3.91083832
3.905389533
3.89996043
3.894530665
3.889153585
3.883793871
3.878407028
3.873078157
3.867777014
3.862454822
3.857127012
3.851863331
3.846645218
3.841437566
3.83624372
3.831084558
3.825944092
3.820825649
3.815740054
3.810698154
3.805653218
3.800630322
3.795666794
3.790738079
3.785780896
3.780846982
3.775919068
3.770997402
3.766071461
3.761183694
3.75635115
3.751550435
3.746774849
3.742035241
3.737313977
3.732596995
3.727891565
3.723225579
3.718563321
3.713886123
3.709251331
3.704642933
3.700075061
3.695536131
3.691031562
3.686543541
3.682046877
3.677564089
3.673106081
3.668666488
3.664229865
3.65981861
3.655414294
3.651003057
3.64660289
3.642223523
3.637860093
3.633502412
3.62914715
3.624824924
3.62052444
3.616229892
3.611964926
3.607727207
3.603503882
3.599290206
3.595101753
3.590929972
3.586766052
3.58260664
3.57847176
3.574349547
3.570227055
3.56613662
3.562074921
3.558003228
3.553958816
3.54993436
3.545925789
3.541922634
3.537913444
3.53392539
3.52995575
3.525990907
3.522072841
3.518193963
3.514318987
3.510465183
3.506633251
3.502825719
3.499012274
3.495209888
3.491432784
3.487663518
3.483909609
3.480165777
3.476452546
3.472735364
3.46902336
3.465344476
3.46168694
3.458044966
3.454440729
3.450854424
3.447263885
3.443695304
3.440155776
3.436635257
3.43309565
3.429560419
3.42603278
3.422510691
3.418998219
3.415523801
3.412088026
3.408669836
3.405262114
3.401871916
3.398522283
3.395174572
3.391846001
3.388537203
3.385226911
3.381922214
3.378650246
3.375410418
3.372189803
3.368965736
3.365748402
3.362545688
3.359341791
3.356156573
3.352989883
3.349833894
3.346682367
3.343547871
3.340437271
3.33732555
3.334216488
3.331121543
3.328031036
3.32494372
3.32187291
3.318819664
3.315766619
3.312722784
3.309688406
3.30666186
3.303634776
3.300617555
3.297612473
3.294611868
3.29159283
3.288584197
3.285597693
3.282619852
3.279674197
3.276733469
3.273805901
3.270889512
3.267984877
3.265111519
3.262254127
3.259405376
3.256562884
3.253741311
3.250929796
3.248114021
3.245312217
3.242523504
3.23973705
3.236961886
3.234214675
3.231473921
3.228741451
3.226029477
3.223327944
3.220634595
3.217936619
3.215245485
3.212574015
3.209904974
3.20724113
3.204605242
3.201984012
3.19937756
3.196789084
3.194225034
3.191651758
3.189072081
3.186497806
3.183946105
3.18140216
3.178864464
3.176328825
3.173806789
3.171285969
3.168773789
3.16626194
3.163759142
3.161255716
3.158761767
3.156285005
3.153812943
3.151345405
3.148889036
3.146447332
3.143999954
3.141547966
3.139107808
3.136657284
3.1342039
3.131772462
3.129350946
3.126935768
3.124536135
3.122145619
3.119756913
3.117381285
3.115019298
3.112665816
3.1103104
3.107957061
3.105612311
3.103277161
3.100955764
3.098638802
3.09633709
3.094039943
3.091745781
3.089464412
3.0871908
3.084916277
3.082638032
3.080363895
3.078091862
3.075816291
3.073544926
3.07129144
3.069052223
3.066821945
3.064602908
3.062398398
3.06020625
3.058017574
3.055834925
3.053658042
3.051479321
3.049299082
3.047124877
3.044951494
3.042769536
3.040594058
3.038432187
3.036285185
3.034152794
3.032030349
3.029921312
3.027815936
3.02571781
3.023631324
3.021546566
3.019467796
3.017398846
3.015333416
3.013278033
3.011237571
3.009209954
3.007186315
3.005164872
3.003145071
3.001128658
2.999117385
2.997114358
2.995122138
2.993144497
2.991176695
2.989211518
2.987248201
2.985289324
2.983345083
2.981409034
2.979486149
2.977574446
2.975675145
2.973782476
2.971896477
2.970010749
2.968133475
2.966263286
2.964393992
2.962523705
2.960664001
2.958805327
2.956956486
2.955110157
2.953283071
2.951466831
2.949647698
2.947839992
2.946036937
2.944242537
2.942460487
2.940684964
2.93891596
2.937150989
2.935391617
2.933635808
2.931880128
2.930127168
2.928380919
2.926635476
2.9248911
2.923149214
2.921414479
2.919697166
2.917982077
2.916271692
2.914571555
2.912873039
2.911178545
2.909490714
2.907811442
2.906136217
2.904463316
2.902799469
2.901146107
2.899493802
2.89784808
2.896202186
2.894560852
2.892912829
2.891259585
2.889614088
2.887978249
2.886346638
2.884716995
2.883091351
2.881466655
2.879847215
2.878238275
2.876637399
2.875039628
2.873452682
2.871868646
2.870283071
2.868695734
2.867107274
2.865519739
2.863938931
2.862361236
2.860798812
2.859245982
2.857695903
2.856156364
2.854629383
2.853111705
2.851605326
2.850106795
2.848610265
2.847114384
2.845622487
2.844134031
2.842649741
2.841174673
2.839701773
2.838230261
2.836754651
2.835284745
2.833811485
2.832343317
2.830884061
2.829425184
2.827975663
2.826527011
2.825085147
2.823644818
2.822210679
2.820780637
2.819354784
2.817932826
2.816516666
2.81510413
2.813690761
2.812284149
2.810884507
2.809484865
2.808092059
2.806700223
2.805299524
2.803896863
2.802497555
2.801099959
2.799697774
2.798303571
2.796919947
2.795543909
2.794172741
2.79280916
2.791445907
2.790088165
2.788729941
2.787377165
2.786028504
2.784680127
2.783334123
2.782001614
2.780680102
2.779360624
2.778043913
2.776724542
2.775408849
2.774096832
2.772789701
2.771486132
2.770177837
2.768873655
2.767570588
2.766269574
2.764973547
2.763682377
2.762397408
2.761117292
2.759841789
2.758572313
2.757301218
2.756031463
2.75476874
2.753509855
2.75225073
2.750991776
2.749730549
2.748474529
2.747223558
2.745975571
2.744733432
2.743494568
2.742256547
2.741022479
2.739791062
2.738561877
2.73733036
2.736100068
2.734870729
2.732411825
2.731192469
2.729978176
2.72876687
2.727549785
2.726334554
2.725116915
2.723902856
2.722699138
2.721500143
2.720304466
2.719106293
2.717913121
2.71672451
2.715535414
2.714347596
2.713165922
2.711990361
2.710823614
2.709666616
2.707372949
2.706228083
2.705084986
2.703948536
2.702810789
2.701672936
2.70053214
2.699386573
2.698235452
2.697086038
2.695942654
2.694798709
2.693656672
2.691374491
2.690231043
2.689094061
2.687961865
2.686830187
2.685697947
2.684567636
2.68344297
2.682320831
2.681202163
2.680083032
2.677836028
2.676717354
2.675603897
2.674494951
2.673392532
2.672296093
2.671204987
2.670119359
2.669029149
2.666837908
2.6657461
2.664651257
2.663562152
2.662476847
2.661398067
2.660324404
2.659254228
2.657125166
2.656064075
2.655005647
2.653948092
2.652891598
2.651835956
2.650784242
2.649740289
2.647669015
2.646637657
2.645611165
2.644589428
2.643571929
2.642560772
2.640550048
2.63954591
2.638537252
2.637531993
2.6365258
2.635518855
2.634511412
2.632492805
2.63149445
2.630501656
2.629514868
2.628532763
2.627550596
2.625597652
2.62462552
2.623652305
2.622685652
2.621728469
2.620777781
2.61888259
2.617937648
2.616993321
2.616048334
2.615105908
2.6132161
2.612269323
2.611326735
2.610390971
2.609458619
2.607614721
2.606697375
2.605782214
2.604869706
2.603961595
2.602159469
2.601258164
2.60035637
2.599458461
2.598563594
2.596775674
2.595879462
2.594981952
2.594087144
2.593200166
2.591438048
2.590559215
2.589685011
2.588813433
2.587077677
2.586213039
2.585346654
2.584481041
2.582762855
2.581906822
2.581053923
2.580203499
2.578507581
2.577665551
2.576829573
2.57599752
2.575166764
2.57351871
2.572700238
2.571883176
2.570259348
2.569449083
2.568643823
2.567847802
2.566264009
2.565471419
2.564676668
2.563882483
2.562296123
2.561501919
2.560711923
2.559925765
2.558350689
2.557567122
2.556780575
2.555213404
2.554428987
2.553645563
2.552861349
2.551289945
2.550503647
2.549721346
2.548158993
2.547376078
2.546595972
2.545042519
2.544273919
2.543507086
2.542742541
2.541210903
2.540445451
2.539680323
2.53816321
2.537411235
2.53665952
2.535161927
2.534410274
2.533659672
2.532160133
2.531413466
2.530667623
2.529193605
2.528459351
2.527729786
2.526272567
2.525549414
2.524828958
2.523395841
2.522682846
2.521970563
2.520545374
2.519830516
2.519117273
2.517689051
2.516974493
2.516260993
2.514840201
2.514132328
2.513426373
2.512019377
2.511318891
2.509925222
2.509229277
2.508533164
2.507145959
2.506452966
2.50576082
2.504380284
2.503686898
2.502299399
2.501608885
2.500917037
2.499538363
2.49885146
2.497481457
2.496798373
2.496118834
2.494769372
2.494102483
2.492771026
2.492106815
2.491444877
2.490125563
2.489465441
2.488148005
2.487493368
2.486839367
2.485539789
2.484891276
2.483593728
2.48294661
2.482301669
2.481019474
2.480380349
2.479105068
2.478467802
2.477191255
2.476553393
2.475279764
2.474645086
2.474009871
2.472739932
2.472105632
2.470840965
2.470210531
2.468958187
2.468335227
2.467089077
2.466468023
2.465846354
2.464594682
2.463966898
2.462722022
2.462102592
2.460863655
2.460246926
2.459017316
2.458402523
2.457174157
2.456559632
2.455333806
2.454721829
2.453495491
2.452879785
2.451643128
2.451026028
2.449798741
2.449186751
2.447969511
2.447361139
2.446148851
2.445544757
2.444333657
2.4437299
2.442521523
2.441917975
2.440712308
2.440111205
2.438916674
2.438325273
2.437155434
2.436574726
2.435415501
2.434836617
2.433681359
2.43310785
2.431965155
2.430827049
2.43025912
2.429129967
2.428565869
2.427440478
2.426878897
2.425759184
2.425199775
2.424081298
2.422966039
2.422410562
2.421300381
2.420746176
2.419641307
2.419093282
2.418002607
2.417459184
2.416372788
2.415284931
2.414744659
2.41367425
2.413139009
2.412068783
2.411001652
2.410471115
2.409412318
2.408883775
2.407827444
2.406776403
2.40624939
2.405193921
2.404666515
2.40361352
2.402562641
2.402040659
2.400999061
2.400479682
2.399438348
2.398397904
2.397875848
2.396833605
2.395796063
2.395279742
2.394247465
2.393221197
2.392708641
2.391680638
2.391166681
2.390143803
2.389122897
2.388613448
2.387593449
2.386577648
2.386069851
2.385049722
2.384026292
2.383517354
2.382502353
2.38148809
2.380980911
2.379969058
2.378954324
2.378447035
2.377440792
2.376439002
2.375937285
2.374933878
2.373933351
2.373435252
2.372443762
2.371454853
2.370465032
2.369971162
2.368984658
2.368002963
2.367514093
2.36653637
2.365552795
2.364566874
2.364075593
2.363090257
2.362110764
2.361623701
2.360651509
2.359686919
2.35872466
2.358245168
2.357288078
2.35633198
2.355371232
2.354892227
2.353933059
2.352972324
2.352015705
2.351536265
2.350580104
2.349637384
2.348701356
2.348234908
2.347302141
2.346374755
2.345454657
2.344997812
2.344090397
2.34319115
2.34229388
2.341400934
2.340954763
2.340064082
2.339175828
2.338291392
2.33741047
2.336969828
2.336095969
2.335226368
2.334360531
2.333491677
2.333059274
2.33219615
2.331339018
2.330487115
2.32963497
2.329209405
2.328359478
2.327513314
2.32666429
2.325819693
2.32498105
2.324564009
2.323731358
2.322902435
2.322073306
2.321243969
2.320415453
2.319590054
2.319180522
2.318362763
2.317555827
2.316751241
2.315944073
2.315134647
2.314325057
2.313515414
2.313110271
2.312302567
2.31150102
2.310701483
2.309904801
2.309111975
2.30832172
2.307539455
2.306762533
2.306375107
2.305600501
2.304823392
2.304047197
2.303270782
2.302498093
2.301732468
2.300974387
2.300221483
2.299470355
2.298725538
2.297984433
2.297612316
2.296865808
2.296119356
2.295376642
2.294636916
2.293901434
2.293168668
2.292441463
2.291718983
2.291003966
2.290293035
2.289586477
2.288879794
2.288167809
2.287457167
2.286747304
2.286039785
2.285333924
2.284629743
2.283925272
2.283226966
2.28253623
2.28185097
2.281167143
2.280485953
2.279807494
2.279128711
2.27845125
2.277773279
2.277094239
2.276417325
2.275743826
2.275068947
2.274398811
2.273730911
2.273066637
2.272405133
2.271746965
2.271089843
2.270432645
2.269778063
2.269123392
2.26847126
2.267819668
2.26717063
2.266519818
2.265871924
2.265228415
2.26427574
2.263645601
2.26301655
2.262386994
2.261755601
2.261123092
2.260491097
2.259867873
2.259249657
2.258636182
2.258020746
2.257403995
2.256481956
2.255865802
2.255255079
2.254646461
2.254037893
2.253433592
2.252833389
2.252234837
2.251640548
2.250754513
2.250167819
2.249580326
2.248992902
2.248404886
2.247810602
2.247215794
2.24632471
2.245736553
2.245148538
2.244561216
2.243973957
2.243387944
2.242515939
2.241940248
2.241367039
2.240795221
2.24022403
2.23965558
2.238807121
2.238242381
2.23767732
2.237115462
2.236557365
2.235724251
2.235173151
2.23462526
2.234078267
2.233527263
2.232698226
2.23214603
2.231593846
2.23103916
2.230213055
2.229665438
2.229116231
2.228566938
2.228019634
2.227196426
2.226646416
2.226096261
2.225546915
2.224726163
2.224179304
2.2236348
2.223090421
2.222274719
2.221733744
2.22119496
2.220382124
2.219842766
2.219307384
2.218773164
2.217970717
2.217433718
2.216894668
2.216083196
2.215542688
2.215004486
2.214197537
2.213659721
2.21312286
2.212588836
2.211794162
2.211265289
2.210735767
2.209944053
2.209420063
2.208899619
2.208118686
2.207600757
2.206829415
2.206314724
2.205797111
2.205023172
2.20451115
2.204001544
2.203239032
2.202732861
2.202228833
2.201472265
2.200970399
2.200220575
2.199723114
2.199222235
2.198470825
2.1979701
2.197218457
2.196719029
2.196219878
2.195464495
2.194960733
2.194208258
2.193707666
2.193210382
2.192466919
2.191975157
2.191243351
2.190754899
2.190023118
2.189537066
2.189050966
2.188320141
2.187836194
2.187112486
2.186629895
2.185908056
2.185426466
2.184704111
2.184223127
2.183500801
2.18301727
2.1822953
2.181816573
2.181096723
2.180615893
2.179898199
2.179420831
2.178706344
2.178231914
2.177522385
2.177054685
2.176352349
2.175880243
2.175175029
2.174703683
2.173997666
2.173530982
2.172835008
2.172369189
2.171666459
2.170966643
2.170504033
2.169812378
2.169354085
2.168668173
2.168217222
2.167544552
2.16709692
2.166427702
2.165761694
2.165320136
2.164663305
2.164225727
2.163568026
2.162908084
2.162467187
2.161805812
2.161364281
2.160703203
2.160051179
2.159620024
2.158972952
2.158326681
2.157896571
2.157257386
2.156624395
2.15620356
2.155576441
2.155159764
2.15453724
2.15391044
2.153492943
2.152871643
2.152250537
2.151836414
2.151215144
2.150594763
2.150181224
2.149557527
2.148934973
2.148315052
2.147903328
2.147282472
2.146666343
2.146257148
2.145641926
2.145026073
2.144408368
2.14399612
2.143378117
2.142759091
2.142346222
2.141728097
2.141113359
2.140501968
2.140095492
2.139486265
2.138875265
2.138267017
2.13765946
2.137256372
2.136655489
2.136058943
2.135463841
2.13506664
2.134469494
2.133871886
2.133268467
2.132667212
2.132267606
2.131665649
2.131062697
2.130461567
2.129860811
2.12926033
2.128858982
2.128258689
2.127655095
2.127053281
2.126456927
2.125865821
2.125468149
2.124870111
2.124273288
2.123676954
2.12308411
2.122492935
2.12190175
2.121314162
2.120924481
2.120340193
2.119756981
2.119173164
2.118589336
2.118006457
2.117424133
2.11684466
2.116268759
2.115694081
2.115122005
2.11474191
2.114172822
2.113602535
2.113034164
2.112468745
2.11190622
2.111344376
2.110783934
2.110226972
2.109670524
2.109114133
2.108559221
2.108005885
2.107458636
2.106914609
2.106368757
2.105819114
2.105269904
2.104721349
2.104171931
2.103623103
2.103083589
2.102546383
2.102009234
2.101470695
2.100932225
2.100396806
2.099861304
2.099323119
2.098782059
2.098240107
2.097699408
2.097158913
2.096438703
2.095900535
2.095361458
2.094821361
2.094283032
2.093741796
2.093203556
2.092667214
2.092130116
2.091589503
2.091046481
2.090325192
2.089784387
2.089241975
2.088699976
2.08815665
2.087613089
2.08706974
2.086344271
2.085797852
2.085249181
2.084700294
2.084148543
2.083592812
2.083038523
2.082300182
2.081749239
2.081194756
2.080641909
2.080087484
2.079349593
2.078794709
2.078243242
2.077691843
2.077142112
2.0764169
2.075874795
2.075332712
2.074789365
2.074065915
2.07352381
2.072978892
2.072433109
2.07170714
2.071163729
2.07061655
2.07007036
2.069339492
2.068793676
2.068251432
2.067532616
2.066993273
2.066454081
2.065915434
2.065198108
2.064658495
2.064120286
2.063403294
2.062867333
2.062331599
2.061619119
2.061086267
2.060557012
2.059856169
2.059331952
2.058807071
2.058108553
2.057587156
2.056893314
2.05637536
2.055856134
2.05515756
2.054633202
2.05411054
2.053412439
2.052891957
2.052202818
2.051685563
2.050999969
2.050489191
2.049979271
2.049299835
2.048790163
2.048113036
2.047606489
2.046933056
2.046427275
2.045920612
2.045240691
2.044730615
2.044049366
2.043537622
2.042858406
2.042352183
2.041674289
2.041166825
2.040488574
2.039980726
2.039304291
2.03879677
2.038120564
2.037613743
2.036938631
2.036264284
2.035757857
2.035078258
2.034565213
2.033881054
2.033372726
2.032693789
2.032185102
2.031509348
2.030831116
2.030322243
2.029645146
2.029138945
2.028468329
2.027797981
2.027294748
2.026626071
2.026125483
2.025460701
2.024794353
2.024294785
2.023628646
2.022960167
2.022459982
2.021793752
2.021129703
2.020634093
2.019977782
2.019325092
2.018836354
2.018182653
2.017530388
2.017043235
2.016396357
2.015748026
2.015097774
2.014611283
2.013960638
2.013312785
2.012829682
2.012186886
2.011545939
2.010906309
2.010427845
2.009791566
2.009156257
2.008521332
2.007883936
2.007404325
2.0067628
2.006124442
2.005485881
2.004846368
2.004367862
2.003728167
2.003087642
2.002448656
2.001808175
2.001327346
2.000689381
2.000050631
1.999412597
1.998773819
1.998133938
1.997496867
1.99702
1.996385307
1.99575102
1.995113904
1.994476703
1.993844013
1.993210935
1.992578753
1.991942471
1.991301016
1.990658235
1.990176103
1.989534667
1.988894711
1.988254747
1.987619748
1.986985069
1.986349105
1.985714203
1.985081212
1.984444112
1.983802332
1.983158284
1.98251578
1.981872089
1.981231604
1.980590187
1.979947313
1.979306357
1.978667648
1.978029821
1.977396858
1.976764483
1.976125895
1.975484717
1.974682034
1.974041877
1.973401066
1.972762309
1.972122988
1.971484331
1.970844473
1.970206445
1.969567888
1.968931973
1.968296201
1.967503606
1.966865859
1.966226582
1.965587915
1.9649506
1.964315604
1.963525261
1.962897271
1.962268967
1.961640063
1.961011398
1.960385881
1.959609065
1.958990834
1.958375471
1.957761101
1.957142425
1.956372361
1.955756143
1.955140144
1.954524285
1.953749933
1.953128768
1.952508691
1.951888006
1.951115677
1.950501089
1.949889712
1.949128666
1.948524464
1.947919285
1.947312568
1.946557397
1.945951479
1.945345632
1.944584072
1.943978315
1.943375514
1.942622862
1.942020297
1.941265762
1.940663803
1.940064761
1.939318024
1.93872087
1.93812546
1.93738271
1.936789878
1.936048239
1.93545541
1.934718647
1.934132239
1.933546737
1.93281163
1.932228105
1.931503581
1.930926547
1.93020943
1.929635945
1.928921989
1.92835334
1.927644445
1.927076302
1.926365439
1.925796397
1.925086942
1.924518767
1.923810657
1.923247208
1.922542875
1.921978629
1.921274633
1.920711613
1.920006518
1.919300764
1.918738135
1.918038262
1.917480007
1.916785322
1.916090557
1.915536276
1.91484794
1.914297596
1.913610265
1.912920843
1.912368472
1.911679229
1.910988821
1.910436875
1.909745653
1.909055107
1.908505493
1.907820871
1.907133683
1.906583516
1.90590024
1.905214341
1.904530551
1.903986789
1.903308203
1.902634178
1.90195996
1.901422793
1.90075678
1.900093715
1.899431549
1.898904649
1.898247464
1.897592271
1.896939051
1.896287721
1.895768364
1.895122422
1.894481708
1.893839566
1.893199096
1.892559916
1.89205018
1.891411799
1.890770096
1.890129049
1.889489687
1.888849588
1.888210048
1.887572104
1.886934218
1.886420803
1.885780556
1.885142296
1.884506234
1.883868569
1.883233477
1.882603331
1.881977762
1.881350845
1.88072067
1.880091614
1.879465386
1.878841522
1.878217129
1.87759261
1.876968205
1.876341584
1.875714198
1.875086997
1.874460178
1.873833587
1.873209079
1.872588061
1.87196717
1.871219871
1.870598748
1.869979741
1.869363685
1.868750256
1.868140964
1.867533519
1.866927598
1.866320595
1.865593593
1.86498813
1.864383245
1.863775657
1.863163084
1.862548544
1.861817638
1.861209575
1.860606666
1.860007204
1.859409853
1.858691872
1.858096511
1.857498579
1.856900601
1.856183826
1.85558621
1.854992131
1.85439591
1.85367982
1.853086065
1.852492604
1.851778402
1.851185163
1.850594954
1.849890093
1.849302732
1.848716649
1.848018194
1.847437435
1.846854873
1.846158433
1.845581482
1.84489161
1.844316066
1.843740557
1.843054067
1.842482295
1.841798162
1.841230978
1.840666238
1.839991586
1.839430442
1.838759209
1.838200933
1.837530889
1.836971801
1.836299387
1.835736217
1.835062377
1.834503959
1.833837821
1.833280277
1.832613155
1.832057524
1.831389158
1.830722345
1.830167202
1.829501947
1.828948063
1.828282885
1.827731153
1.827070329
1.82640954
1.825862602
1.825206341
1.824551583
1.824007324
1.823361147
1.822721044
1.82219207
1.821563367
1.820938998
1.820417459
1.819788213
1.819161309
1.818642118
1.818018862
1.817396709
1.816777534
1.816262879
1.815645364
1.815028571
1.81441382
1.81390031
1.813287711
1.812679679
1.812074938
1.811473815
1.810974595
1.810377825
1.809778839
1.809183459
1.808588607
1.807993887
1.807399092
1.806905754
1.806316158
1.805724256
1.805133113
1.804546204
1.803962564
1.80338204
1.802802914
1.802225955
1.801649897
1.801078185
1.800509827
1.799943934
1.799380134
1.798822726
1.798267973
1.797714012
1.797161104
1.796608589
1.796055796
1.795503762
1.794954652
1.794405558
1.793856401
1.79330732
1.79276033
1.792213794
1.791668254
1.791124969
1.790494771
1.789958391
1.789424372
1.788889495
1.788355855
1.787825621
1.787206795
1.786679914
1.786154346
1.785629308
1.785105421
1.784583832
1.783978956
1.783464502
1.782953647
1.78244754
1.781859207
1.781359639
1.780861295
1.780281054
1.779788918
1.779301061
1.778817057
1.778255513
1.777775989
1.777297227
1.776739122
1.776262284
1.775787045
1.775235275
1.774764159
1.774217065
1.773750856
1.773286762
1.772744951
1.772282107
1.771744118
1.77128246
1.770747586
1.770290981
1.769760014
1.769303918
1.768774317
1.768324391
1.767800672
1.767353513
1.766833788
1.766390049
1.765872444
1.765429956
1.764914511
1.764475139
1.763966031
1.763533499
1.763033017
1.762537359
1.762113268
1.761618771
1.761128474
1.760710159
1.760221429
1.759732832
1.759315697
1.758829101
1.758340465
1.75792093
1.757431969
1.756943977
1.756525797
1.756035903
1.755544246
1.755052642
1.754631239
1.754142619
1.753657068
1.753173288
1.752694707
1.75228385
1.751805986
1.751327872
1.750848071
1.750370262
1.749896832
1.749493318
1.749024285
1.748558047
1.748092548
1.747627592
1.747165924
1.746707341
1.746252425
1.745798846
1.745348781
1.744903168
1.744460772
1.744019641
1.743583275
1.74314828
1.742717515
1.742290994
1.741866193
1.741443281
1.741020455
1.740598638
1.74017795
1.739757891
1.739342246
1.738929056
1.738518033
1.73810664
1.737697491
1.737235518
1.73683243
1.7364303
1.736031158
1.735633356
1.735236072
1.734781764
1.734384307
1.733986969
1.733589794
1.733138098
1.732744961
1.732350946
1.731958176
1.731513731
1.731128181
1.730745936
1.730311132
1.729933025
1.72955909
1.729130237
1.728753602
1.728376503
1.727946904
1.727574006
1.727204499
1.726781977
1.726413094
1.725994158
1.725628489
1.725262593
1.724846084
1.724481766
1.724065676
1.723701139
1.723288728
1.722930809
1.722526078
1.722176162
1.721778213
1.721429967
1.721034339
1.72064169
1.720302336
1.719915635
1.719579301
1.719195793
1.718813541
1.718483029
1.718107271
1.717732799
1.717406426
1.717033639
1.716658523
1.716331232
1.715958822
1.715590177
1.715270916
1.714905108
1.714539598
1.71417737
1.713863357
1.713508728
1.713156088
1.712803723
1.712453979
1.712149358
1.711805465
1.711467004
1.711131663
1.710797123
1.71046441
1.710132869
1.709843527
1.709512328
1.709182559
1.708853744
1.708526467
1.708200312
1.707878648
1.707562904
1.707249525
1.706936264
1.70662366
1.706312788
1.706006219
1.705702293
1.705399075
1.705095711
1.704790867
1.704484504
1.704138676
1.703835104
1.703530855
1.703228294
1.702926473
1.702626198
1.702326535
1.701990312
1.701693513
1.701396503
1.701100976
1.700807339
1.700478219
1.70018576
1.699896162
1.699607301
1.699283576
1.698995168
1.698708335
1.698388699
1.698103283
1.697815956
1.6974929
1.697209532
1.6969277
1.696612414
1.696329403
1.696011737
1.695733482
1.69545824
1.695152301
1.694881752
1.694580565
1.694312977
1.694011036
1.693745196
1.693450093
1.693188531
1.692892325
1.692629849
1.692335473
1.692042146
1.691784729
1.691493525
1.691234004
1.690945236
1.690659539
1.690409967
1.690131133
1.689856849
1.689613567
1.689340446
1.689068981
1.688829235
1.688560874
1.688290684
1.688019301
1.687774613
1.687501498
1.687231846
1.686968461
1.686737365
1.686479317
1.686224152
1.685970489
1.685719332
1.685472167
1.685226132
1.684980662
1.684765068
1.684522813
1.684283441
1.684048353
1.683815334
1.683586651
1.683361992
1.683141342
1.682920657
1.682701511
1.682484757
1.682269215
1.682054521
1.681840197
1.681605552
1.681395702
1.681186139
1.680975908
1.680766405
1.680558394
1.680353848
1.680126682
1.679922759
1.679719413
1.679517387
1.679314874
1.679091036
1.678892989
1.678695171
1.678499015
1.67828525
1.678095151
1.677907255
1.677699475
1.677513571
1.677331847
1.677129927
1.676948487
1.676767311
1.676567442
1.676387691
1.676193445
1.676019538
1.675828379
1.675658704
1.675469011
1.675298864
1.675108226
1.674935477
1.674744168
1.674573674
1.674385796
1.67421944
1.67403643
1.673858294
1.673701545
1.673530348
1.673377967
1.673207752
1.673042533
1.672898077
1.672739321
1.67257809
1.672418755
1.6722782
1.672125856
1.671973304
1.671821921
1.671687805
1.671541824
1.6713984
1.671258202
1.671119277
1.670981615
1.670860568
1.67073149
1.670604043
1.670476136
1.670347791
1.670217142
1.670085192
1.669952768
1.669820112
1.669688117
1.669559708
1.669434359
1.669311427
1.669190706
1.66906968
1.668951013
1.668833927
1.668715874
1.668588154
1.668470511
1.668353863
1.668238267
1.668123977
1.66801032
1.667882468
1.667765547
1.667647387
1.667530285
1.667405243
1.6672946
1.667184643
1.66706388
1.666955471
1.666850561
1.666738612
1.666637367
1.666534789
1.666423236
1.66632059
1.666208246
1.666104934
1.666003084
1.665892311
1.665794856
1.665688123
1.665590956
1.665487892
1.665395237
1.665295485
1.665196876
1.665107174
1.665009628
1.664922388
1.664825712
1.664727529
1.664639173
1.664542932
1.664449723
1.664364554
1.664269668
1.664176708
1.664082752
1.663998564
1.663906242
1.66381615
1.663727256
1.66364152
1.66356554
1.663480515
1.663398332
1.663317406
1.663237609
1.663159938
1.663084855
1.663010353
1.662938166
1.662870073
1.662804524
1.662741083
1.662678136
1.662617313
1.662558446
1.662505029
1.662452594
1.66240176
1.662351778
1.662301753
1.662255916
1.662211986
1.662165992
1.662125244
1.662084204
1.662044894
1.662008063
1.661969423
1.661934978
1.661899528
1.661860212
1.661823065
1.661782802
1.66173815
1.661696592
1.661654117
1.661610036
1.661569864
1.661529142
1.661484571
1.66144397
1.661398915
1.661353177
1.661301466
1.66125548
1.661205373
1.661160525
1.661112405
1.661063906
1.661019669
1.660972878
1.660929978
1.660883617
1.660836183
1.660794558
1.660748889
1.660703695
1.660661733
1.660624623
1.66058251
1.660540695
1.660500356
1.660463172
1.660420741
1.660378665
1.660336112
1.660296157
1.660255527
1.660213717
1.660170025
1.66012403
1.660081585
1.66003487
1.659986634
1.659939535
1.659894103
1.659846296
1.659801785
1.659756697
1.659710758
1.659665017
1.659620265
1.659577168
1.65953437
1.659493172
1.659449115
1.65940909
1.659366938
1.659324675
1.65927836
1.659237169
1.659197129
1.65915757
1.659112808
1.659072161
1.659031382
1.658990513
1.658953815
1.658915093
1.658881673
1.658847142
1.658814423
1.658779272
1.658747611
1.65871524
1.658684363
1.658653354
1.658624432
1.658591311
1.658561229
1.658530079
1.65850092
1.65847683
1.658453013
1.658433791
1.658416971
1.658400704
1.658384888
1.658368943
1.658356751
1.65834576
1.658335505
1.658325585
1.658314856
1.658305419
1.658296697
1.658287571
1.658277562
1.65827016
1.65826648
1.658263948
1.658264002
1.658265108
1.658266556
1.658269464
1.658275978
1.658284289
1.658294177
1.658302998
1.658311449
1.65831958
1.658329471
1.658339799
1.65834983
1.658362054
1.658375592
1.658387654
1.65840095
1.658415847
1.658432583
1.658451095
1.658468858
1.658488925
1.658514249
1.658537515
1.658563954
1.658589696
1.65861587
1.658645299
1.658672021
1.658702195
1.658736326
1.658767269
1.658799698
1.658828857
1.658860716
1.658891845
1.658923304
1.658958962
1.658995294
1.659028454
1.659062972
1.659097266
1.659132883
1.659166879
1.659203386
1.659240848
1.6592803
1.659320417
1.659364396
1.659408652
1.659448982
1.659490823
1.659533598
1.659577293
1.659622177
1.659665053
1.659706888
1.659750713
1.659799743
1.659847567
1.659895185
1.659941886
1.659988015
1.660034682
1.660080495
1.660130623
1.660179134
1.660227421
1.660274665
1.660326615
1.66037526
1.660422574
1.660473894
1.660522335
1.660574346
1.660621638
1.660669045
1.660719922
1.660766223
1.660815922
1.660861935
1.660910101
1.660951869
1.66099579
1.661040873
1.661082725
1.661128787
1.661174013
1.661215385
1.661259792
1.661305836
1.661348713
1.661393559
1.661436451
1.66147944
1.661523471
1.661565872
1.661611474
1.661658315
1.661705372
1.661752522
1.661801076
1.661851286
1.661901394
1.661951005
1.662003062
1.662054785
1.662106486
1.662160268
1.66221315
1.6622667
1.662324544
1.662377531
1.662430968
1.66248352
1.662535414
1.662589609
1.662640327
1.662693241
1.662749262
1.662801827
1.662855443
1.662913565
1.662969204
1.663026123
1.663078206
1.663134471
1.663186494
1.663241414
1.663292642
1.663346919
1.663395961
1.66344761
1.663496578
1.663549449
1.663601675
1.663649045
1.66369798
1.663747238
1.663797181
1.663843418
1.663893524
1.663942872
1.663993892
1.664045932
1.66409947
1.664153602
1.664208214
1.664259417
1.664315448
1.664374608
1.664434291
1.664498136
1.664559073
1.664621217
1.664685799
1.664752774
1.664820265
1.664888652
1.66495801
1.665033173
1.665107239
1.665181519
1.665254252
1.665330847
1.665404403
1.665479769
1.665559999
1.665638205
1.665720935
1.665798931
1.665883969
1.665965432
1.666050679
1.666131521
1.66621736
1.666297855
1.66638396
1.666469063
1.666548731
1.666632813
1.666716039
1.666792141
1.666871654
1.666949981
1.667029952
1.667104448
1.667182346
1.667261602
1.667340973
1.667419437
1.667498476
1.667578745
1.667660614
1.66774298
1.667825681
1.667908962
1.667993889
1.668079557
1.668165344
1.668251034
1.668340495
1.668424155
1.668507528
1.668592697
1.668678715
1.668769248
1.668854444
1.668940264
1.669030939
1.669116971
1.669207876
1.669295775
1.669385279
1.669481876
1.669575111
1.669675891
1.669774627
1.669866915
1.669963053
1.670052355
1.67014563
1.670236817
1.670321209
1.670409875
1.670497317
1.670584657
1.670666325
1.67075179
1.670838044
1.670922098
1.671003314
1.67108192
1.671158015
1.671232834
1.67130604
1.671379087
1.671452186
1.671522657
1.671591233
1.67166003
1.671727606
1.671795539
1.671866541
1.671932784
1.671998061
1.672063468
1.672133036
1.672197341
1.672259713
1.672325578
1.672389564
1.672456982
1.672521667
1.672588893
1.672651052
1.672716387
1.672778699
1.672844752
1.672908032
1.672974773
1.673041644
1.673105156
1.673170267
1.673235941
1.673301422
1.673365274
1.673432535
1.67349806
1.673561078
1.673622888
1.673683732
1.67374409
1.673804369
1.67386538
1.673925274
1.673984415
1.674042602
1.674100704
1.674157908
1.674215293
1.67427237
1.674332496
1.674388178
1.674442353
1.674495616
1.674551266
1.674602823
1.674653444
1.674705647
1.674756474
1.674810838
1.674862148
1.67491646
1.674968638
1.675022483
1.675072586
1.675124909
1.675179
1.675230318
1.675284862
1.675339782
1.675390191
1.67544131
1.675490214
1.675540017
1.675591451
1.675646417
1.675704374
1.675763615
1.67582027
1.675880938
1.675945188
1.676006636
1.676068177
1.676130187
1.676193445
1.676257066
1.676323392
1.67639024
1.676459249
1.676525646
1.676593119
1.676662781
1.676730074
1.676798286
1.676872711
1.676944719
1.677020277
1.677092994
1.677169938
1.677244504
1.677322234
1.677399792
1.677474793
1.677553999
1.677631567
1.677706388
1.67778591
1.677867336
1.67794785
1.678029865
1.67810918
1.678193658
1.678279465
1.678367559
1.678456655
1.678548256
1.678638483
1.678729948
1.678826534
1.678919715
1.679013509
1.679109095
1.679205487
1.679309538
1.679412638
1.679517957
1.679623453
1.679732431
1.679836134
1.679945132
1.680049901
1.680161132
1.680269399
1.680383213
1.680490862
1.680604946
1.680718683
1.680826767
1.680941065
1.681055607
1.681164744
1.681279333
1.681394017
1.681507909
1.681621698
1.681735851
1.68185019
1.681964727
1.682080703
1.682195764
1.68231112
1.682425388
1.682539013
1.682653216
1.682766919
1.682885231
1.682999247
1.683110846
1.683222349
1.683341333
1.683456989
1.683578146
1.683694768
1.683817359
1.683936207
1.684062687
1.684183674
1.684311142
1.684433067
1.684561244
1.684690203
1.684813933
1.684944405
1.685077082
1.685210539
1.685344106
1.685472145
1.685607775
1.685745492
1.685885277
1.686026386
1.68616833
1.686310923
1.686460075
1.686604615
1.686748414
1.686893606
1.687039227
1.68719005
1.687334317
1.687481153
1.687635297
1.687784029
1.687934065
1.688092031
1.68824486
1.688404194
1.688555563
1.6887137
1.688873241
1.689027269
1.689188611
1.689350732
1.689505718
1.689670389
1.689838573
1.690009221
1.690181555
1.690355198
1.690530706
1.690706435
1.690882408
1.691059441
1.691237615
1.691417506
1.691598912
1.691780712
1.691964245
1.692154932
1.69233804
1.692522003
1.692712559
1.692897199
1.693081876
1.693274666
1.693460888
1.693653799
1.693839386
1.694033821
1.694230496
1.694420762
1.694619037
1.694815405
1.695001844
1.695196465
1.695391771
1.695587706
1.695783606
1.695979331
1.69617509
1.696369125
1.69656297
1.696757634
1.696950327
1.697142485
1.69733401
1.697532078
1.697720793
1.697909203
1.698097022
1.698293579
1.698481454
1.698677307
1.698865416
1.69905323
1.699248361
1.699440201
1.699621755
1.699812395
1.699996121
1.700187647
1.700380174
1.700572825
1.70076573
1.700953509
1.701149398
1.701344615
1.701539425
1.701733978
1.701929153
1.702124796
1.70232168
1.702516684
1.702717333
1.702910168
1.703101807
1.703293056
1.703494965
1.703689338
1.703882266
1.704083567
1.704276137
1.704475671
1.704668779
1.704870244
1.705073473
1.705267506
1.705470167
1.705675882
1.705873721
1.706079155
1.706285608
1.706491617
1.706696739
1.706901806
1.707107263
1.707312076
1.707517143
1.707720134
1.707923783
1.708127026
1.708330284
1.708541689
1.708747106
1.708954217
1.709170156
1.709379506
1.709589609
1.709810043
1.710025444
1.71024962
1.710475492
1.710695902
1.71092625
1.71115819
1.711382211
1.711613114
1.711844116
1.712075759
1.712307869
1.71254149
1.712773033
1.713003023
1.71323451
1.713465494
1.713695282
1.713925246
1.714156366
1.714388845
1.714631283
1.71486659
1.715100852
1.715344187
1.7155798
1.715825101
1.716062399
1.716309035
1.716548013
1.716794892
1.717042319
1.717289541
1.717528455
1.717776534
1.718022585
1.718269553
1.718517096
1.718766295
1.71901604
1.719266998
1.719518072
1.719770866
1.720024697
1.720279262
1.720542285
1.720797694
1.721052195
1.721317511
1.721578096
1.72183951
1.722111917
1.722377071
1.722650474
1.722924092
1.723189417
1.723462643
1.723734968
1.723998846
1.724271752
1.724545035
1.724816707
1.725088129
1.72536113
1.725634007
1.72590841
1.7261835
1.726458421
1.726731094
1.727011986
1.727283017
1.727554897
1.727837216
1.728110974
1.728384804
1.728670214
1.728948239
1.729237599
1.729528086
1.729810134
1.73010243
1.730397089
1.73069309
1.730980092
1.731278002
1.731576734
1.731877494
1.732179596
1.732482719
1.732787861
1.733093078
1.733410549
1.733720014
1.73402994
1.734341145
1.734662662
1.734975409
1.735290314
1.735616273
1.735931681
1.736257007
1.736583265
1.736899879
1.737228064
1.737556936
1.737875847
1.738206188
1.738537154
1.738869
1.739202112
1.739533973
1.739865283
1.740196115
1.740525087
1.740853603
1.741192175
1.74152152
1.741851327
1.742193384
1.742527037
1.742859109
1.743200132
1.743531756
1.743875972
1.744221079
1.744555232
1.744899997
1.745244106
1.745588589
1.745933519
1.746268194
1.7466132
1.746960247
1.747308059
1.747657357
1.748019097
1.748372097
1.748726273
1.749081573
1.749447673
1.749803077
1.75016042
1.750529709
1.750889706
1.751261474
1.751623402
1.751996242
1.752369003
1.752741825
1.753102779
1.753475293
1.753847532
1.754218444
1.754589303
1.754960621
1.755330687
1.75570104
1.756069879
1.756437603
1.756815018
1.757180919
1.757547489
1.757927288
1.758297152
1.758677564
1.75904788
1.759431117
1.759805393
1.760192176
1.760578732
1.760965962
1.761342781
1.761729648
1.762117553
1.762505147
1.762891954
1.763279652
1.763671213
1.764075543
1.764468927
1.764863317
1.765258681
1.765665994
1.766062256
1.76646929
1.766864734
1.76727302
1.767670021
1.76807788
1.768486217
1.768884293
1.769295221
1.769708005
1.770121118
1.770532113
1.770943168
1.771353716
1.771765476
1.77217841
1.772592271
1.773018764
1.773435423
1.773851341
1.774277505
1.774693038
1.775123334
1.775542158
1.775972564
1.776392398
1.776824649
1.77725626
1.777685902
1.778114232
1.778541884
1.778956227
1.779393016
1.779816145
1.780237516
1.780657678
1.781076944
1.781495924
1.781924562
1.782339711
1.782753459
1.783177912
1.783592615
1.78401918
1.784445194
1.784862132
1.785289788
1.785718396
1.78614877
1.786579165
1.787009409
1.787440023
1.787869849
1.788299115
1.788725799
1.789151983
1.789576819
1.790010544
1.790432866
1.790864203
1.791283626
1.791713045
1.792132016
1.792562048
1.792991951
1.793408885
1.793834381
1.794260072
1.794685045
1.795110522
1.795536025
1.795959464
1.79638211
1.796801989
1.797218285
1.797641669
1.798054124
1.798466596
1.798888236
1.79929814
1.799717283
1.800137471
1.800546753
1.800964355
1.801380212
1.801794899
1.802209709
1.802612901
1.803024728
1.803444906
1.803852747
1.804256969
1.804659004
1.805060597
1.805471844
1.805870217
1.806275851
1.80667058
1.807075347
1.807467692
1.807868848
1.80826962
1.808660804
1.809059432
1.809454835
1.809848626
1.810240872
1.810629629
1.811015594
1.811402551
1.811799765
1.812184944
1.812571294
1.812967491
1.813355088
1.813752241
1.8141393
1.814536673
1.814933468
1.815328189
1.815712036
1.816103181
1.816492004
1.81688106
1.817270224
1.817658128
1.818043694
1.818436473
1.818819441
1.819202807
1.819593688
1.819974895
1.820363073
1.820740638
1.821123759
1.821505674
1.821876983
1.822257647
1.822638596
1.823019333
1.823401102
1.823781304
1.824162105
1.824544599
1.824935231
1.825316675
1.825697281
1.826086408
1.826465991
1.826853929
1.827234461
1.827622955
1.828012259
1.828392695
1.828782687
1.829171085
1.829557643
1.829942402
1.830327844
1.830712509
1.83110552
1.831488308
1.83186941
1.832258149
1.832637613
1.83301621
1.833403294
1.833789534
1.834164902
1.834547553
1.834928765
1.835309613
1.835689161
1.836065489
1.836439802
1.836812417
1.83718253
1.837551676
1.837927857
1.838294271
1.838667345
1.83902996
1.839396743
1.839755294
1.840120868
1.840484361
1.840846277
1.841198025
1.841555601
1.84191309
1.842278311
1.842633617
1.842986767
1.843336802
1.843685786
1.844041108
1.844386301
1.844738307
1.84508218
1.845432331
1.845780952
1.846128884
1.846475183
1.846812374
1.847155085
1.847497093
1.847844006
1.848182192
1.84851891
1.848853469
1.8491928
1.849521631
1.849856101
1.850180379
1.85050903
1.85083533
1.851153667
1.851475499
1.851795181
1.852114499
1.85243089
1.852745114
1.853058226
1.853375402
1.853684501
1.853991824
1.854302732
1.854608189
1.854920746
1.855226447
1.855536682
1.855843397
1.856148969
1.856454003
1.856757807
1.857060055
1.857360281
1.857658446
1.857954008
1.858255113
1.858550719
1.858845516
1.859145263
1.859444781
1.859735783
1.860029736
1.860321188
1.860610539
1.860899894
1.861189042
1.861476319
1.861760896
1.862044719
1.862327677
1.862614972
1.86289349
1.863175297
1.863450281
1.863729444
1.864000387
1.864274891
1.864546432
1.86481451
1.865080237
1.865344052
1.865608287
1.865870424
1.86613586
1.866395395
1.866654013
1.86691595
1.867172639
1.867431246
1.867686555
1.867939015
1.868184685
1.868433649
1.868680194
1.868924555
1.869172058
1.869413889
1.869654851
1.869894884
1.870138641
1.870376135
1.870616803
1.8708505
1.871087444
1.87132396
1.871559132
1.871790955
1.872021162
1.872251067
1.872480069
1.872706244
1.872938424
1.873164916
1.873390545
1.873620643
1.873844347
1.874070295
1.874296024
1.874522088
1.874746783
1.87496934
1.875190789
1.875411978
1.875631091
1.875849167
1.876071615
1.876290214
1.876512132
1.876728934
1.876947088
1.877159542
1.877373229
1.877585639
1.877796396
1.878004709
1.878211069
1.878415409
1.878622036
1.878823798
1.879024113
1.879226365
1.879424147
1.879624811
1.879823389
1.880020251
1.88021101
1.880403446
1.880595681
1.880791069
1.880982054
1.881172926
1.881364522
1.881559263
1.881750802
1.881945184
1.882140101
1.88233332
1.882531424
1.882729694
1.882929533
1.883127638
1.883325754
1.883523118
1.883724544
1.883923003
1.884120947
1.884321182
1.884519815
1.88471659
1.884916533
1.885116524
1.885315581
1.88551469
1.88571108
1.885907345
1.886103885
1.886302557
1.886497198
1.886694028
1.886885899
1.887080223
1.887270886
1.887462091
1.88765328
1.887844082
1.888034206
1.888223861
1.888415029
1.888601787
1.888787855
1.888978178
1.889164852
1.889354182
1.889543692
1.889732256
1.889923364
1.890112624
1.890303434
1.890496593
1.890685875
1.890876203
1.891067607
1.89126343
1.891457154
1.891654661
1.89185194
1.892048732
1.892242929
1.892439833
1.892637005
1.892826715
1.89301352
1.893198213
1.893384517
1.893566214
1.893750785
1.89393206
1.894116293
1.894298784
1.894480312
1.894661583
1.894841776
1.895018344
1.895193651
1.89536979
1.895542025
1.895715507
1.895884386
1.896055971
1.896226975
1.896396043
1.896560722
1.896728504
1.896893702
1.897059206
1.897226349
1.897394665
1.897559587
1.897726126
1.897889419
1.898053851
1.898214983
1.898374801
1.898534022
1.898692718
1.898851503
1.899011428
1.899173584
1.899332249
1.899494462
1.899653822
1.899814705
1.899974815
1.900134246
1.900294188
1.900453032
1.900610089
1.900766806
1.900926047
1.901082184
1.901240752
1.901397248
1.901555469
1.901711772
1.901866442
1.902019762
1.902171628
1.902320503
1.902466683
1.902611697
1.902756683
1.902897442
1.903040566
1.903183563
1.903324303
1.903462434
1.903601498
1.90374185
1.903879393
1.904018177
1.904157252
1.90429723
1.904435243
1.904575915
1.904715716
1.904854905
1.904993384
1.90513167
1.905270097
1.905410562
1.905552195
1.905696892
1.905841283
1.90599064
1.906140963
1.906288296
1.906439218
1.906591549
1.906743389
1.906892824
1.90704105
1.907184502
1.907330002
1.907473196
1.907616735
1.90775924
1.907896673
1.908034181
1.908168935
1.90830318
1.908431906
1.908558316
1.908683999
1.908804715
1.908925073
1.909042056
1.909159253
1.909275305
1.909390354
1.909504555
1.909617172
1.909728587
1.909836763
1.90994707
1.910054299
1.91016131
1.910267299
1.910374178
1.910480473
1.910585916
1.910690725
1.910793318
1.910898505
1.911001896
1.911105865
1.911209696
1.911314671
1.911416798
1.911518373
1.911620933
1.911723742
1.911827553
1.911931983
1.912034309
1.91213674
1.912237391
1.91233964
1.912443515
1.912547958
1.912652912
1.912758383
1.912862021
1.912964859
1.91306842
1.913170712
1.913273769
1.913381243
1.913489657
1.91359716
1.913705478
1.913817794
1.913931077
1.914046708
1.914162362
1.914278985
1.91439665
1.914514169
1.914631981
1.914753016
1.914876906
1.915001845
1.915128796
1.915255348
1.915386802
1.915519066
1.915648816
1.915781698
1.915918477
1.916054453
1.916191393
1.916330251
1.916473359
1.916617397
1.916762588
1.916910076
1.917057448
1.917206867
1.917359111
1.917513204
1.9176688
1.917822372
1.917978164
1.918134981
1.918290295
1.918450006
1.918611356
1.918773285
1.918939545
1.919103622
1.919269299
1.919438889
1.919610472
1.919784881
1.91996009
1.920140163
1.920324811
1.920510065
1.920697861
1.920891063
1.921085859
1.921285558
1.921490159
1.921696817
1.921905758
1.922115611
1.92232592
1.922537404
1.922751223
1.922963071
1.923179823
1.92340078
1.923625474
1.923853664
1.924086458
1.924320508
1.924558927
1.924795723
1.925039316
1.925280437
1.925526688
1.925772714
1.926018757
1.926264988
1.926515692
1.926763031
1.927017286
1.927272245
1.927533607
1.927797337
1.928063265
1.928331137
1.928601533
1.928877938
1.929152085
1.929427604
1.92969942
1.929975722
1.930254546
1.930532816
1.930813128
1.931099192
1.931382617
1.931670673
1.931954456
1.932244096
1.93253589
1.932828685
1.933124599
1.933421404
1.933717962
1.934018995
1.934320317
1.934618742
1.934921666
1.935226393
1.935533815
1.935840805
1.936150866
1.936457263
1.936768574
1.937076182
1.93738894
1.937703161
1.938017108
1.938331168
1.938651149
1.938971704
1.939300624
1.939628004
1.939961857
1.94029746
1.94063248
1.940967625
1.941303952
1.941647465
1.941990592
1.942339027
1.942689663
1.943046481
1.94340843
1.943773993
1.944141854
1.944508538
1.944881658
1.945256854
1.945630781
1.946011994
1.946396037
1.946785051
1.947181155
1.947573865
1.947970475
1.948363963
1.94876239
1.949162806
1.949563771
1.949967432
1.95037381
1.950785943
1.951196439
1.951611384
1.952025463
1.952441126
1.952857883
1.953274474
1.953690325
1.954110839
1.954531366
1.954949237
1.955372656
1.955796775
1.956223715
1.956655065
1.957092053
1.957525665
1.957967278
1.958411085
1.95885741
1.959307632
1.959761888
1.960221847
1.960686234
1.961158468
1.961632473
1.962103913
1.962580566
1.963058817
1.9635427
1.964021661
1.964509289
1.964994578
1.965487659
1.965981552
1.966475693
1.966970516
1.967466057
1.967970497
1.968471855
1.968980564
1.969490737
1.970004964
1.97052404
1.971047835
1.97157383
1.972102867
1.972633599
1.973160105
1.973695703
1.974234645
1.97478151
1.975323175
1.975866284
1.976415911
1.976964932
1.977513466
1.978063889
1.978617691
1.97917421
1.979734843
1.980289055
1.980850458
1.981416451
1.98198561
1.982557538
1.983131067
1.983711739
1.98428925
1.984873338
1.985461241
1.986049794
1.986640006
1.987229668
1.987819867
1.988415347
1.989011513
1.989607759
1.990200582
1.990805321
1.991408063
1.992016314
1.992632163
1.993247284
1.993857692
1.994477974
1.995103854
1.995737091
1.996364469
1.996999398
1.997632464
1.998271934
1.998914416
1.999559248
2.000214457
2.000865333
2.001522298
2.00217299
2.002834462
2.003497786
2.004168407
2.004833846
2.00550378
2.006179268
2.006856067
2.00753535
2.008216393
2.008901394
2.009588962
2.010284926
2.010973
2.011669357
2.012368424
2.013067747
2.013764707
2.014472299
2.015175221
2.015884474
2.016593182
2.017303559
2.018016309
2.018733757
2.01946064
2.020185768
2.020919144
2.021653308
2.022387821
2.023125402
2.023869972
2.024610297
2.025360533
2.02611108
2.026864367
2.027620583
2.028379078
2.029146831
2.029910494
2.030682123
2.031458834
2.032238881
2.033018585
2.033808834
2.034593366
2.035382924
2.036173879
2.036965937
2.037757984
2.038548983
2.039348314
2.040142322
2.040940418
2.041737026
2.0425374
2.043340498
2.044154598
2.044965404
2.045784138
2.046603523
2.047426968
2.048254268
2.049092629
2.049928993
2.050777019
2.051629257
2.052483043
2.053339722
2.054197212
2.05506061
2.055924495
2.056783006
2.057648595
2.05852097
2.059386316
2.060248407
2.061117463
2.061984093
2.062851319
2.063720636
2.064593195
2.065473963
2.066349741
2.067235168
2.068121155
2.069008993
2.069901537
2.070806166
2.071702835
2.072608855
2.073518176
2.074425927
2.075342182
2.076253347
2.077169189
2.078079734
2.07899976
2.079915275
2.080836644
2.081749103
2.082666148
2.08358073
2.084492527
2.085407551
2.08632754
2.087248732
2.08818178
2.089116186
2.090053327
2.090991542
2.091931934
2.092882063
2.093823287
2.094772725
2.095720946
2.096669538
2.09762918
2.098579882
2.099535319
2.100489168
2.101441144
2.102395267
2.103359315
2.104316577
2.105282227
2.106248922
2.107218281
2.108186412
2.10916234
2.110128419
2.111098623
2.112064937
2.113028838
2.113989804
2.114957422
2.115918804
2.116888328
2.117863074
2.118847617
2.119823824
2.120796559
2.121775153
2.122753177
2.123727607
2.124702142
2.125685038
2.12666796
2.127640267
2.12862109
2.12961069
2.130593687
2.131578848
2.13256797
2.133554953
2.134541194
2.135526937
2.136522644
2.137513842
2.138512993
2.139514424
2.140518516
2.141534446
2.142548066
2.143573117
2.144598042
2.145620983
2.146641758
2.14767358
2.148700959
2.149736561
2.150774582
2.151814724
2.152864966
2.153909309
2.154966126
2.156029809
2.157097155
2.158171566
2.159237231
2.160312496
2.161387123
2.162463532
2.16354156
2.164617999
2.165703413
2.16678758
2.167875275
2.168963969
2.170053408
2.171153405
2.172250837
2.173350508
2.174453538
2.175562816
2.176685073
2.177812953
2.178942772
2.180072947
2.18120377
2.182342368
2.183475874
2.184622779
2.185774162
2.186936368
2.188091631
2.189256541
2.190422702
2.191592835
2.1927622
2.193933382
2.195115626
2.196298451
2.197477936
2.198654855
2.19984059
2.201018571
2.202206959
2.203396745
2.204590423
2.205790444
2.206982384
2.208181535
2.209382237
2.210589642
2.211788757
2.213000311
2.214206782
2.215423471
2.216648265
2.21786643
2.219093929
2.22032396
2.221557385
2.222790382
2.224019719
2.225256419
2.226497775
2.227741737
2.228985554
2.230239737
2.231485088
2.232739101
2.233989163
2.235248137
2.23649961
2.237760453
2.239024403
2.240289063
2.24155627
2.24283448
2.244103569
2.245384634
2.246680066
2.247971511
2.249261609
2.250561861
2.251864858
2.253170385
2.254488267
2.255799619
2.257122749
2.258450375
2.259791048
2.261125566
2.262473153
2.26382286
2.265173851
2.266523555
2.26786909
2.269225466
2.270580252
2.271937148
2.273305516
2.274669922
2.276045066
2.277420826
2.278806016
2.280202246
2.281588912
2.28298374
2.284377949
2.285784646
2.287183626
2.288597394
2.290012889
2.29143135
2.292850404
2.294278589
2.295707585
2.297136128
2.298565803
2.300002524
2.301429971
2.302864093
2.304306917
2.305738506
2.307177009
2.3086029
2.310033895
2.311472508
2.31290053
2.314338724
2.315777305
2.317214868
2.318652291
2.32009566
2.321537013
2.322978718
2.324420396
2.325873122
2.327316351
2.328767128
2.330216383
2.331675627
2.33312322
2.334577098
2.336029782
2.337488959
2.338937554
2.34039332
2.341850003
2.343303608
2.344766891
2.346221835
2.347682337
2.349140289
2.350605834
2.352060079
2.353524223
2.354987252
2.356456368
2.357911909
2.359374337
2.360835227
2.362297884
2.363766931
2.36522405
2.36668614
2.36815134
2.369626878
2.371089719
2.372555432
2.37401643
2.375477565
2.376926941
2.378382336
2.379836857
2.381288962
2.382744119
2.384193358
2.385639367
2.387083581
2.388527581
2.389980218
2.391434977
2.392893665
2.394366472
2.395831566
2.397308408
2.398781799
2.400260746
2.401739276
2.403208008
2.404688925
2.406161224
2.407639504
2.409107652
2.410591918
2.41206882
2.413544683
2.41502392
2.416504268
2.417991854
2.419470572
2.420960336
2.422457071
2.423959304
2.425470353
2.426979056
2.428487945
2.429996854
2.431512609
2.433023794
2.434532732
2.436039316
2.437553349
2.439060784
2.440576475
2.442100229
2.443612862
2.445134045
2.446652653
2.448169313
2.449692003
2.451214679
2.452744555
2.454279251
2.455832958
2.457390351
2.458950036
2.460509694
2.462078842
2.463650636
2.465223454
2.466799913
2.468389945
2.469984823
2.471584236
2.473186324
2.47479678
2.476405321
2.478010905
2.479611865
2.481215914
2.482818243
2.48441529
2.486017177
2.487608641
2.489206248
2.4908078
2.492400305
2.494000606
2.495594223
2.497181034
2.498773484
2.50036499
2.501954161
2.503543006
2.505141435
2.506744563
2.508349814
2.509967289
2.511573397
2.513185487
2.514793157
2.516405328
2.518016054
2.519626256
2.521238388
2.522858794
2.524477954
2.526097693
2.527715816
2.529341632
2.530964732
2.532583955
2.53420024
2.535823995
2.537449928
2.539079691
2.540699127
2.542323781
2.543947394
2.545574338
2.547195326
2.548828424
2.550460926
2.552110217
2.553765515
2.555424564
2.557085589
2.558756466
2.560428044
2.562098649
2.563767105
2.565439249
2.567109659
2.568776649
2.570449708
2.572121913
2.573793746
2.575465831
2.577145115
2.578828895
2.580516536
2.582213979
2.58391496
2.58561867
2.587326796
2.589045408
2.590762983
2.592482458
2.594211763
2.595929504
2.597661278
2.599386611
2.60112265
2.602861469
2.604599623
2.606338334
2.608082809
2.609828129
2.611582913
2.61334545
2.615109044
2.616874319
2.618643806
2.620403078
2.622177944
2.623945588
2.625715914
2.627484943
2.629249832
2.631022338
2.632794582
2.634571122
2.636358814
2.638133199
2.639919186
2.641691499
2.643473921
2.645256024
2.647042957
2.64883777
2.650633651
2.652436984
2.654240766
2.656049673
2.657856308
2.659669137
2.661473889
2.663282214
2.665096188
2.666902367
2.668714724
2.670524695
2.672339065
2.674151403
2.67596185
2.677769811
2.679587154
2.68140443
2.683225131
2.685038881
2.686860802
2.688691428
2.690507261
2.692324929
2.694139256
2.69596193
2.69778064
2.699594157
2.701409593
2.703233116
2.705054088
2.706879532
2.708690253
2.710506367
2.712330613
2.714145132
2.715965875
2.717791272
2.719606548
2.721426795
2.723239041
2.725051255
2.726856204
2.728653654
2.730448212
2.732248873
2.734045491
2.735843922
2.737637837
2.739421377
2.741192763
2.742965809
2.744728853
2.746485649
2.748245595
2.750003961
2.751756936
2.753509911
2.755257487
2.757000177
2.758745204
2.760494085
2.762240151
2.763992567
2.765740415
2.767479744
2.769219149
2.77095649
2.772688524
2.774410562
2.776130046
2.777851498
2.779558947
2.781265053
2.782966866
2.784670581
2.78636989
2.788066813
2.789765259
2.791447535
2.79314429
2.79482476
2.796503618
2.798179561
2.79986077
2.801537939
2.803213214
2.804898295
2.806586964
2.808270725
2.80995533
2.81163678
2.813316728
2.815003
2.816679857
2.818368783
2.820046029
2.821729161
2.823420863
2.825108165
2.826805244
2.828510066
2.83021697
2.831929553
2.83364761
2.835368679
2.837090674
2.838818817
2.840555394
2.842296086
2.844055345
2.845816152
2.847576393
2.84934327
2.851116213
2.852887681
2.854671819
2.856461362
2.858253835
2.860054775
2.861857007
2.863659365
2.865470368
2.867280499
2.869092652
2.870920416
2.872756205
2.874605895
2.876463384
2.878327893
2.880195389
2.882069139
2.88395355
2.885841103
2.887744353
2.889664053
2.891584395
2.893517887
2.895467206
2.897423145
2.899385083
2.901350013
2.903328054
2.905312035
2.907312286
2.90931488
2.911322945
2.913346709
2.915376976
2.917417981
2.919464157
2.921521141
2.923586621
2.92566393
2.927753667
2.929842003
2.931945332
2.934064946
2.936181687
2.938321444
2.940457997
2.942604836
2.944755332
2.946916295
2.949084322
2.951259711
2.953429593
2.955607368
2.957795578
2.959988471
2.962184149
2.964393581
2.966606865
2.968823113
2.971048098
2.973275122
2.975511103
2.977747665
2.979986769
2.982233033
2.984475205
2.986723139
2.98897024
2.991215083
2.99347007
2.995724955
2.997980916
3.00024695
3.002515804
3.004798506
3.007081696
3.00936425
3.011660276
3.013959938
3.016265229
3.018584058
3.02091262
3.023238878
3.025587535
3.027932324
3.03028579
3.032642194
3.035006936
3.037370446
3.039739033
3.042105431
3.044492533
3.04687758
3.049282746
3.051682847
3.054095208
3.056510379
3.058933909
3.061360884
3.06379303
3.066238702
3.068700861
3.071160098
3.073628997
3.076108737
3.078591246
3.081075464
3.083567713
3.086060517
3.088566736
3.091076649
3.09358986
3.09611218
3.098638726
3.101176849
3.103717767
3.106259712
3.108810269
3.111361671
3.113921851
3.116479805
3.11903998
3.121611873
3.124191174
3.126755575
3.129327674
3.131912598
3.134499848
3.137090815
3.139691186
3.142294056
3.144911438
3.147528479
3.150153817
3.152774833
3.15539201
3.158014578
3.160633648
3.16325932
3.165888263
3.168516731
3.171157186
3.173795811
3.176441815
3.179084774
3.181734826
3.184386335
3.187042981
3.189693685
3.192341087
3.195003088
3.197666715
3.200331424
3.203015218
3.205698922
3.208397886
3.211091868
3.21379046
3.216487995
3.219194835
3.221904671
3.224623487
3.227344321
3.230066938
3.232798193
3.235535892
3.238263676
3.241010815
3.243754742
3.2465096
3.249276104
3.25204612
3.254820919
3.25760638
3.260395066
3.263191739
3.265989355
3.268800303
3.271609366
3.274424738
3.277242184
3.280062351
3.282889107
3.285724681
3.288548194
3.291390342
3.294222805
3.297071493
3.299909606
3.302752866
3.305601666
3.308446492
3.31129238
3.314149125
3.31701923
3.319889802
3.322763223
3.325651217
3.328542795
3.331446202
3.334348767
3.337254046
3.340175742
3.343110854
3.346047458
3.348979698
3.351922552
3.354877923
3.357836901
3.360793264
3.363760361
3.366731004
3.369717092
3.372711959
3.375721629
3.378734202
3.381759432
3.384786511
3.387815917
3.390866517
3.393914719
3.396976135
3.400044812
3.403113882
3.4061811
3.409254541
3.412323525
3.415398756
3.418484622
3.421571005
3.42465901
3.427761557
3.430866253
3.433980488
3.437098255
3.440222897
3.443346596
3.446479043
3.449607057
3.452739011
3.455869125
3.459013665
3.462158794
3.465321312
3.468492302
3.471673556
3.474850775
3.478026325
3.481210163
3.484403334
3.487596464
3.490805191
3.494016436
3.497237819
3.500460984
3.503686997
3.506937685
3.510187052
3.513448255
3.516726099
3.52001401
3.523318323
3.526623318
3.52993947
3.533262962
3.536592309
3.53994051
3.54328299
3.546634864
3.549994173
3.553347366
3.556705508
3.560062228
3.563427383
3.56679034
3.57015707
3.57351659
3.576878372
3.580244924
3.583600392
3.586973725
3.590346589
3.593720696
3.597105006
3.600489716
3.603887041
3.60729975
3.610719371
3.614141746
3.617577596
3.621025786
3.624481464
3.627950327
3.631430551
3.63491952
3.638427347
3.641928477
3.64544535
3.648954617
3.652483565
3.65601163
3.659544551
3.663086582
3.666635046
3.670191402
3.673757264
3.677331335
3.680912932
3.684516355
3.688108372
3.691711466
3.695321248
3.698941397
3.702556591
3.706189289
3.709824386
3.713461666
3.717114779
3.720783582
3.72445561
3.728132874
3.731830868
3.735522305
3.739232254
3.742935885
3.746661579
3.750386867
3.754107148
3.757831926
3.761560093
3.765283752
3.769018074
3.772754917
3.776502887
3.780256301
3.784030115
3.787822651
3.791620165
3.795423512
3.799251673
3.803074012
3.80692103
3.810755879
3.814612901
3.818472601
3.822331805
3.826209129
3.830071669
3.833944158
3.837824639
3.841713099
3.84560877
3.849508777
3.85342009
3.857344428
3.86127124
3.865209137
3.869156508
3.873104406
3.877052453
3.881010889
3.884976571
3.888937314
3.8929036
3.896871592
3.900834749
3.904792127
3.908771365
3.912744492
3.916735869
3.92072358
3.924710487
3.928706542
3.932712599
3.936714328
3.940717422
3.944724755
3.948728778
3.952742931
3.956755548
3.960775601
3.964789998
3.968810976
3.972840276
3.976875495
3.980917498
3.984959042
3.988994389
3.993030462
3.997089392
4.001143529
4.005217774
4.009292225
4.013372297
4.017445218
4.021525923
4.025607753
4.029697329
4.03379481
4.03789757
4.04198854
4.046090382
4.050185772
4.054290172
4.058389407
4.062490779
4.06659461
4.070697545
4.074812848
4.078924837
4.083051327
4.087171296
4.091312219
4.095455872
4.099602741
4.103758988
4.107935559
4.112131464
4.116329402
4.120525339
4.124736744
4.128945991
4.133154258
4.137382969
4.14160733
4.145854508
4.150100113
4.154356913
4.158617431
4.162886434
4.167162286
4.17143763
4.175726914
4.180028596
4.184336699
4.188664565
4.192998721
4.197352051
4.201717934
4.206101898
4.210490141
4.214887434
4.219307522
4.223732221
4.228165389
4.232627712
4.237088285
4.241554348
4.246047499
4.250556658
4.255075581
4.259611642
4.264159186
4.268720508
4.273285266
4.277866512
4.282458212
4.287079721
4.291710419
4.296347164
4.30099916
4.305665773
4.310341307
4.315016606
4.319702189
4.3243903
4.32909586
4.333820277
4.338556546
4.343292647
4.348041136
4.352790235
4.357557402
4.362315185
4.367096992
4.37188599
4.376690936
4.381505275
4.386320304
4.391147377
4.3959871
4.400830194
4.405679467
4.410534086
4.415385166
4.420241175
4.425105527
4.429978427
4.434848649
4.439712467
4.44459459
4.449473247
4.454350587
4.45923326
4.464107023
4.468981364
4.473861302
4.478740106
4.483626178
4.488530475
4.49344509
4.498357588
4.503275128
4.508186534
4.513109274
4.518030217
4.522951186
4.5278863
4.532821019
4.537765208
4.542712888
4.547651758
4.552589021
4.557529197
4.562462636
4.567405567
4.572358025
4.577317956
4.582265914
4.58720695
4.592141584
4.597066034
4.601990177
4.606919829
4.611855486
4.616788458
4.621724488
4.626662035
4.631605576
4.636543176
4.641486652
4.646429448
4.651365952
4.656318006
4.661253907
4.666207135
4.67116586
4.676117665
4.681076467
4.686028817
4.690992859
4.695950176
4.700906086
4.705851055
4.710798682
4.715737922
4.720682185
4.725621566
4.730571894
4.735516644
4.740466741
4.745412489
4.750375716
4.755327892
4.76027982
4.765219665
4.770165318
4.7751044
4.7800503
4.784987343
4.78993534
4.794885648
4.799849898
4.804823733
4.809794108
4.81478382
4.819766943
4.824751181
4.829751894
4.834745608
4.839754816
4.844749406
4.849751331
4.854751339
4.859743525
4.864746267
4.869752481
4.87474555
4.879747451
4.884741622
4.889742711
4.894739842
4.899746924
4.904748343
4.909759964
4.914775259
4.919801217
4.924830032
4.92987086
4.934926501
4.939988231
4.945063945
4.950136424
4.955210147
4.960295927
4.965390269
4.970490714
4.975589714
4.980697712
4.985802446
4.990906552
4.996027736
5.001144668
5.006275524
5.011407764
5.016542358
5.021678536
5.026828514
5.031980841
5.037145244
5.042317779
5.04749559
5.052680932
5.057870028
5.063065669
5.068265039
5.073471017
5.078677212
5.083881251
5.089075782
5.094276118
5.099473793
5.104671537
5.109869814
5.115073096
5.12028467
5.125505771
5.130715071
5.135923549
5.141127201
5.146340319
5.151546335
5.156752688
5.161967334
5.167178276
5.172410212
5.177656786
5.182906201
5.18818312
5.193462944
5.198748723
5.204042309
5.209342615
5.214655575
5.219963847
5.225287669
5.230599768
5.235919745
5.241248835
5.246571766
5.25190677
5.25723729
5.262589287
5.267947728
5.273308426
5.278667243
5.284035009
5.289404629
5.294792697
5.300176023
5.305577772
5.310980481
5.31638446
5.321795532
5.327216058
5.33263707
5.338080233
5.343522139
5.348983127
5.354447363
5.359922665
5.365405786
5.370899493
5.376399635
5.38191202
5.387425718
5.392953039
5.398478167
5.404016764
5.409576945
5.415137021
5.420710678
5.426303025
5.431904517
5.437525045
5.443154937
5.448795482
5.454467569
5.460147413
5.465832486
5.471527763
5.477240388
5.482972373
5.488710309
5.494462378
5.500238621
5.506035855
5.511857933
5.51769511
5.523541252
5.529410413
5.535303684
5.541196163
5.547095085
5.552999211
5.558917293
5.564854089
5.570801735
5.576766764
5.582737199
5.588727629
5.594731189
5.600737335
5.60677136
5.612813994
5.618880003
5.624948559
5.631030662
5.63714143
5.643255207
5.649374557
5.655503974
5.661648855
5.667803931
5.673975932
5.680162667
5.686363744
5.692570553
5.698783527
5.70498296
5.711188509
5.717394945
5.723605032
5.72980634
5.736018699
5.742228681
5.748445952
5.754664119
5.760874603
5.767094679
5.773305496
5.779507964
5.785717366
5.791904158
5.798092567
5.804267144
5.810440167
5.816595769
5.82275939
5.828934632
5.835100575
5.841260506
5.847426888
5.853594333
5.859765754
5.865961385
5.872150507
5.878335703
5.884525622
5.890726304
5.896921997
5.903114833
5.909316161
5.915512083
5.921720169
5.927921858
5.934125904
5.9403405
5.946543539
5.95275365
5.958961447
5.965182409
5.971410298
5.977661047
5.983916529
5.990188772
5.996471208
6.002760282
6.009069935
6.015396177
6.021730055
6.028083754
6.034447508
6.040816604
6.047206036
6.053610853
6.060024425
6.066435403
6.072857323
6.079288537
6.085733369
6.092179346
6.098624642
6.105055613
6.1114951
6.117963688
6.124431615
6.130913953
6.137395759
6.143869883
6.150362463
6.156868028
6.163394852
6.169932041
6.176472608
6.18300682
6.189522873
6.19602473
6.202524098
6.209007618
6.215486412
6.221975083
6.228453801
6.234916076
6.241377524
6.247821078
6.254252714
6.260666541
6.267064064
6.27345219
6.279846
6.28623585
6.292629392
6.299007336
6.305377909
6.311733061
6.318074203
6.324403911
6.330716974
6.337018679
6.343320428
6.34959089
6.35584544
6.362079804
6.36831659
6.374543299
6.380759867
6.386969056
6.393185217
6.399398713
6.405627506
6.411848534
6.418090225
6.424340084
6.430586611
6.436847022
6.443129706
6.449424447
6.455736605
6.462045607
6.468370254
6.474700259
6.481035624
6.487382248
6.493734823
6.500105995
6.506470434
6.512845759
6.519234071
6.525638951
6.532065545
6.538505655
6.544973479
6.551461572
6.557968608
6.564487189
6.571007808
6.57754313
6.584081335
6.590642976
6.5972149
6.603800971
6.610396663
6.616989935
6.623603
6.630231787
6.636863641
6.643504354
6.650164988
6.656832716
6.663520169
6.670218731
6.676918352
6.683627688
6.690341817
6.697082472
6.703840829
6.710618104
6.71741085
6.724193931
6.730977769
6.73776455
6.744568594
6.751387789
6.758203872
6.765034101
6.771874644
6.778722482
6.785582319
6.792454332
6.799340326
6.806247905
6.813170726
6.820110872
6.827066523
6.834061846
6.841062757
6.848081805
6.855118941
6.862163717
6.869220018
6.876298191
6.883390508
6.890487052
6.897596263
6.904721595
6.911856742
6.91900196
6.926156212
6.933331798
6.940521577
6.947724508
6.954937472
6.962139313
6.969340362
6.97653873
6.983745644
6.99097355
6.998208547
7.005457448
7.012726887
7.020029841
7.027335837
7.034649483
7.041977369
7.049320471
7.056651155
7.063964129
7.071256356
7.078541555
7.085820897
7.093091091
7.100353378
7.10761012
7.114862286
7.122107464
7.129344481
7.136571617
7.143798996
7.150991556
7.158147183
7.165284481
7.172415343
7.179561
7.186698265
7.193848097
7.200991691
7.208132401
7.215266531
7.222405648
7.22956243
7.236717433
7.243890187
7.251071108
7.258285474
7.265525682
7.27277142
7.280030767
7.287311912
7.294618342
7.301948231
7.309291087
7.316634433
7.323985023
7.331319883
7.338645591
7.34595986
7.353273435
7.360589501
7.367900615
7.375205235
7.382524015
7.389841364
7.397169163
7.40450019
7.411851653
7.419196605
7.426548972
7.433910946
7.441279101
7.448684498
7.456088896
7.463504234
7.470917284
7.478344061
7.485763836
7.493185058
7.500593322
7.507992273
7.515360676
7.52272509
7.530089636
7.53744719
7.544804618
7.552169886
7.559539367
7.566916213
7.574290418
7.581650287
7.589025353
7.596404725
7.603803961
7.611215387
7.618636449
7.626067341
7.633491677
7.640898519
7.648297132
7.655688858
7.663088614
7.670490781
7.677877072
7.685248167
7.69261005
7.699962721
7.707291655
7.714617155
7.721941835
7.729237393
7.736523362
7.743818293
7.751093665
7.758351178
7.765599471
7.772839793
7.780064268
7.78729081
7.794524512
7.801767443
7.809031631
7.816298429
7.823560009
7.830817299
7.838055444
7.845285679
7.852504271
7.859716132
7.866913556
7.874096828
7.881265335
7.888431956
7.895581738
7.902712149
7.909845652
7.916974285
7.924117683
7.931257651
7.938384154
7.945498637
7.952585038
7.95964602
7.966683468
7.973698154
7.980695582
7.987672382
7.99463486
8.001611141
8.008581107
8.015541946
8.022486974
8.029403983
8.036306304
8.04320013
8.050087246
8.056958384
8.06380817
8.070648419
8.077461003
8.084272107
8.091062933
8.09782154
8.104571549
8.11133319
8.118092541
8.12483688
8.131596287
8.138326727
8.145047843
8.151746096
8.158428717
8.165083711
8.17173826
8.178374506
8.18500164
8.191594067
8.198172198
8.204749727
8.211318505
8.217891013
8.224459969
8.231020323
8.237568775
8.244109777
8.25065062
8.257202001
8.263757486
8.270314425
8.276876693
8.283436077
8.289975339
8.29652615
8.303104542
8.309730705
8.316415589
8.323155316
8.329945752
8.336792548
8.343684903
8.350624269
8.357620095
8.364646934
8.371731332
8.37885322
8.386027685
8.393219802
8.400425447
8.407645342
8.41489974
8.422193956
8.429516872
8.436859417
8.444222446
8.451590818
8.458965899
8.466322598
8.473670602
8.48098521
8.488282751
8.495565585
8.502847555
8.510138882
8.517428129
8.524732899
8.532074348
8.539453678
8.546859215
8.55428708
8.561723101
8.569167436
8.576628001
8.584100533
8.59161851
8.599161617
8.606712989
8.614314165
8.621978018
8.629702181
8.63747128
8.645301602
8.653181893
8.661071102
8.668981672
8.67691944
8.684863411
8.692825355
8.70080084
8.7087871
8.716776338
8.724748534
8.732719498
8.74067118
8.748614573
8.756548886
8.764480477
8.772375052
8.780253546
8.788100921
8.795908079
8.803690756
8.811483356
8.819290233
8.827107689
8.834929071
8.842738376
8.850566648
8.858396162
8.866237837
8.874096808
8.881975842
8.889874704
8.897793854
8.905735667
8.913673158
8.921642743
8.92965322
8.937685002
8.945701578
8.953723333
8.961779686
8.969868807
8.977983649
8.986125241
8.994282209
9.002484833
9.010702417
9.018939975
9.027205297
9.035485932
9.043807619
9.052161594
9.060550659
9.068967238
9.077411424
9.08588303
9.094400225
9.10295956
9.111542174
9.120141822
9.128737838
9.137368865
9.146028062
9.154740984
9.163496462
9.172314788
9.181191199
9.19012171
9.19909946
9.208117357
9.217167988
9.226282348
9.235456061
9.244672794
9.253956069
9.263285823
9.27266369
9.282090126
9.291567524
9.301098216
9.310685498
9.320307185
9.329963698
9.339667511
9.349417192
9.359216196
9.369062315
9.378952781
9.388904134
9.398927343
9.408982162
9.419110843
9.429304985
9.439562408
9.449885993
9.460255614
9.470653812
9.481073892
9.49152272
9.502004278
9.512498134
9.52299793
9.533499598
