202.0721829
178.1563522
145.576321
126.4214394
113.4304087
103.7280932
96.12672447
89.96363617
84.85282543
80.5353702
76.81378876
70.7131877
65.90239903
61.99441367
58.73563121
54.67212418
50.34595338
47.73628387
44.22429803
41.36893697
39.00241582
36.28041299
33.80007882
31.76022341
29.6784761
27.68344165
25.94589947
24.30546193
22.73604068
21.33320004
20.04301635
18.82392075
17.68686032
16.65462005
15.67330132
14.78167288
13.98794021
13.26001136
12.59765626
12.02257872
11.51545686
11.04555667
10.63001817
10.25961261
9.936379059
9.646462746
9.423210498
9.271773168
9.162201802
9.05781179
8.970022495
8.885069211
8.795117996
8.704650846
8.629370605
8.564324195
8.528649322
8.525660803
8.556678756
8.631210656
8.740938158
8.853509574
8.954610206
9.035695564
9.075791761
9.097428438
9.097532655
9.131706737
9.194088072
9.303387712
9.456260914
9.637445888
9.821725346
10.10555512
10.56195512
11.20250852
11.99832289
12.94028724
13.86733851
14.71259614
15.43971149
16.04459912
16.67668632
17.28761709
17.80938416
18.32576746
18.70995414
19.42370216
21.07189548
23.8796685
27.15382205
29.95274632
33.0735983
