2.042020839
3.962056624
5.766158822
7.407256013
8.859187853
10.10996551
11.15884355
12.01345238
12.6874747
13.19856728
13.56651409
13.81175948
13.9543027
14.01290419
14.00455691
13.94419788
13.84461246
13.71646084
13.56841469
13.4073659
13.23865825
13.06633648
12.89338848
12.7219672
12.55358135
12.38925426
12.22965196
12.07517314
11.92601907
11.78224532
11.64379561
11.51052882
11.38224082
11.25867933
11.13955616
11.02456185
10.91338104
10.80570409
10.70123975
10.5997273
10.50094039
10.40469001
10.31082542
10.21923038
10.12981673
10.04251729
9.957278656
9.87405165
9.792786004
9.713429275
9.635926288
9.560221593
9.486262423
9.413998772
9.343381477
9.274361019
9.206887648
9.140911662
9.076384867
9.013262586
8.95150293
8.891065351
8.831909249
8.773991728
8.717266909
8.661686854
8.607203968
8.553772902
8.501352484
8.449907004
8.399405281
8.349820066
8.30112751
8.253305637
8.206333124
8.160188739
8.114850561
8.070295203
8.026498137
7.983434743
7.941080489
7.899411972
7.858408524
7.81805233
7.778328297
7.739223867
7.7007284
7.662831985
7.625524896
7.588797512
7.552639549
7.517039954
7.481987513
7.447471147
7.413480237
7.380005177
7.347037476
7.314569176
7.282592285
7.251098454
7.220078404
7.189521884
7.159418352
7.129757666
7.100530699
7.071729748
7.043348181
7.015379401
6.987815557
6.960646525
6.933859166
6.907437692
6.88136494
6.855623666
6.830198086
6.805075193
6.780245106
6.755700657
6.731436666
6.707448623
6.683731672
6.660280108
6.637087524
6.614146845
6.591450774
6.568992485
6.546765884
6.52476564
6.502987223
6.481426778
6.460080709
6.438945516
6.418017931
6.397294817
6.376773275
6.356451
6.336326382
6.316398502
6.296667172
6.277132762
6.257795802
6.238656863
6.219716726
6.200976289
6.182436421
6.164097763
6.145960277
6.12802282
6.110282965
6.092737006
6.075380019
6.058206201
6.041209284
6.024382786
6.007720495
5.991217215
5.974869252
5.958674756
5.942633766
5.926747685
5.911018358
5.895447232
5.880034654
5.864779272
5.849677931
5.834726073
5.819918181
5.80524846
5.790712056
5.776304854
5.762023719
5.747866806
5.733833186
5.719922283
5.706133452
5.692465766
5.678917755
5.665487308
5.652171805
5.638968242
5.625873401
5.612884223
5.599998203
5.587213609
5.574529527
5.561945734
5.549462201
5.537078579
5.524793885
5.51260636
5.500513504
5.488512255
5.476599187
5.464770698
5.453023316
5.44135403
5.429760446
5.418240936
5.406794734
5.39542183
5.384122764
5.372898463
5.361750003
5.350678415
5.339684609
5.328769353
5.31793313
5.307176108
5.296498145
5.28589867
5.275376579
5.26493024
5.254557515
5.244255795
5.234022196
5.22385386
5.21374818
5.203703078
5.193717282
5.183790347
5.17392264
5.16411517
5.154369313
5.144686499
5.135068009
5.125514903
5.116028002
5.106607971
5.097255434
5.0879709
5.07875462
5.06960645
5.060525715
5.051511155
5.042561048
5.033673338
5.024846091
5.01607765
5.007366869
4.998713165
4.9901164
4.981576683
4.973094056
4.964668178
4.956298192
4.947982769
4.939720263
4.931509004
4.923347635
4.915235285
4.907171674
4.899157088
4.891192179
4.883277728
4.875414482
4.867603045
4.859843838
4.852137122
4.84448305
4.836881615
4.829332557
4.821835312
4.814388918
4.806991998
4.799642918
4.792340037
4.785081961
4.777867763
4.77069708
4.763570026
4.75648706
4.749448851
4.742456148
4.73550962
4.728609759
4.721756755
4.714950325
4.708189574
4.701472927
4.694798176
4.68816269
4.681563731
4.674998752
4.66846564
4.661962919
4.655489798
4.649046128
4.642632287
4.63624896
4.629896828
4.623576265
4.617287136
4.611028667
4.604799456
4.59859765
4.592421189
4.586268085
4.580136723
4.574026114
4.567936011
4.561866842
4.555819448
4.549794802
4.543793728
4.537816797
4.531864323
4.525936459
4.520033359
4.514155301
4.508302738
4.502476293
4.496676697
4.490904684
4.4851609
4.479445854
4.473759904
4.468103225
4.462475804
4.45687741
4.451307529
4.445765377
4.440249991
4.43476041
4.429295875
4.42385599
4.418440756
4.413050506
4.407685807
4.402347298
4.397035549
4.391750976
4.386493834
4.38126425
4.376062309
4.370888153
4.36574204
4.36062423
4.355535159
4.350475215
4.345444641
4.340443367
4.335471038
4.330527041
4.325610577
4.320720723
4.315856553
4.31101695
4.306200648
4.301406318
4.296632691
4.291878708
4.287143694
4.28242744
4.277730242
4.273052833
4.268396199
4.263761351
4.25914908
4.254559778
4.249993362
4.245449331
4.240926906
4.236425209
4.231943447
4.227481051
4.223037725
4.218613416
4.214208265
4.20982253
4.205456541
4.201110676
4.196785321
4.192480811
4.188197359
4.183934974
4.17969337
4.175471907
4.171269606
4.167085253
4.162917578
4.15876547
4.154628159
4.150505305
4.146397005
4.14230374
4.138226272
4.134165532
4.130122506
4.126098114
4.12209311
4.118108014
4.114143075
4.110198259
4.106273293
4.102367717
4.098480906
4.094612086
4.090760363
4.086924771
4.083104328
4.079298128
4.075505415
4.071725621
4.067958389
4.06420355
4.060461077
4.056731018
4.053013479
4.049308597
4.045616541
4.041937528
4.038271822
4.034619733
4.030981585
4.027357661
4.02374812
4.020152926
4.016571813
4.013004291
4.009449692
4.00590727
4.002376303
3.998856191
3.995346538
3.991847184
3.988358186
3.984879781
3.981412328
3.977956211
3.97451173
3.971079016
3.967658014
3.964248502
3.960850156
3.957462625
3.954085582
3.95071875
3.947361953
3.944015114
3.940678303
3.937351763
3.934035878
3.930731104
3.92743788
3.924156557
3.920887355
3.917630349
3.914385478
3.911152553
3.907931297
3.904721395
3.901522554
3.898334558
3.895157297
3.891990755
3.88883497
3.88568998
3.88255578
3.879432308
3.87631946
3.873217114
3.870125135
3.867043373
3.863971649
3.860909727
3.857857302
3.854814033
3.851779617
3.848753884
3.84573688
3.842728907
3.839730489
3.836742253
3.833764788
3.830798536
3.827843742
3.824900475
3.821968669
3.819048178
3.816138841
3.813240531
3.810353197
3.807476872
3.80461166
3.801757695
3.79891511
3.796084025
3.79326454
3.790456762
3.787660806
3.784876797
3.782104829
3.779344934
3.776597073
3.773861132
3.771136932
3.768424244
3.765722805
3.763032321
3.760352475
3.757682934
3.755023356
3.752373422
3.749732889
3.747101625
3.744479641
3.741867064
3.739264121
3.736671073
3.734088148
3.731515494
3.728953146
3.726401016
3.723858904
3.721326492
3.718803355
3.716288972
3.713782747
3.711284047
3.708792264
3.706306868
3.703827447
3.701353714
3.698885498
3.696422732
3.69396545
3.691513796
3.689068034
3.686628539
3.684195757
3.681770139
3.679352064
3.676941783
3.674539399
3.672144885
3.669758134
3.667379026
3.665007467
3.662643398
3.660286768
3.657937517
3.65559556
3.653260811
3.650933195
3.648612646
3.64629908
3.643992357
3.641692257
3.639398478
3.637110666
3.634828461
3.632551571
3.630279833
3.628013273
3.625752106
3.623496704
3.62124752
3.619005002
3.616769526
3.614541356
3.612320655
3.610107534
3.607902123
3.605704622
3.603515318
3.601334559
3.599162707
3.597000088
3.594846957
3.592703469
3.590569663
3.588445447
3.586330581
3.584224669
3.582127163
3.580037407
3.577954691
3.575878307
3.573807617
3.571742095
3.569681378
3.567625276
3.565573758
3.563526913
3.56148489
3.559447857
3.557415971
3.555389361
3.553368118
3.551352286
3.549341852
3.547336739
3.545336826
3.543341956
3.541351969
3.539366721
3.537386123
3.535410164
3.533438925
3.531472579
3.529511379
3.527555635
3.525605659
3.523661719
3.521723991
3.519792533
3.517867302
3.515948174
3.514035006
3.512127694
3.51022623
3.508330738
3.506441469
3.504558777
3.502683059
3.500814707
3.498954044
3.49710128
3.49525648
3.49341956
3.491590306
3.489768401
3.487953473
3.486145131
3.484343
3.482546746
3.480756087
3.478970807
3.477190753
3.47541583
3.473645987
3.47188121
3.470121507
3.468366897
3.466617404
3.464873057
3.463133887
3.461399931
3.459671219
3.457947771
3.456229614
3.454516791
3.452809358
3.451107396
3.449410992
3.447720216
3.446035084
3.444355533
3.442681429
3.441012602
3.439348894
3.437690207
3.436036525
3.434387887
3.43274433
3.431105823
3.429472229
3.427843312
3.426218778
3.424598353
3.422981851
3.42136922
3.419760548
3.418156001
3.416555732
3.4149598
3.413368119
3.411780463
3.410196505
3.4086159
3.407038357
3.405463687
3.403891803
3.402322695
3.400756398
3.399192953
3.397632403
3.396074795
3.394520199
3.392968716
3.391420465
3.389875558
3.38833406
3.386795971
3.38526121
3.383729648
3.382201144
3.380675588
3.379152935
3.377633212
3.376116499
3.374602942
3.373092717
3.371586005
3.370082976
3.368583796
3.367088639
3.365597696
3.364111184
3.362629342
3.361152416
3.359680635
3.358214194
3.35675323
3.355297816
3.353847953
3.35240357
3.350964519
3.349530583
3.348101477
3.34667687
3.345256403
3.343839724
3.342426517
3.341016521
3.339609548
3.338205494
3.336804336
3.335406127
3.334010986
3.332619069
3.331230546
3.329845571
3.328464257
3.327086677
3.325712863
3.324342841
3.322976643
3.321614315
3.32025591
3.31890146
3.317550959
3.316204364
3.314861611
3.313522644
3.312187428
3.310855948
3.309528187
3.308204125
3.306883709
3.305566828
3.304253285
3.302942801
3.301635021
3.300329546
3.299025969
3.297723928
3.295123435
3.293824744
3.292527091
3.291230573
3.289935329
3.288641527
3.287349345
3.286058963
3.284770548
3.28348425
3.2822002
3.280918508
3.279639267
3.27836256
3.277088459
3.275817022
3.274548303
3.273282349
3.272019214
3.270758951
3.26824721
3.266995767
3.265747269
3.264501695
3.263259016
3.2620192
3.260782203
3.259547974
3.258316446
3.257087549
3.25586121
3.254637366
3.253415978
3.250980543
3.249766569
3.248555176
3.247346428
3.246140352
3.244936923
3.243736048
3.242537573
3.241341294
3.240146994
3.23895448
3.236574454
3.23538708
3.23420181
3.233019073
3.231839388
3.230663293
3.229491266
3.228323652
3.227160613
3.224847968
3.223697856
3.222551422
3.221408316
3.220268238
3.219130969
3.217996382
3.21686444
3.214608725
3.213485208
3.212364815
3.211247736
3.210134151
3.209024199
3.207917949
3.20681539
3.204620859
3.20352846
3.202438951
3.201352056
3.20026751
3.199185071
3.19702555
3.195947953
3.194871421
3.19379568
3.192720497
3.19164572
3.190571309
3.188424064
3.187351755
3.186280782
3.185211498
3.184144196
3.183079088
3.18095579
3.179897557
3.17884148
3.177787452
3.176735391
3.175685274
3.173591145
3.172547432
3.171506214
3.170467694
3.169432048
3.167369927
3.166343631
3.165320568
3.164300736
3.163284102
3.161260166
3.16025271
3.159248158
3.158246417
3.157247369
3.155256703
3.154264722
3.153274767
3.152286748
3.151300661
3.149334711
3.148355259
3.147378513
3.146404742
3.145434163
3.143502914
3.142542083
3.141584141
3.140628761
3.138724375
3.137774837
3.136826847
3.135880344
3.13399184
3.133049931
3.132109641
3.131170986
3.129298518
3.128364646
3.127432315
3.126501525
3.125572309
3.123718894
3.1227949
3.121872863
3.120035035
3.119119362
3.118205863
3.117294493
3.115477789
3.11457225
3.113668464
3.112766372
3.11096715
3.11006998
3.1091744
3.108280368
3.106496755
3.105607083
3.104718784
3.102946202
3.102061897
3.101178936
3.100297373
3.098538819
3.097662067
3.096787179
3.095043603
3.094175266
3.093309495
3.091586437
3.090729432
3.089875517
3.089024648
3.087331577
3.08648903
3.085648863
3.083974766
3.083140418
3.082307649
3.080646485
3.079818021
3.078990969
3.077341071
3.076518148
3.075696491
3.074056736
3.073238595
3.072421653
3.070791734
3.069978994
3.069167888
3.067550895
3.06674508
3.065941036
3.064338
3.063538821
3.062741062
3.061149382
3.060355254
3.059562143
3.05797872
3.057188396
3.056399096
3.054824212
3.05403903
3.052474131
3.051694672
3.050917273
3.049368428
3.048596708
3.047826545
3.046290195
3.045523791
3.043994586
3.043232068
3.042471241
3.040955709
3.040201436
3.038700354
3.037953431
3.037208691
3.035724731
3.034984987
3.033508926
3.03277236
3.032036697
3.030568131
3.029835315
3.028372846
3.027643233
3.026914688
3.025460705
3.024735219
3.023287156
3.022564527
3.021842784
3.020401796
3.019682499
3.018246387
3.017529715
3.016099657
3.015386467
3.013964079
3.013254929
3.012547153
3.011135801
3.010432308
3.009029966
3.008331196
3.006938461
3.006244435
3.004860894
3.004171332
3.003483212
3.002111089
3.001426893
3.000061514
2.999380042
2.998019127
2.997339714
2.995983467
2.995306909
2.993957538
2.99328486
2.991943532
2.9912748
2.989940991
2.989275874
2.987949205
2.987287628
2.98596774
2.985309254
2.983994722
2.983338541
2.98202827
2.981374264
2.980068982
2.979417957
2.978119741
2.977472727
2.976183091
2.975540455
2.974259334
2.973620751
2.972347418
2.971712701
2.970447405
2.969816905
2.968560248
2.967934022
2.96668538
2.965441009
2.964820097
2.963580374
2.962961516
2.961726021
2.96110955
2.959879624
2.959266316
2.958043187
2.956824571
2.956216761
2.955003449
2.954397619
2.953186878
2.952581762
2.951371802
2.950766936
2.94955737
2.948347751
2.947742789
2.946532471
2.945927226
2.944717224
2.943508978
2.942905831
2.941701668
2.941100594
2.939900255
2.938702248
2.938104191
2.936910343
2.936314747
2.935126703
2.933943321
2.933353428
2.932176991
2.931590255
2.930419195
2.929250764
2.928667437
2.92750272
2.926341189
2.925761924
2.924607066
2.923457909
2.9228857
2.921746263
2.92117906
2.920049611
2.918926677
2.918367702
2.917255074
2.916150037
2.915600464
2.914507079
2.913420872
2.912880239
2.911803543
2.910732659
2.91019932
2.909136623
2.908078719
2.907551352
2.906499563
2.90545189
2.904929793
2.903889546
2.902854944
2.902339765
2.901313344
2.900291468
2.89927306
2.898764818
2.897749793
2.896736475
2.896230447
2.895219669
2.89421048
2.893202686
2.892699322
2.891693936
2.890690932
2.890190497
2.889191775
2.888195505
2.887201135
2.886704612
2.885713108
2.884724119
2.883737973
2.88324595
2.882263868
2.881284351
2.880307567
2.879820271
2.878847855
2.877878
2.876910026
2.876426521
2.875460204
2.874494829
2.873530705
2.873049209
2.872087418
2.871127229
2.87016875
2.869212267
2.868734897
2.867782164
2.866832358
2.865885588
2.864941797
2.864470968
2.863531251
2.862593732
2.861657856
2.86072312
2.860256076
2.859322596
2.858390171
2.857459454
2.856531347
2.856068561
2.85514595
2.854227518
2.853313069
2.852401929
2.851493254
2.85103964
2.850133765
2.849230015
2.848329147
2.847432036
2.846539404
2.845651761
2.84520995
2.844330621
2.843457314
2.842590091
2.841728511
2.84087173
2.840018832
2.839169278
2.838745741
2.837901372
2.837061018
2.836224999
2.835393212
2.83456525
2.833740741
2.832919505
2.832101493
2.831693706
2.830880627
2.830070925
2.82926451
2.828461164
2.827660865
2.826864097
2.826071741
2.825284525
2.8245025
2.823725019
2.822951124
2.82256525
2.82179531
2.821027583
2.820261889
2.819497874
2.81873505
2.817972998
2.817211545
2.816450882
2.815691488
2.81493386
2.814178228
2.813424389
2.812671868
2.811920182
2.811168987
2.810418143
2.809667782
2.808918314
2.808170247
2.807423903
2.806679233
2.805935875
2.805193543
2.804452455
2.803713276
2.802976568
2.802242368
2.801510191
2.80077942
2.800049656
2.799320791
2.798592867
2.797866036
2.797140678
2.796417385
2.795696714
2.794978912
2.794263879
2.793551299
2.792840745
2.792131772
2.791424014
2.790717209
2.790011185
2.789305868
2.7886014
2.78789826
2.786847415
2.786149938
2.785454842
2.784761803
2.784070521
2.783380842
2.782692733
2.782006179
2.781321162
2.780637675
2.779955708
2.779275267
2.778257657
2.777581429
2.776906921
2.776233967
2.775562454
2.774892561
2.774224811
2.773559726
2.772897397
2.771908214
2.771250894
2.770594836
2.769939783
2.769285571
2.768632202
2.76797994
2.767004872
2.766357964
2.765714018
2.765073138
2.76443526
2.763800187
2.762852099
2.762222459
2.761594436
2.760967964
2.760342963
2.75971915
2.758784672
2.758162024
2.757539636
2.756917777
2.75629677
2.755367385
2.754749338
2.754132504
2.753516908
2.752902582
2.751982957
2.751370127
2.750756565
2.750141887
2.749218427
2.748602835
2.74798792
2.747373806
2.746760466
2.745842109
2.745231233
2.744621575
2.744013058
2.74310161
2.742494019
2.741885867
2.741276959
2.740362269
2.73975161
2.73914016
2.738221557
2.737608415
2.736994745
2.736380408
2.735457302
2.734840806
2.734223665
2.733297621
2.732680686
2.732064585
2.731143083
2.730531269
2.729921916
2.729315252
2.728410639
2.727811201
2.727214477
2.726323645
2.725731921
2.725141497
2.724258145
2.723671033
2.722793587
2.722210881
2.721630024
2.720762586
2.720187251
2.719614505
2.718759937
2.718192739
2.717627125
2.716781005
2.716218087
2.715375038
2.714813748
2.714253014
2.713413082
2.712854074
2.712017781
2.711462615
2.710910081
2.710086883
2.70954181
2.708729578
2.708191609
2.70765636
2.706858379
2.706329536
2.705540499
2.70501673
2.704233254
2.703711885
2.703191237
2.70241218
2.701894478
2.70112065
2.700606451
2.699837527
2.699326538
2.698562702
2.698055492
2.6972982
2.696795667
2.696044421
2.695544695
2.694796956
2.694300463
2.693560019
2.693069502
2.692337621
2.691851412
2.691123252
2.690638104
2.689910834
2.689426808
2.688703087
2.68822232
2.687503095
2.687024389
2.686307026
2.685829284
2.685114001
2.68440148
2.683928404
2.683221293
2.682751155
2.682047853
2.681580527
2.680881984
2.680417721
2.679723019
2.679030216
2.678569683
2.677881242
2.677423722
2.676739079
2.676055761
2.675600631
2.674918504
2.67446434
2.673783967
2.673103971
2.672650618
2.671971037
2.671292964
2.670841887
2.670166414
2.669492159
2.66904343
2.668371925
2.667925618
2.66725864
2.666595009
2.666154453
2.665495736
2.664837992
2.664399326
2.663740981
2.663082531
2.662643428
2.661984578
2.661326341
2.660669828
2.660233326
2.659579891
2.658926873
2.658491221
2.657837165
2.65718284
2.656528419
2.656091958
2.655437115
2.654782551
2.654346203
2.653690601
2.653032655
2.652372812
2.65193271
2.651273824
2.650617813
2.649965059
2.649315015
2.648882751
2.648235153
2.64758704
2.646937724
2.646504881
2.645857277
2.645212397
2.644569755
2.643928835
2.643502466
2.642864223
2.642227479
2.641592027
2.640957315
2.640322773
2.639899703
2.639265102
2.638630883
2.637997462
2.637364878
2.636732793
2.636311485
2.635679824
2.635049681
2.634422834
2.63380018
2.633180733
2.632562554
2.631945124
2.631534681
2.630922251
2.630314247
2.629709846
2.629107694
2.628507135
2.627908295
2.627311292
2.626716208
2.626123491
2.625534023
2.625143185
2.624559939
2.623979608
2.623402105
2.622827987
2.622257362
2.621689518
2.621123202
2.620557269
2.619991588
2.61942719
2.618865075
2.618305489
2.617748303
2.61719361
2.616641663
2.616092485
2.615545904
2.615001789
2.614460425
2.613922287
2.613386737
2.612851817
2.612316153
2.61177979
2.61124316
2.610706454
2.610169827
2.609633622
2.60909843
2.608564872
2.608033238
2.607503563
2.606799929
2.606273266
2.605747018
2.605221352
2.604696539
2.604172545
2.603649416
2.60312754
2.602606846
2.602086411
2.601565298
2.600868768
2.600344973
2.599820218
2.599295541
2.598772441
2.59825173
2.597733044
2.597043977
2.59652964
2.596018033
2.59550892
2.595001534
2.594495328
2.593990325
2.593318986
2.592817146
2.592317095
2.591818773
2.591321709
2.590661065
2.590168372
2.589679203
2.589193385
2.588709917
2.588068854
2.5875912
2.587115263
2.586639627
2.586005518
2.585530953
2.585057705
2.584585432
2.583956835
2.583486704
2.583018581
2.582552891
2.581935228
2.58147414
2.581014959
2.580405277
2.579949503
2.579494991
2.579041715
2.578438949
2.577987688
2.577536834
2.576936245
2.576486563
2.576038054
2.575442291
2.574997107
2.574553386
2.573963895
2.573523047
2.573083223
2.572498537
2.572061468
2.571480662
2.571046078
2.570611775
2.570032872
2.56959928
2.569166731
2.568592438
2.568164246
2.567597433
2.567174851
2.566612575
2.566190622
2.565768175
2.56520456
2.564782607
2.564222619
2.563804442
2.563248059
2.562831535
2.562416501
2.561867369
2.561459311
2.560919237
2.560516764
2.559985384
2.559591662
2.559071618
2.558683955
2.558170153
2.557787692
2.557281467
2.556904222
2.556404418
2.556031985
2.555538328
2.55504704
2.554679719
2.55419174
2.553827376
2.553343737
2.552982244
2.552501885
2.55214341
2.551668585
2.551197592
2.550846263
2.550379749
2.550031675
2.549570309
2.5491117
2.548769329
2.548315064
2.547976339
2.547527404
2.547080504
2.546746207
2.546302076
2.545859881
2.545529282
2.545090437
2.544654884
2.544329756
2.543897024
2.543466243
2.543145423
2.54272034
2.542296655
2.541978666
2.541554005
2.541129463
2.540705929
2.540388606
2.53996498
2.539539854
2.539219949
2.538793282
2.538368428
2.537946611
2.537631867
2.537213254
2.536794755
2.536376199
2.535958621
2.53564623
2.535230229
2.534814587
2.534399946
2.533987252
2.533678861
2.533267965
2.532855763
2.53244254
2.532030698
2.531723618
2.531316287
2.530909765
2.530502762
2.530095743
2.529689478
2.529283866
2.528980075
2.52857553
2.528171417
2.527767848
2.527365029
2.526963572
2.526563982
2.526166236
2.525770289
2.525376349
2.524984487
2.524691515
2.52430244
2.52391673
2.523535799
2.52315935
2.522785497
2.522412926
2.522041541
2.521672122
2.521305673
2.52094176
2.520580132
2.520221129
2.519864837
2.519510716
2.519158073
2.518806996
2.518458421
2.518113043
2.51777037
2.517430103
2.517092014
2.516755436
2.516419713
2.516000685
2.515664895
2.515328411
2.514992773
2.514658603
2.514325297
2.513992853
2.513662569
2.513335056
2.513009974
2.512686745
2.512284424
2.511963982
2.511645744
2.511329263
2.511013938
2.510700627
2.51031275
2.510005009
2.509699331
2.509396682
2.509097437
2.508800893
2.508432896
2.508140116
2.507849071
2.50756019
2.507273174
2.506916597
2.506632665
2.506349718
2.506067761
2.505716628
2.505437599
2.505160165
2.504884038
2.504542169
2.50427135
2.5040016
2.503665535
2.503397517
2.50312935
2.502859975
2.502521237
2.502248466
2.501974068
2.501629486
2.501354184
2.50108014
2.500738864
2.500466795
2.500127749
2.499857439
2.499589561
2.49925933
2.498996836
2.498734532
2.498407605
2.498147104
2.497824753
2.497571325
2.497259008
2.497010418
2.496761603
2.496450571
2.496203749
2.495898268
2.495654717
2.495351437
2.4951106
2.4948117
2.494574143
2.494279908
2.494046078
2.4937548
2.493523128
2.493235998
2.49300879
2.492728077
2.492505421
2.492227476
2.492004893
2.491728172
2.491508731
2.491235811
2.49096326
2.490746195
2.490477388
2.490264387
2.489999888
2.489737299
2.489529037
2.489270765
2.489065448
2.488809497
2.488553832
2.488348723
2.488089854
2.48782804
2.487618189
2.487358349
2.487101414
2.486897439
2.486643565
2.486391716
2.486192277
2.485943939
2.485695666
2.485447002
2.485248064
2.484999554
2.484750827
2.484502648
2.484305451
2.484059586
2.48381274
2.483564593
2.483365541
2.483117272
2.482869641
2.482622465
2.48237504
2.482176325
2.481926799
2.481676361
2.481425374
2.48117258
2.480917566
2.480712317
2.480454765
2.480197425
2.479941227
2.479686389
2.479432336
2.479178454
2.478925103
2.478671656
2.47846795
2.478213488
2.477960658
2.477709912
2.477460505
2.477211245
2.476961774
2.476712328
2.47646427
2.476218606
2.475974081
2.475730058
2.475486116
2.475241548
2.474996449
2.474752259
2.474510254
2.474271768
2.47403654
2.473803788
2.473571153
2.473337657
2.473105738
2.472875665
2.472602731
2.472379101
2.472157643
2.471938367
2.471721595
2.471507289
2.471295551
2.471086568
2.470880409
2.470635924
2.4704339
2.470234153
2.470037409
2.469843695
2.469652571
2.469425576
2.469237037
2.469047899
2.468858868
2.468671271
2.468447632
2.468262259
2.468078194
2.467895516
2.467676919
2.467493057
2.467308104
2.46712311
2.466901946
2.466719818
2.466539368
2.466322404
2.466141604
2.46596107
2.46574431
2.465564405
2.465386139
2.465173255
2.464997221
2.464822173
2.464613275
2.464440115
2.464231372
2.46405574
2.463879478
2.463666969
2.463489916
2.463279633
2.463106409
2.462933704
2.462726844
2.462555774
2.462351212
2.462179985
2.461973195
2.461799981
2.461593706
2.461424929
2.461225647
2.461060446
2.460860859
2.460693875
2.460493748
2.460327214
2.460128051
2.459931798
2.459770815
2.459577151
2.459413742
2.459216022
2.459050684
2.458853188
2.458658102
2.458496782
2.458304043
2.45811117
2.457950381
2.457757936
2.457566879
2.457407367
2.457215239
2.457022401
2.456861653
2.45667051
2.45648353
2.456330761
2.456148903
2.455966697
2.455783253
2.455629726
2.455445213
2.45526079
2.455075077
2.454918829
2.45472901
2.454537788
2.454345514
2.454151372
2.453989001
2.453793672
2.453597418
2.45339989
2.453201773
2.453003992
2.452806106
2.452640389
2.452439451
2.452237615
2.452036068
2.45183435
2.451631333
2.451429036
2.45122874
2.451029457
2.450829462
2.450629038
2.450429208
2.450228634
2.450025814
2.449821515
2.449616085
2.449411673
2.449207864
2.449005036
2.448802794
2.448602794
2.448404812
2.448208107
2.44801218
2.447815397
2.447617449
2.44741986
2.447222166
2.447023179
2.446788491
2.446585397
2.446382998
2.446181824
2.445981442
2.445781687
2.445548231
2.445348294
2.445151029
2.444954661
2.444757832
2.444559914
2.444329403
2.444134039
2.443939917
2.443745692
2.443518488
2.443323628
2.443127655
2.442899112
2.442703937
2.442507698
2.44231005
2.442077982
2.441879156
2.441681933
2.441454458
2.441260894
2.44106701
2.440837672
2.440638086
2.440405487
2.440206258
2.440006304
2.439771757
2.439568762
2.43933119
2.439128023
2.438889282
2.438684638
2.438448932
2.438247786
2.438014339
2.437815682
2.437585081
2.437386748
2.437154367
2.436954779
2.436719496
2.436515226
2.436276342
2.436070098
2.435827863
2.435619075
2.435374042
2.435129127
2.434919954
2.434676273
2.434432769
2.434224317
2.433981378
2.433737535
2.433528298
2.433283783
2.433036679
2.43282206
2.43256818
2.432311096
2.432089658
2.431830632
2.431573017
2.431315242
2.431092858
2.430833425
2.430574666
2.430315904
2.430055093
2.429829672
2.429566146
2.429303132
2.429041482
2.428780632
2.428520874
2.428299878
2.428043912
2.427788633
2.427533175
2.427277871
2.427024053
2.426769343
2.426512584
2.426254745
2.425997009
2.425739431
2.425480166
2.425219191
2.424957232
2.424694776
2.424432697
2.424169446
2.423905469
2.423642772
2.423380748
2.423118032
2.422854439
2.422591717
2.422330743
2.422071926
2.421813964
2.421555818
2.421298064
2.421003616
2.420745568
2.420486441
2.420225118
2.419961998
2.419698976
2.419396227
2.419129031
2.418861506
2.418595377
2.41829401
2.41802985
2.417766533
2.417505259
2.417208033
2.416948368
2.416689073
2.416390819
2.416128515
2.415865618
2.415566363
2.415306156
2.415047099
2.414750057
2.414488472
2.414226103
2.413927831
2.413667057
2.413367865
2.413104784
2.412840968
2.412539922
2.412278547
2.411983051
2.411727416
2.411435434
2.411177438
2.410882068
2.41062581
2.410334473
2.410080434
2.409791207
2.409503611
2.409253049
2.408967103
2.408717682
2.408431603
2.408146433
2.407899786
2.407622652
2.40735002
2.407112329
2.406839727
2.406566309
2.406326777
2.406053326
2.405781441
2.405545042
2.405277432
2.405011011
2.404745798
2.404516016
2.40425497
2.403996634
2.403739296
2.403482293
2.403257986
2.40300192
2.402744565
2.402485462
2.402224287
2.401961895
2.401697864
2.401464983
2.401197717
2.400931887
2.400667083
2.400402265
2.400137315
2.399871741
2.399606051
2.399340227
2.399074638
2.39880714
2.398537876
2.398268088
2.397998915
2.397731334
2.397464154
2.397197831
2.396932832
2.396637052
2.396376223
2.396114337
2.395851615
2.395589365
2.395327592
2.395066659
2.394773005
2.394513017
2.394255328
2.393997641
2.39374078
2.393451003
2.393193955
2.392937748
2.392682114
2.392392687
2.392135566
2.391880103
2.391594427
2.391341421
2.391089493
2.390808492
2.390559366
2.390309275
2.390028686
2.389780948
2.389505063
2.389261505
2.389018923
2.388748165
2.388511336
2.388248288
2.388015145
2.387752691
2.387520517
2.387258553
2.387026341
2.386766326
2.386535082
2.38627497
2.386016342
2.38578791
2.385532474
2.385305045
2.385049294
2.384794366
2.384569396
2.384317009
2.38406552
2.383841487
2.383589594
2.38333815
2.383116069
2.382868685
2.382623235
2.382378403
2.382159732
2.381915677
2.381676545
2.38144101
2.381234574
2.381002609
2.380767035
2.380529336
2.380291674
2.380055916
2.37982402
2.379592503
2.379386451
2.379155474
2.378925905
2.378697441
2.378469451
2.378242268
2.378015056
2.377789563
2.377565256
2.377342711
2.377120741
2.376899829
2.376680422
2.376462803
2.376224672
2.376013938
2.375804655
2.375597386
2.375393139
2.375192538
2.374993894
2.374774653
2.374580716
2.374389238
2.374198068
2.374007734
2.37379642
2.373606456
2.373417373
2.373228157
2.37301925
2.372834094
2.372651637
2.372450245
2.372268167
2.372085155
2.37188212
2.37169926
2.371516504
2.371313759
2.371132676
2.370931927
2.370750521
2.370546824
2.370363691
2.370161147
2.369977748
2.369772434
2.369588045
2.369385299
2.369204483
2.369005338
2.368827522
2.368630103
2.368433119
2.368256998
2.368062768
2.367888059
2.367695354
2.367503645
2.367333733
2.36714776
2.36696441
2.366782692
2.366620365
2.366440101
2.366258622
2.366075344
2.365909597
2.365724362
2.365540668
2.365359581
2.365179451
2.364998613
2.364834501
2.364651486
2.364469064
2.364286475
2.364103518
2.363920503
2.363736762
2.363553121
2.363370394
2.363188052
2.36300682
2.362826839
2.362646662
2.362466062
2.362284269
2.362102102
2.361919854
2.361739338
2.361541909
2.361361023
2.361181349
2.361002686
2.360823059
2.360643011
2.360444221
2.360263219
2.360081262
2.359899173
2.35969803
2.359514257
2.359330553
2.359128772
2.358944683
2.358760722
2.358558585
2.358374082
2.358189251
2.35798614
2.357803255
2.357603208
2.357420744
2.357236695
2.35703338
2.356849485
2.356649868
2.356470108
2.356274543
2.356099283
2.35590877
2.35571993
2.355547702
2.355356896
2.355182856
2.354991655
2.354799102
2.354622851
2.354428925
2.354235345
2.3540604
2.353868239
2.353674689
2.353480283
2.353303469
2.353110102
2.352918092
2.352725783
2.352534317
2.352361732
2.352171444
2.351980861
2.351791932
2.351605736
2.35142019
2.351234944
2.351051792
2.35087101
2.350691672
2.350513322
2.350333399
2.35015159
2.349968709
2.349785747
2.349604905
2.349423202
2.349240652
2.349057543
2.348872191
2.348684404
2.348497179
2.348294996
2.348110245
2.347925646
2.3477424
2.347558558
2.347357789
2.347174064
2.346992354
2.346796512
2.346619133
2.346442111
2.346251723
2.346079739
2.345908957
2.345722817
2.345549834
2.345373711
2.345178819
2.345000562
2.344806453
2.344630545
2.34444036
2.344266307
2.344078289
2.343908172
2.343723744
2.343539684
2.343371503
2.343190651
2.343029906
2.342858688
2.342689609
2.342538488
2.342377738
2.342217945
2.342057221
2.341909525
2.341750477
2.34159501
2.34143938
2.341296099
2.341140648
2.340986466
2.340832617
2.340679777
2.340528166
2.340378241
2.340228376
2.340077756
2.339939338
2.33978977
2.339642601
2.339498748
2.339355955
2.339203572
2.339062582
2.338921675
2.338780107
2.338638621
2.338498671
2.338360778
2.338225754
2.338091944
2.337947185
2.337815424
2.337686612
2.337559813
2.337422324
2.337294696
2.337167382
2.33704156
2.336906854
2.336784914
2.336663534
2.336530209
2.336406532
2.336273985
2.336154165
2.336026603
2.335909309
2.335782052
2.335668081
2.335547091
2.335437214
2.33532036
2.335213491
2.335098807
2.334994836
2.334885033
2.334780422
2.334686505
2.334585842
2.334484561
2.334389758
2.334288367
2.334188986
2.33409403
2.334008308
2.333916553
2.333827569
2.333740757
2.333656077
2.33357259
2.333495558
2.333412399
2.333329973
2.333245773
2.333163348
2.333082113
2.333000829
2.332920408
2.332843898
2.332771502
2.332699518
2.332627686
2.332551638
2.332480777
2.332410841
2.33234107
2.332273524
2.332208269
2.332137959
2.332071689
2.332005544
2.33193971
2.331868621
2.331802734
2.331739714
2.33167238
2.331609384
2.331547614
2.331482696
2.33142595
2.331368117
2.331318092
2.33126893
2.331212818
2.331160586
2.331108373
2.331059467
2.331016058
2.330970039
2.330929098
2.330887557
2.330846537
2.330806402
2.330761231
2.330716138
2.330676762
2.330636888
2.330598227
2.330557822
2.33052058
2.330481854
2.330443714
2.330407594
2.330371529
2.330335789
2.330300879
2.330269799
2.330237224
2.330202841
2.330166533
2.330130102
2.330092109
2.33005424
2.330017079
2.32997667
2.329937866
2.329898635
2.329860628
2.329823143
2.329787523
2.329752052
2.329714003
2.329679163
2.32964582
2.329612652
2.329576758
2.329543274
2.329510075
2.329475336
2.329443716
2.32941352
2.329387729
2.329362228
2.329334832
2.32930845
2.329282499
2.329258112
2.329231326
2.329207069
2.329180621
2.329153408
2.329128466
2.329102642
2.329075658
2.329048144
2.329017672
2.328987248
2.328959587
2.328931066
2.328902393
2.328873476
2.328847003
2.328822759
2.328796588
2.328770235
2.328742576
2.328712406
2.328680084
2.328644605
2.328608286
2.328574864
2.328543439
2.328509975
2.328474872
2.328438641
2.328400771
2.328359803
2.328314443
2.328271759
2.328227624
2.328185245
2.328141445
2.328091378
2.328040771
2.32798787
2.327931186
2.327877747
2.32782324
2.327763483
2.327706466
2.327643753
2.327583289
2.327518144
2.327458962
2.327396387
2.327336826
2.327274024
2.327214184
2.327151207
2.327093528
2.327032295
2.326970952
2.326912286
2.326849388
2.326787684
2.326726986
2.326671063
2.326610812
2.326549928
2.32648918
2.326430502
2.326373357
2.326317919
2.326263871
2.326213314
2.326159057
2.32610437
2.326049829
2.32599256
2.325937451
2.325882244
2.32582569
2.325768528
2.325711037
2.325653031
2.325592988
2.325528438
2.325469868
2.325412231
2.325353745
2.325291334
2.325231205
2.325168427
2.325099007
2.325030047
2.324954007
2.324880061
2.324802613
2.324729501
2.324650907
2.324575764
2.324495141
2.324418234
2.324335128
2.324250257
2.324168702
2.32408243
2.323994106
2.323909851
2.323819779
2.323727892
2.323634881
2.323545811
2.323449124
2.323350634
2.323249216
2.323143816
2.323036664
2.322931276
2.322827314
2.322722284
2.322617567
2.322511393
2.322404955
2.322298501
2.322191012
2.322082759
2.321967971
2.321858088
2.321748074
2.321638265
2.32152951
2.321412304
2.321302121
2.321192106
2.321075775
2.320966229
2.320850207
2.320739774
2.320627283
2.320507448
2.320393374
2.32027246
2.320152824
2.320039397
2.31991726
2.319801606
2.319679902
2.319559302
2.31944526
2.319325214
2.319205361
2.319084977
2.318971025
2.318850582
2.318730003
2.318607868
2.318484008
2.318359032
2.318232939
2.318107232
2.317979576
2.317852227
2.317723587
2.317595818
2.317467669
2.317336255
2.317203132
2.317068403
2.316925385
2.31678954
2.31665128
2.316509897
2.316359207
2.316215629
2.316070872
2.315914453
2.315764244
2.315604643
2.315452607
2.315291414
2.315137737
2.314974276
2.314819171
2.314655732
2.314499729
2.31433281
2.314163453
2.314001386
2.313828209
2.313653654
2.313477252
2.313307417
2.313124496
2.312938203
2.312749738
2.312560503
2.312371405
2.312180747
2.311988378
2.31179641
2.311602131
2.311405096
2.311206176
2.311005569
2.310802225
2.310595918
2.310389464
2.310171953
2.309963481
2.309752588
2.309540484
2.309314484
2.309097251
2.308877755
2.308646296
2.308426441
2.308194488
2.30797203
2.307735305
2.307508451
2.307268802
2.307040724
2.306799823
2.306556908
2.306323991
2.306076476
2.305827062
2.305589788
2.305339611
2.305088451
2.304836433
2.304584199
2.304330674
2.304075125
2.303818428
2.303573603
2.303314218
2.303039682
2.30277644
2.302511866
2.302246476
2.301980279
2.301713283
2.3014441
2.301172194
2.300885951
2.300613233
2.300339436
2.300050021
2.299772487
2.299493665
2.299200441
2.298919082
2.298623684
2.298341686
2.298045576
2.297764044
2.297468866
2.297173992
2.296893748
2.29659804
2.296300297
2.296015693
2.295716793
2.295417447
2.295116567
2.294814296
2.294525205
2.29422115
2.293917452
2.293610922
2.293300883
2.292988902
2.29267634
2.292363428
2.292034883
2.29172032
2.291405701
2.29109147
2.290778086
2.290450005
2.290137405
2.28982608
2.289514044
2.289186567
2.288874333
2.288547628
2.288237272
2.287912217
2.287601251
2.287274428
2.286962162
2.286634007
2.286304572
2.285988888
2.285657981
2.285327003
2.285010423
2.284677241
2.284343172
2.284009105
2.283674562
2.283339044
2.283003774
2.28266754
2.282331529
2.281996385
2.281661248
2.281328116
2.280993638
2.280659385
2.28032617
2.279977971
2.279644876
2.27931267
2.278980675
2.278632413
2.27829903
2.277950411
2.277615184
2.277265222
2.276931338
2.276581162
2.276243362
2.27588866
2.275548333
2.275193434
2.274838719
2.274499523
2.274144224
2.273788994
2.273434864
2.273083099
2.272746049
2.272390767
2.272033076
2.271671508
2.271307167
2.270941556
2.270574214
2.270189258
2.269820567
2.269451219
2.269081134
2.268710532
2.268320236
2.267941677
2.267561038
2.267160349
2.266773039
2.266384146
2.265977632
2.265586655
2.265176885
2.264781526
2.264368353
2.263953384
2.263554147
2.263138895
2.262723369
2.262323245
2.261904407
2.26148487
2.261064077
2.260643381
2.260222148
2.259800074
2.259375801
2.258949927
2.258522256
2.258091754
2.257661001
2.257228279
2.256794349
2.256359648
2.255904626
2.255465113
2.255024051
2.254565718
2.254125609
2.253683568
2.253220446
2.252774848
2.252310258
2.251863283
2.251395526
2.250924676
2.250469735
2.249993411
2.249516173
2.249055911
2.248575205
2.248093077
2.247609702
2.247125365
2.246640249
2.246155079
2.245667681
2.245177958
2.244686898
2.244192994
2.243696884
2.243198583
2.242678254
2.242176175
2.241670259
2.241163051
2.24063442
2.240125499
2.239595251
2.239082825
2.238569589
2.238032409
2.237491096
2.23696668
2.236418577
2.235887969
2.235333333
2.234775106
2.23421395
2.233651355
2.233108542
2.232544574
2.231979862
2.231412921
2.230843597
2.2302734
2.229701578
2.229127333
2.228552127
2.227955899
2.227380168
2.226804164
2.226227492
2.225628398
2.225050507
2.224472607
2.22387291
2.223295468
2.222695329
2.222118797
2.221521426
2.220924529
2.220346445
2.219742179
2.21913606
2.218551364
2.217944303
2.217336755
2.216728642
2.216117709
2.215505277
2.214893187
2.214279784
2.213663159
2.213043729
2.212423323
2.211802285
2.21118033
2.210532608
2.209907525
2.209283126
2.208636354
2.208013489
2.20738956
2.206740243
2.206112805
2.205462919
2.204812404
2.204185226
2.203533764
2.202880762
2.202253315
2.201601752
2.200949672
2.200296919
2.199644347
2.198993584
2.198344826
2.19769686
2.197049311
2.196401446
2.195752698
2.195104297
2.194456181
2.193809014
2.193140003
2.192495217
2.191849094
2.191179578
2.190533827
2.189865163
2.189219095
2.188551187
2.187905893
2.18723768
2.186569617
2.185900703
2.185253132
2.184579381
2.183905358
2.18323086
2.182554966
2.181879065
2.181203111
2.180528177
2.179853742
2.179177859
2.178501699
2.177826723
2.177129468
2.176453781
2.175778044
2.175079365
2.174403963
2.173728875
2.173031899
2.172358208
2.171662473
2.170967143
2.170294156
2.169599807
2.168907395
2.16823855
2.167547394
2.166858295
2.166169131
2.165481891
2.164796601
2.164111582
2.163424934
2.162737218
2.162050127
2.161366177
2.160661603
2.159980034
2.159298643
2.158594641
2.157916028
2.157238222
2.156539453
2.155865499
2.155169034
2.154473255
2.153799502
2.153104012
2.152409144
2.15171712
2.151048302
2.150357335
2.149666481
2.148976264
2.148284987
2.147593447
2.14690078
2.146208686
2.145494259
2.144801232
2.144108829
2.143416744
2.142702393
2.142010954
2.141318975
2.140604414
2.139911924
2.139196702
2.138483857
2.137795379
2.137084654
2.136373798
2.135684993
2.134972009
2.134257811
2.133543575
2.132829602
2.132115106
2.131400589
2.130687458
2.129977483
2.129266693
2.128531597
2.12781945
2.127108519
2.126375209
2.12566388
2.124951339
2.124215872
2.123502929
2.122767968
2.122032239
2.121319418
2.120587689
2.119857237
2.119127431
2.118399034
2.117693978
2.116966518
2.116238417
2.115511321
2.114784761
2.114037083
2.113312611
2.112589826
2.111868683
2.111127874
2.110410062
2.109693586
2.10895653
2.108243869
2.107511654
2.10680113
2.106071602
2.105344401
2.104619471
2.103917115
2.103194264
2.102471818
2.101747904
2.101023182
2.100298926
2.099575738
2.098854305
2.098133509
2.097414565
2.096675602
2.095959242
2.095242722
2.094506339
2.093793499
2.093061367
2.092350299
2.091619274
2.090910251
2.090182536
2.089456732
2.088732126
2.088029438
2.087306427
2.086585293
2.085864279
2.085143078
2.084421203
2.08369713
2.082950962
2.08222723
2.081503655
2.080779749
2.080036382
2.079318044
2.078581131
2.077866733
2.077134941
2.076425854
2.075695763
2.074965713
2.074255767
2.073526185
2.072797584
2.072070672
2.071344644
2.070620914
2.069898012
2.069176409
2.068455484
2.06773562
2.066998729
2.06628408
2.065571217
2.064840252
2.06412882
2.063398492
2.062689485
2.06196104
2.061252731
2.060525511
2.059798969
2.059072857
2.058347806
2.057622486
2.05691755
2.056174778
2.055453614
2.054735681
2.054018403
2.053303936
2.052592153
2.051863428
2.051154995
2.050448522
2.049723982
2.04902152
2.048304033
2.047588881
2.046894967
2.046185496
2.045479793
2.044776783
2.044075131
2.043375061
2.042676808
2.041980564
2.041286703
2.040595259
2.039907908
2.039224785
2.038525851
2.03784525
2.037147561
2.036469035
2.035774506
2.035100428
2.034410969
2.033724265
2.033057801
2.032375519
2.031695863
2.031019814
2.030346537
2.029677912
2.029015293
2.028357805
2.02770288
2.027051089
2.026384809
2.025738631
2.025097114
2.024443835
2.023810206
2.023162927
2.022518334
2.021893024
2.021254764
2.020619273
2.019987893
2.019361291
2.018754239
2.018135039
2.017502941
2.01688933
2.016279159
2.01567237
2.015068977
2.014451846
2.013852546
2.013242156
2.012650059
2.012045959
2.011457687
2.010857893
2.010264156
2.009689646
2.009103834
2.008522328
2.00794323
2.007367766
2.00679665
2.006229958
2.005666033
2.005090822
2.004533712
2.003980354
2.003418342
2.002873344
2.00231858
2.001780652
2.001234385
2.000692191
2.000153679
1.999633214
1.999103191
1.998579863
1.998062247
1.997549256
1.997040948
1.99653531
1.996020724
1.995521781
1.995026145
1.994523107
1.994037158
1.993544284
1.993065053
1.992577677
1.992095741
1.991631052
1.991159892
1.990692542
1.990229113
1.989770597
1.989316104
1.988866968
1.988422107
1.987971879
1.987537826
1.987110301
1.986679293
1.986263591
1.985845416
1.985441068
1.985032717
1.984630075
1.984241246
1.983846475
1.983454881
1.9830683
1.982685227
1.982305558
1.98193127
1.981552851
1.981186784
1.980824467
1.980456499
1.980101422
1.979751889
1.979398112
1.979047968
1.97871059
1.978370857
1.978036357
1.977705588
1.977376773
1.977050927
1.976730546
1.976415132
1.976102895
1.97579498
1.975483067
1.975181559
1.974876118
1.97458061
1.974282624
1.973993506
1.973699404
1.973409946
1.973125654
1.972852161
1.972578739
1.972309306
1.972039266
1.971779121
1.971525897
1.971278782
1.971036928
1.970794644
1.970561895
1.970329477
1.970106352
1.969883018
1.969664828
1.969452702
1.969245954
1.969046295
1.968846702
1.968652502
1.968460036
1.968277028
1.96810034
1.967927465
1.967753882
1.967587241
1.967421549
1.967264486
1.967109013
1.966957748
1.96681333
1.966671573
1.966533666
1.966400149
1.966269704
1.966143824
1.966022615
1.965902215
1.965789433
1.965680263
1.965573011
1.965473936
1.96537743
1.965287176
1.965199067
1.96511633
1.965037502
1.964962455
1.964890563
1.964822442
1.964758614
1.96469828
1.964643019
1.964592929
1.964548173
1.964507302
1.964470438
1.964439192
1.96441429
1.96439332
1.9643786
1.964370178
1.964366719
1.964366119
1.964370938
1.964380245
1.964394998
1.964413178
1.964437469
1.964467019
1.964500992
1.964538078
1.9645805
1.964627028
1.964678782
1.964734883
1.964794314
1.964857882
1.964926658
1.965001003
1.965080979
1.965165742
1.965253733
1.965344731
1.965442145
1.965542319
1.965649024
1.965759271
1.965872194
1.965986436
1.96610702
1.966232598
1.966361818
1.96649707
1.966633456
1.96677278
1.966914142
1.967062159
1.967210109
1.96736349
1.967516318
1.967674481
1.967834144
1.967996167
1.968161297
1.968329589
1.968500624
1.968674014
1.968851745
1.969038276
1.96922623
1.969418376
1.969618566
1.969817586
1.970022617
1.97022937
1.970439359
1.970653065
1.970870538
1.971092694
1.971320174
1.971551755
1.971786248
1.972028619
1.972271299
1.972523272
1.972773748
1.973030279
1.973284503
1.973545192
1.973808275
1.974074939
1.974343957
1.974615602
1.974889743
1.975170395
1.975448072
1.975728779
1.97601596
1.976298458
1.976587285
1.976875915
1.977163927
1.977447101
1.977735104
1.978023671
1.978317988
1.978609024
1.978901165
1.979192154
1.979489005
1.979780612
1.980077733
1.980376588
1.98067035
1.980970425
1.981271643
1.98157462
1.981878358
1.982183676
1.982490232
1.982804307
1.983115202
1.983428478
1.983749769
1.984073602
1.984393358
1.984722567
1.985053955
1.985387448
1.985722027
1.986057725
1.986394774
1.986733797
1.987080599
1.987422162
1.987770878
1.988114611
1.988466421
1.988813639
1.989167027
1.989520803
1.989875227
1.99023209
1.990589217
1.99095186
1.991308673
1.991665587
1.992028018
1.992386312
1.992752988
1.993120974
1.993485543
1.993857391
1.994229558
1.994602156
1.994982683
1.995359125
1.995736953
1.996112797
1.996494588
1.996870097
1.997252217
1.997636166
1.99802061
1.998400475
1.998789163
1.999186851
1.999581685
1.999979145
2.00038005
2.000790168
2.001197659
2.001612916
2.002023293
2.002441853
2.002862273
2.003284895
2.003708754
2.004133091
2.004560029
2.004988744
2.005426212
2.005859318
2.006301976
2.006739867
2.00718725
2.007636564
2.008087921
2.008534053
2.008997081
2.009454397
2.009914272
2.010376638
2.010848886
2.011315416
2.01179189
2.012262958
2.012742888
2.013225959
2.013711863
2.014200158
2.014690348
2.015181764
2.015672933
2.016173414
2.016668067
2.017171203
2.01766733
2.018172215
2.018678407
2.019186165
2.019695545
2.020206983
2.020721065
2.021238526
2.021765811
2.022286377
2.022818114
2.023344733
2.023880112
2.024415541
2.024951128
2.02548814
2.026028385
2.026571394
2.027115977
2.027662402
2.028219198
2.028768924
2.029327004
2.029885793
2.030446368
2.031000433
2.031564111
2.032136682
2.032703493
2.033271465
2.033840832
2.03442055
2.034994253
2.035578717
2.036164503
2.036752951
2.037344783
2.037939743
2.038536352
2.039134954
2.039735838
2.040347489
2.040951596
2.041565062
2.04218069
2.042788445
2.043407672
2.044029062
2.044650751
2.045274059
2.045908177
2.046534459
2.047170947
2.047799508
2.048438771
2.049080656
2.049715251
2.050360343
2.051007858
2.051667331
2.052319649
2.05297338
2.053637081
2.054292664
2.054959549
2.055617899
2.056286424
2.056956519
2.057627613
2.058297841
2.058968231
2.059649318
2.060322705
2.061007556
2.06168371
2.062370373
2.063057635
2.063744989
2.064432617
2.065121369
2.065811082
2.066502178
2.067203989
2.067896852
2.068599608
2.069304078
2.070009662
2.070706864
2.071413727
2.072130546
2.072837842
2.073546613
2.074266557
2.07497804
2.075699583
2.076411776
2.077134295
2.077857263
2.078579867
2.079302266
2.080035
2.080758412
2.08148161
2.082215205
2.082948214
2.083671208
2.084403751
2.085136688
2.085869043
2.08660042
2.087341549
2.08807308
2.088814155
2.089544956
2.090283841
2.091021767
2.091759548
2.092496859
2.093234326
2.093971393
2.094707357
2.09545298
2.096189437
2.09693609
2.097682728
2.098419803
2.099167233
2.099925083
2.100673477
2.101422172
2.102171437
2.102931239
2.103689378
2.104434992
2.105188945
2.105941026
2.106690452
2.107436257
2.108179384
2.108929303
2.10966678
2.110412085
2.111155746
2.111888113
2.112627764
2.113366245
2.114103187
2.11484698
2.115578548
2.116307717
2.117044152
2.117779112
2.11851039
2.119229149
2.119953368
2.120684958
2.1214046
2.122122123
2.122845951
2.123557907
2.124276956
2.124995649
2.12571295
2.12642773
2.127140839
2.12785309
2.128562499
2.129278735
2.129983714
2.130696105
2.131405604
2.13211492
2.132823408
2.133530026
2.134234042
2.13494507
2.135645516
2.136351481
2.137045923
2.137744151
2.138440183
2.13913359
2.139826011
2.140523852
2.141209649
2.14190033
2.142580654
2.143266144
2.143948119
2.14462592
2.145301208
2.145974368
2.146652641
2.147320558
2.147994351
2.148658372
2.14932651
2.149989937
2.150650271
2.151307402
2.151969492
2.152620967
2.153275173
2.153920242
2.154571829
2.155220449
2.155865659
2.156509599
2.157152144
2.157791881
2.158438069
2.159083515
2.159719467
2.160360004
2.160996872
2.161631143
2.162264395
2.16290296
2.163532461
2.164168292
2.164796872
2.165433076
2.166068104
2.166702805
2.167337225
2.167980297
2.168615758
2.169257815
2.169891727
2.170532463
2.171171402
2.171809006
2.172444993
2.173079179
2.173719745
2.174351974
2.174992321
2.175633927
2.176275439
2.176915878
2.177556022
2.178197314
2.178838425
2.179483654
2.18012674
2.180760593
2.181400831
2.182039382
2.182677006
2.183321106
2.183958792
2.184601586
2.185235837
2.185875447
2.186512983
2.187152488
2.187791999
2.188432129
2.189077688
2.189717349
2.190363555
2.191011933
2.191661979
2.192314725
2.192970286
2.193628178
2.194294419
2.194962318
2.195626501
2.196298939
2.196972658
2.197648117
2.198327651
2.19901733
2.199701956
2.200396495
2.201093845
2.201794751
2.20249801
2.203202496
2.203908378
2.204615669
2.205331924
2.206049551
2.206759745
2.207478863
2.208199606
2.208928977
2.209655292
2.210391058
2.21112211
2.211863532
2.212606708
2.213352076
2.214100197
2.214850707
2.215611974
2.216368325
2.217135879
2.217906132
2.218678954
2.219453685
2.220231113
2.22101072
2.221799943
2.222589329
2.223372372
2.224165023
2.224959999
2.225764607
2.226562089
2.227362099
2.228173328
2.228984987
2.22979988
2.230618662
2.231439858
2.232264605
2.233099248
2.233928717
2.2347693
2.235612341
2.236458557
2.237307988
2.2381594
2.239020924
2.2398763
2.240741824
2.241609572
2.242482741
2.243360617
2.244241912
2.245126337
2.246024034
2.246924276
2.247828231
2.248727909
2.249649067
2.2505646
2.251485303
2.252419
2.25335638
2.254288541
2.255231884
2.256178778
2.257137056
2.258088579
2.259052903
2.260011736
2.260982319
2.261956788
2.262934982
2.263924846
2.264908954
2.265906053
2.266898038
2.267903408
2.268914165
2.269939142
2.270957679
2.271977654
2.273010451
2.274048065
2.275088353
2.276130272
2.277176438
2.278225003
2.279288804
2.280345962
2.281414118
2.282485465
2.283557474
2.284631452
2.285716446
2.286793881
2.287884587
2.288976258
2.290069723
2.291165712
2.292265312
2.293378379
2.294485012
2.295606223
2.296732302
2.297862127
2.298994678
2.300137317
2.301271694
2.302419911
2.303571207
2.304725859
2.305883198
2.3070436
2.308217542
2.309385611
2.310568211
2.311753991
2.312944149
2.314139019
2.315348193
2.316550106
2.317766303
2.318985811
2.320209559
2.321437885
2.322670377
2.323918403
2.325159824
2.32641455
2.327671372
2.328930383
2.330191263
2.331465911
2.332732167
2.334012967
2.335295436
2.336580137
2.337865545
2.33916496
2.340455461
2.341758846
2.343062288
2.344367014
2.345673464
2.34698232
2.348307009
2.349635608
2.350956689
2.352293153
2.353644472
2.354986829
2.356331655
2.357691384
2.359053952
2.360419529
2.361789299
2.363163523
2.364552065
2.365932201
2.367327089
2.36872531
2.370126094
2.371530101
2.372949266
2.374358342
2.375780636
2.37720607
2.378635969
2.380081337
2.38151775
2.382970456
2.384417149
2.385878914
2.387343857
2.388821749
2.390289061
2.391770294
2.393256488
2.394745361
2.396234421
2.397722721
2.399211774
2.400712856
2.402216731
2.403722193
2.405230409
2.406743436
2.408275258
2.409798012
2.41133665
2.412876806
2.414420576
2.41598092
2.417531997
2.419098052
2.420666696
2.422236636
2.423807139
2.425391972
2.426966256
2.428555807
2.430148291
2.431745533
2.433345005
2.434961868
2.436569042
2.438189889
2.439813488
2.441440751
2.443072048
2.444722015
2.446365115
2.44802718
2.449696152
2.451383544
2.45306358
2.454747835
2.456450504
2.458157205
2.459868249
2.46158555
2.463321513
2.465061497
2.466791485
2.468540151
2.470305694
2.472061945
2.473822864
2.47559984
2.47737859
2.479159966
2.480945705
2.482751497
2.484550255
2.486366694
2.48818877
2.490016102
2.491859032
2.493691961
2.495543608
2.497398312
2.49925771
2.501122564
2.503005988
2.504880074
2.506770968
2.508665635
2.510564696
2.512482212
2.514389649
2.516312399
2.518235206
2.520159357
2.522100414
2.524028192
2.525972306
2.52791811
2.529865442
2.531813493
2.533762178
2.535726039
2.537690893
2.539657493
2.541627565
2.543599758
2.545587106
2.547574059
2.549561939
2.551553051
2.553547482
2.555555853
2.557564776
2.559574178
2.561584031
2.563596075
2.565626099
2.567645107
2.569680522
2.571717538
2.57377289
2.575817372
2.577878333
2.579941263
2.582008117
2.584078237
2.586150339
2.588238793
2.590328827
2.59242005
2.594514311
2.596628967
2.5987343
2.600858647
2.602986046
2.605118182
2.607269264
2.609410712
2.61157111
2.613735078
2.615917393
2.618086972
2.620275833
2.622454787
2.624648624
2.626858003
2.629055269
2.631271526
2.633490707
2.63571299
2.637937966
2.640165667
2.642411648
2.644660255
2.646912924
2.649170082
2.651446794
2.653711035
2.655995051
2.658282154
2.660587247
2.66287744
2.665185521
2.66749416
2.669805359
2.672119142
2.674451212
2.676770311
2.679108162
2.681464728
2.683809542
2.686156114
2.688520105
2.690884294
2.693250136
2.695635009
2.698007149
2.700397062
2.702789702
2.705202855
2.707603691
2.710024169
2.712447633
2.714876129
2.717308371
2.719744076
2.722201471
2.724664261
2.727129801
2.729614982
2.732085958
2.734576122
2.737069685
2.739567167
2.742085841
2.744589134
2.747112273
2.74964038
2.752190618
2.754728634
2.757286726
2.759849354
2.76241246
2.764977758
2.767560977
2.770146537
2.772735204
2.775326096
2.777936491
2.78053527
2.783153398
2.78578998
2.788412461
2.791052708
2.793676446
2.796318173
2.79897847
2.801622834
2.804286791
2.806953733
2.809624107
2.812298198
2.814990161
2.817683791
2.820376951
2.823070449
2.825781052
2.828476437
2.831189137
2.833903993
2.836636498
2.839353142
2.84208564
2.844817284
2.847564924
2.850294824
2.853041797
2.855789182
2.85853896
2.861306694
2.864056077
2.86682025
2.869583074
2.87236023
2.875119432
2.877895475
2.880671353
2.8834626
2.886235696
2.889026046
2.891817906
2.894611843
2.897423057
2.900221038
2.903038719
2.905857062
2.908693801
2.911516533
2.914359724
2.917206161
2.920072355
2.922925084
2.925796793
2.928669368
2.931542552
2.934433451
2.937324639
2.940216153
2.943107073
2.945998402
2.948908153
2.95181694
2.954725993
2.957653718
2.960567462
2.963500435
2.966434332
2.969386611
2.972338591
2.975275645
2.978246966
2.981203347
2.984177219
2.987132632
2.990118915
2.993086994
2.996055704
2.999043841
3.00203323
3.005042196
3.008037042
3.011051611
3.014071195
3.017092884
3.020135033
3.023178815
3.026223117
3.029268429
3.032331678
3.035398043
3.038467989
3.041537274
3.044623743
3.047694367
3.050783779
3.053893611
3.056988761
3.060101476
3.063215657
3.066329472
3.069460387
3.072592213
3.075725143
3.07885923
3.082014625
3.085172479
3.088332545
3.091492599
3.094670472
3.097849655
3.101029533
3.104212563
3.107416488
3.110621774
3.113826962
3.117032097
3.1202531
3.123474185
3.126692138
3.129908534
3.133141041
3.136376279
3.139612479
3.142865498
3.146099755
3.149350807
3.152617923
3.155864992
3.159127413
3.162388276
3.165646436
3.168921568
3.172195319
3.175468553
3.17874165
3.182030325
3.18531679
3.188602041
3.191901644
3.195179807
3.19847296
3.201762298
3.205063853
3.208360062
3.211654185
3.214943864
3.218245473
3.221543266
3.224838122
3.228129369
3.231434446
3.234737174
3.238035747
3.241330194
3.24463821
3.247941169
3.251258479
3.254555948
3.257866103
3.261172095
3.264487902
3.267786306
3.271098534
3.27440761
3.277732333
3.281053753
3.284370974
3.287687208
3.291017518
3.294344737
3.297669497
3.300988482
3.304319798
3.307646257
3.310967446
3.314300246
3.317629642
3.320956617
3.324282397
3.32762121
3.330959694
3.334296827
3.337648098
3.34099999
3.344351873
3.347702041
3.351067699
3.354430554
3.357792857
3.361173783
3.364541938
3.367947956
3.371341283
3.37475251
3.378162989
3.381573639
3.384984989
3.388413361
3.391839403
3.395283694
3.398727583
3.402169798
3.405610815
3.409069632
3.412509741
3.415979778
3.419432518
3.422900391
3.426362828
3.429821845
3.433295812
3.436769204
3.440238804
3.443720301
3.447182553
3.450677412
3.454154717
3.457647316
3.46114017
3.464631015
3.468135424
3.471638224
3.475141735
3.478644123
3.482164239
3.485684146
3.489219585
3.492740397
3.496280105
3.499837059
3.503380507
3.506938548
3.510494932
3.514061104
3.517621167
3.521174155
3.524721165
3.528285339
3.531848038
3.535426742
3.538988026
3.542562134
3.546151199
3.549722482
3.553307993
3.55688969
3.560488432
3.564087269
3.56768609
3.571285689
3.574900683
3.578516204
3.582145591
3.58575382
3.58937589
3.593013599
3.596635438
3.600272673
3.60392305
3.607558198
3.61121053
3.614863396
3.618535708
3.622210673
3.625888297
3.62956734
3.633264929
3.636965523
3.64068252
3.644398264
3.648112812
3.651826297
3.655555758
3.659282588
3.663006232
3.666743136
3.670480928
3.674220425
3.677977839
3.681737593
3.685497563
3.689274031
3.693052995
3.696832605
3.700629785
3.704426629
3.708222066
3.712031846
3.715840146
3.719644308
3.723442244
3.727251368
3.731073159
3.734874478
3.738683798
3.742489454
3.746305511
3.7501198
3.75393323
3.757761413
3.761573258
3.765417417
3.769245059
3.773088256
3.77693585
3.780805152
3.784674255
3.788544342
3.792431346
3.796320821
3.800211007
3.804121657
3.808036507
3.811953695
3.815889531
3.819812114
3.823768167
3.827706469
3.831658124
3.83562358
3.839575289
3.843546579
3.847536865
3.851526327
3.855513885
3.859499876
3.863499289
3.867499983
3.871500907
3.875519556
3.879539509
3.883575524
3.887611366
3.89164536
3.895678141
3.899725656
3.90377421
3.907840137
3.911906371
3.915972519
3.920054208
3.924135674
3.928219035
3.932318624
3.936420571
3.940524756
3.944646631
3.948770878
3.952912195
3.957053534
3.961198214
3.965343273
3.969505435
3.97368696
3.977854033
3.982036539
3.986232674
3.990413995
3.994610136
3.998823065
4.003036145
4.007243683
4.011447054
4.015663103
4.019877774
4.024107676
4.028335167
4.032560653
4.036802914
4.041045822
4.045303093
4.049558889
4.053811871
4.058062433
4.06232675
4.066603842
4.070863181
4.075137425
4.079429131
4.083708134
4.088022861
4.092320417
4.096634403
4.10094544
4.10527087
4.109597714
4.113943046
4.118274507
4.122624912
4.126994958
4.131369224
4.135747479
4.14014784
4.144553648
4.14896219
4.153386679
4.15781496
4.162261564
4.166708344
4.171150795
4.175607693
4.18005976
4.184523921
4.18898426
4.193441149
4.197911368
4.202381246
4.206848219
4.211332196
4.21581933
4.220320353
4.224820272
4.229317162
4.233828541
4.238340053
4.242848582
4.247370568
4.25190687
4.256425576
4.260975507
4.265506373
4.270043851
4.274573444
4.279114002
4.283650283
4.288191467
4.292708366
4.297251136
4.301774818
4.306326031
4.310856117
4.31540126
4.319945291
4.324510128
4.329083167
4.333659497
4.338253254
4.342861517
4.347452219
4.352059839
4.356683806
4.361310623
4.365940725
4.370583744
4.375224553
4.379875696
4.384524859
4.389175
4.393836209
4.398499693
4.403179832
4.4078628
4.412551637
4.417259252
4.421964086
4.426687691
4.431416205
4.436149455
4.44089847
4.445659093
4.450397415
4.45514676
4.459910003
4.464674899
4.469437576
4.474213465
4.478986152
4.48377631
4.488565277
4.493363913
4.498160004
4.502957468
4.507767228
4.512574158
4.517395885
4.522216662
4.527035915
4.531869017
4.536703271
4.541549578
4.546393749
4.551252793
4.556107125
4.560974139
4.565836875
4.570700474
4.575575306
4.580443874
4.585308691
4.590205108
4.595082903
4.599971969
4.604861701
4.609768588
4.61468042
4.619611405
4.62454513
4.629493721
4.634443479
4.639386462
4.644342975
4.649316276
4.654269848
4.65925584
4.664228741
4.669215176
4.674216357
4.679217803
4.684216316
4.689226831
4.694231566
4.699251406
4.70427356
4.709305994
4.71433225
4.719369732
4.72440964
4.729450155
4.734506837
4.739581753
4.744645921
4.749743285
4.754829645
4.759954176
4.765065675
4.770196904
4.775342138
4.780488342
4.785633037
4.790793106
4.795971134
4.801151043
4.806336988
4.811546909
4.816763132
4.822003562
4.827249371
4.832497672
4.837758702
4.843036593
4.848308867
4.853574054
4.858854173
4.864154332
4.869459442
4.874762651
4.880081099
4.885393438
4.890721229
4.896045575
4.901385586
4.90672493
4.912080467
4.917441798
4.922805712
4.928201434
4.933582489
4.938981409
4.9443994
4.949825534
4.955254738
4.960711417
4.966168972
4.971641073
4.977125794
4.98260777
4.988085283
4.99357763
4.999063832
5.004553758
5.010040162
5.015535056
5.021027139
5.026538284
5.032050829
5.037575604
5.043099802
5.048636533
5.054172382
5.059716994
5.065256184
5.070801705
5.076342284
5.081871866
5.087405123
5.09294962
5.09849041
5.104044565
5.109597848
5.115161168
5.120718829
5.126279325
5.131871869
5.137447008
5.143035193
5.148635822
5.15423022
5.159839757
5.165457907
5.171096514
5.176737492
5.182379347
5.188053804
5.193710224
5.199377815
5.205057312
5.210732937
5.21641822
5.222100367
5.227798357
5.233497404
5.239209101
5.24491201
5.250626118
5.256357434
5.262076054
5.267835586
5.273602215
5.279373649
5.285155583
5.290935393
5.296728012
5.302531364
5.308328155
5.314123233
5.319927066
5.325742435
5.331559201
5.337389793
5.343219018
5.34905237
5.354909028
5.360748307
5.366613371
5.37245622
5.378325565
5.38418869
5.390039529
5.395898358
5.401749062
5.407604915
5.413469174
5.419335516
5.425203927
5.431101583
5.436980719
5.442873836
5.448784226
5.454700733
5.460597811
5.466524623
5.472447639
5.478365173
5.484287088
5.490217326
5.496142239
5.502057444
5.507995262
5.513914137
5.519860472
5.525789676
5.531744057
5.537697867
5.543653286
5.549631255
5.555628947
5.561637763
5.567667601
5.573705829
5.579765884
5.585832141
5.591911442
5.598008022
5.604110545
5.610218912
5.616363388
5.622498753
5.628669315
5.634832126
5.641034034
5.647239583
5.653448467
5.659688399
5.665906585
5.672133758
5.678376579
5.684632011
5.690894285
5.697162484
5.703445049
5.709737309
5.716021569
5.722314499
5.728614745
5.734904993
5.741187001
5.747471552
5.753757814
5.760035842
5.766315654
5.772593702
5.778855311
5.785108071
5.791385229
5.797639479
5.803914317
5.810181257
5.816442312
5.822714214
5.828995146
5.835271357
5.841549034
5.847837633
5.854122132
5.86041563
5.866699092
5.87299066
5.879273556
5.885558333
5.891855543
5.898144453
5.904441572
5.910747775
5.917047376
5.923341963
5.929650444
5.935933818
5.942229663
5.948513278
5.954788567
5.961038424
5.96729152
5.973542312
5.979804568
5.986072594
5.99235291
5.998613219
6.004890414
6.011162502
6.0174325
6.0236981
6.0299788
6.036271343
6.04255872
6.048851618
6.05513622
6.061438918
6.067715584
6.074002314
6.080270805
6.086527448
6.092797328
6.099077375
6.105361192
6.111644104
6.117928861
6.124245291
6.130561227
6.136871884
6.143208486
6.149520735
6.155852068
6.162179842
6.168527163
6.174878043
6.181241777
6.187619094
6.193987501
6.200362607
6.206744698
6.21311815
6.21949757
6.225872234
6.232249861
6.238630793
6.245021875
6.251396448
6.257755975
6.264131791
6.270496752
6.276855167
6.283235993
6.289608324
6.295965329
6.302337738
6.30869994
6.315070249
6.321463198
6.327871559
6.334287109
6.340700334
6.347125885
6.35354646
6.359992411
6.366442018
6.37289502
6.37936834
6.385855852
6.392362707
6.398877329
6.405405346
6.411927991
6.418457348
6.424998898
6.43153937
6.438061647
6.444582566
6.451090488
6.457617601
6.464122799
6.470646515
6.477167259
6.483696877
6.490239648
6.49677578
6.503314224
6.509857871
6.516397431
6.522944929
6.529508869
6.536067429
6.542633863
6.54920477
6.555782981
6.562356252
6.568923347
6.575508079
6.582080164
6.588649991
6.59521662
6.601772629
6.608333203
6.614897576
6.62145758
6.628017158
6.634580332
6.641146475
6.647694195
6.654248414
6.660799403
6.667370723
6.673934142
6.680483249
6.68704796
6.69359583
6.700148737
6.70670327
6.713245714
6.719802612
6.726370339
6.732936266
6.739515159
6.746093962
6.752667751
6.759239909
6.765828498
6.772431727
6.779028326
6.785633002
6.792239339
6.798854537
6.805471877
6.812097106
6.81874003
6.825390955
6.832033719
6.838684693
6.845343223
6.852004965
6.858686406
6.865358865
6.872067381
6.878804439
6.885556044
6.892340284
6.899131038
6.905948243
6.912769502
6.919615679
6.926477021
6.93337217
6.940290302
6.947237139
6.954202957
6.961202729
6.968203848
6.975212554
6.982217003
6.989244007
6.996268848
7.003303625
7.010330622
7.017370987
7.024408735
7.031453259
7.038490957
7.045546933
7.052596287
7.059649206
7.066716448
7.073777146
7.080856728
7.087943814
7.095035519
7.10215505
7.109286802
7.116444398
7.123590104
7.130756858
7.13793241
7.145111728
7.152307387
7.159521056
7.166736558
7.173990239
7.181253096
7.188544965
7.195842685
7.203165211
7.210498042
7.217862131
7.225255445
7.23267043
7.24009673
7.247554378
7.255040053
7.26256229
7.270120545
7.277699161
7.285312774
7.292955931
7.300627264
7.308322221
7.316019457
7.323753745
7.331490976
7.339231077
7.347008953
7.354801597
7.362623777
7.370451932
7.378290822
7.386131222
7.394009646
7.401896353
7.409818638
7.41776277
7.42573393
7.433728462
7.441720138
7.449735526
7.457775138
7.465825983
7.473893671
7.481982183
7.490063945
7.498150905
7.506261862
7.514403589
7.522577396
7.530761359
7.5389811
7.547239284
7.555508578
7.563791714
7.572067916
7.580374921
7.588673806
7.596991325
7.605342395
7.613684532
7.622057384
7.630445807
7.638844761
7.647278875
7.655713206
7.664167774
7.672638232
7.681116208
7.689636205
7.698169331
7.706729342
7.715285747
7.72386103
7.732456702
7.741054985
7.749683118
7.758310186
7.766966767
7.775619889
7.784278686
7.792944468
7.801616561
7.81027763
7.818956946
7.827635933
7.83633758
7.845041389
7.853751077
7.862463938
7.871184099
7.879890529
7.888614512
7.897334747
7.90607948
7.914819767
7.923560816
7.932311105
7.941054239
7.949806799
7.958570702
7.967330886
7.97611515
7.984902864
7.993715282
8.002566967
8.01142078
8.020285971
8.029173889
8.038082205
8.047047515
8.05605183
8.065076198
8.074143898
8.083227108
8.092336225
8.101470651
8.110626284
8.119800205
8.128980984
8.13817579
8.147379273
8.156582979
8.165816435
8.175063507
8.184309803
8.193570993
8.202870042
8.21217745
8.22149617
8.230835259
8.24020951
8.249610569
8.259021993
8.268455742
8.277908644
8.287411431
8.296955204
8.306517084
8.316140048
8.325777393
8.335451364
8.345132297
8.354848031
8.364603781
8.37437723
8.384178056
8.394007826
8.403860922
8.413725512
8.423609957
8.433505691
8.443418539
8.453351545
8.463313675
8.473294516
8.483319909
8.493359907
8.503432477
8.513524528
8.523653788
8.53378907
8.543951388
8.554116082
8.564280741
8.574478622
8.584672121
8.594885102
8.60514212
8.615419858
8.625737477
8.636067771
8.646435528
8.656820302
8.667241141
8.677708277
8.688189077
8.69870349
8.709248397
8.719800812
8.730381606
8.740993635
8.751599115
8.762209046
8.772834567
8.783488515
8.794160266
8.804862881
8.815606552
8.826359791
8.837146124
8.847933862
8.858742248
8.869588753
8.88044014
8.891333103
8.90224949
8.91322752
8.924223944
8.93526966
8.946318076
8.957404475
8.968522323
8.979644319
8.990814189
9.002021695
9.013239293
9.024507706
9.03580493
9.047142987
9.058534224
9.069973937
9.081463224
9.093013399
9.104623957
9.1162825
9.127991327
9.139747652
9.151570142
9.163424587
9.175305573
9.18724041
9.199202582
9.211223068
9.223292939
9.235392437
9.247541098
9.259725703
9.271948397
9.284205896
9.296501788
9.308827351
9.321178107
9.333552207
9.345968093
9.358393941
9.370856323
9.383360442
9.395905081
9.40845841
9.421050612
9.433676071
9.446337192
9.459042227
9.47177837
9.484546211
9.497358629
9.510188047
9.523061851
9.53594012
9.548866904
9.561825464
9.574810644
9.58783228
9.600879235
9.613960841
9.627089542
9.64022646
9.653391866
9.66655398
9.679743203
9.692943522
9.706149108
9.719357392
9.732586094
9.745810653
9.759057722
9.772287357
9.785527269
9.798767632
9.812020556
9.825283163
9.8385734
9.85187233
9.865216431
9.878550505
9.891908091
9.905274275
9.918650753
9.932061825
9.945467369
9.958891705
9.972316423
9.985778115
9.999259559
10.01275427
10.02628339
10.03981107
10.05336719
10.0669438
10.08054644
10.09417448
10.1078177
10.12149581
10.13517136
10.14888043
10.16260453
10.17634602
10.19013378
10.20393561
10.21778637
10.2316578
10.24554759
10.25945884
10.27341808
10.28737599
10.30135284
10.31535345
10.32938448
10.3434428
10.35749704
10.37157476
10.38565175
10.39973607
10.41383815
10.42794169
10.44208255
10.45626131
10.47046455
10.48472043
10.4989876
10.51328662
10.52758632
10.54188641
10.55620595
10.5705224
10.58485051
10.59921275
10.61360543
10.62805108
10.64249576
10.6569761
10.67144863
10.68595248
10.70049662
10.71505545
10.72962371
10.74422125
10.75884687
10.77350726
10.78818781
10.80287852
10.8176161
10.83238424
10.84717421
10.86198853
10.87679096
10.89161561
10.9064686
10.921309
10.93616841
10.95102346
10.96584516
10.98066519
10.99547382
11.01028238
11.02509311
11.03993444
11.05479273
11.06967119
11.08455618
11.09946436
11.11438494
11.12933706
11.14428555
11.15925815
11.1742433
11.18923658
11.20424347
11.21926118
11.23427394
11.24929185
11.26431706
11.27937603
11.29448537
11.30961022
11.32472192
11.33984598
11.35497139
11.37015477
11.38534277
11.40056629
11.41580198
11.4310523
11.44628852
11.46156547
11.47688537
11.49222626
11.5075764
11.52293057
11.53832194
11.55372433
11.5691419
11.58457661
11.60002667
11.61550818
11.63099443
11.64648522
11.66198217
11.67750277
11.6930226
11.70855503
11.72408722
11.73963076
11.75518738
11.77075817
11.78633672
11.80194213
11.81755645
11.8332031
11.84885505
11.86454167
11.88023103
11.89594913
11.91169674
11.92745545
11.94325718
11.95905821
11.97488476
11.99072537
12.00660001
12.02249015
12.03841881
12.05435413
12.07033932
12.08633429
12.1023819
12.11848234
12.13460373
12.15074457
12.16690704
12.18307586
12.1993074
12.21557865
12.23187521
12.24821195
12.2645815
12.28100131
12.29742504
12.31387579
12.33036299
12.34687628
12.36337947
12.37993758
12.39650164
12.41310506
12.4297492
12.44642292
12.46314278
12.47992853
12.49677216
12.51364922
12.53055494
12.54750517
12.56447788
12.58145288
12.59846882
12.61548278
12.63251884
12.64959739
12.66669373
12.68379728
12.70091525
12.71801639
12.7351119
12.75221832
12.76932045
12.78641951
12.80351899
12.82059885
12.83770074
12.85479681
12.87188097
12.88894412
12.90602056
12.92310192
12.94021308
12.95732876
12.97447769
12.99163598
13.00878042
13.0259707
13.04317637
13.06041489
13.07770495
13.09502428
13.11237827
13.12976812
13.14718298
13.16462372
13.18207131
13.19956036
13.21709271
13.23468546
13.25232269
13.26997562
13.28761742
13.30527661
13.32299301
13.34071655
13.35844641
13.37620713
13.3940073
13.41182263
13.42965309
13.44750932
13.46541706
13.48338562
13.50138579
13.51940976
13.53741658
13.55543767
13.5734871
13.59154714
13.6095793
13.62761449
13.6455958
13.6635922
13.68156737
13.69954885
13.71753705
13.73553006
13.75349682
13.77146134
13.78942787
13.80739303
13.82535813
13.84333765
13.86127788
13.8792198
13.89718487
13.91512383
13.93307898
13.95100096
13.96889683
13.98673306
14.0045545
14.02236484
14.04014998
14.0579468
14.07570894
14.09349612
14.11125808
14.12895657
14.14663642
14.16432032
14.18196714
14.19959313
14.21717271
14.23476619
14.25235711
14.26995879
14.28754979
14.30515029
14.3227576
14.34035919
14.35795002
14.37556187
14.39315653
14.4107316
14.42828569
14.44582129
14.46330488
14.48076334
14.49821063
14.51565447
14.53307988
14.55045929
14.56782829
14.58514319
14.60243801
14.61971678
14.63698261
14.65424437
14.67151763
14.68880651
14.70611225
14.72343125
14.74076915
14.75814613
14.77560365
14.79308604
14.81057176
14.8280574
14.84556907
14.86307028
14.88057951
14.89811422
14.9156567
14.93324043
14.95085582
14.96852234
14.98624091
15.00398797
15.02178045
15.03959878
15.05743963
15.07532852
15.09328942
15.11131112
15.12937945
15.1475102
15.16565937
15.18382154
15.20195789
15.22011031
15.23825716
15.25643475
15.27463081
15.2928287
15.31101375
15.32914956
15.34724531
15.3653071
15.38335421
15.40138424
15.41939077
15.43738356
15.45532937
15.47323548
15.49113493
15.50904964
15.52694382
15.54481862
15.56270952
15.58061582
15.59852594
15.61645425
15.63442498
15.65246634
15.67052422
15.68857784
15.70666773
15.72483646
15.74304812
15.76126953
15.77949846
15.79771035
15.81590016
15.83406026
15.85220047
15.87032894
15.88846161
15.90658553
15.92469576
15.94281407
15.96090306
15.97898853
15.99706957
16.01522091
16.03340965
16.05163139
16.0699262
16.0882754
16.1066467
16.12506148
16.14345474
16.16183718
16.18020032
16.19853181
16.21684815
16.23517512
16.25353465
16.27193297
16.29034165
16.30876838
16.32722662
16.34571399
16.36424388
16.38279488
16.40136931
16.41998422
16.43862159
16.45727748
16.47591114
16.49454913
16.51321323
16.53188218
16.55053742
16.56917088
16.58776908
16.60636594
16.62496964
16.64364896
16.66238829
16.68117514
16.69996529
