418.3510629
290.2604806
235.4703529
203.2630078
181.4514426
165.4289644
153.0182607
143.0391085
134.7890024
127.8202357
121.8322064
112.01524
104.245705
97.89854779
92.58689387
86.02805299
79.1242778
74.91662924
69.18834489
64.6037791
60.8270347
56.50676806
52.54686735
49.32121206
46.02130235
42.82318151
40.01894318
37.38528918
34.82623355
32.52545557
30.37712075
28.33442751
26.43853
24.70456998
23.05961036
21.53512368
20.1186251
18.80328569
17.58468875
16.44656789
15.39209672
14.40486171
13.49828931
12.64892768
11.86480826
11.13772362
10.46650965
9.845319686
9.271287966
8.741373141
8.255106749
7.807875347
7.398173633
7.023179642
6.682347155
6.372683388
6.092653685
5.840635783
5.615692306
5.416152037
5.241152515
5.089600446
4.96092791
4.854451041
4.770015475
4.707564822
4.667451029
4.650352501
4.657389018
4.690173217
4.750864747
4.842257351
4.967842408
5.131882178
5.339520725
5.596839766
5.91089108
6.289919815
6.743360385
7.282001726
7.918220929
8.666108495
9.541751972
10.56361621
11.75275216
13.13343513
14.73343973
16.58477154
18.72426859
21.19428273
24.04363399
27.32845466
31.11347231
