0.005091714049
0.0101834281
0.01527514215
0.0203668562
0.02545857024
0.03055028429
0.03564199834
0.04073371239
0.04582542644
0.05091714049
0.05600885454
0.06619228264
0.07637571073
0.08655913883
0.09674256693
0.1120177091
0.1323845653
0.1476597074
0.1731182777
0.1985768479
0.2240354181
0.2596774165
0.3004111289
0.3411448413
0.3920619818
0.4531625503
0.519354833
0.5957305437
0.6873813966
0.7892156776
0.9063251007
1.04380138
1.201644516
1.379854507
1.588614783
1.827925344
2.102877902
2.418564173
2.780075871
3.197596423
3.676217543
4.231214375
4.862586917
5.59579374
6.435926558
7.403352227
8.51334589
9.791366116
11.26287148
12.95841225
14.90344702
17.1438012
19.72020851
22.6886778
26.0950345
30.01565432
34.52691297
39.7204613
45.68795016
52.55667241
60.4539209
69.54263048
79.99082771
92.01745629
105.8465516
121.7581581
140.0577783
161.1069242
185.3231162
213.1798838
245.2220403
282.0809583
324.4796612
373.2480984
429.3486037
493.8860793
568.1181784
653.5113147
751.7406622
864.7308886
994.7070732
1144.220164
1316.20299
1514.041539
1741.610607
2003.390901
2304.51487
2650.899085
3049.351168
3507.691992
4034.928798
4641.40795
5339.04915
