0.01840074305
0.01534605023
0.01233517929
0.01065007064
0.009524389958
0.008691377622
0.008045168097
0.00752459793
0.007095597699
0.006734870703
0.006422595557
0.005906391203
0.005497476197
0.005162790319
0.004881833343
0.004534022045
0.004169253665
0.003948671957
0.003648836735
0.003409922842
0.003214455805
0.002990404049
0.002785199552
0.002621679777
0.0024565382
0.0022976126
0.002161012345
0.002034434358
0.001912951264
0.001806520575
0.001710360071
0.001622115692
0.001543614565
0.001472844815
0.001406120935
0.001344578984
0.001287330386
0.001234816538
0.001186707132
0.001140751849
0.001097741682
0.001055835625
0.001016096542
0.0009796104299
0.0009471715271
0.000918616107
0.0008954492787
0.0008726613225
0.0008486782162
0.000825984026
0.0008036430833
0.0007803955093
0.0007597528209
0.0007429654745
0.0007298801622
0.0007190163606
0.0007094776725
0.0007003426503
0.000690542212
0.0006823476137
0.0006743295861
0.0006674378666
0.0006603756994
0.0006486832152
0.0006278847199
0.0006010140824
0.0005722609901
0.0005451371942
0.0005248390657
0.0005141783944
0.0005169513698
0.0005360843431
0.0005650167609
0.0006006499344
0.0006502590432
0.0007153252963
0.0007945576756
0.0008876210895
0.0009949609035
0.001123055507
0.001273941223
0.001443246498
0.001645442745
0.001882873818
0.002162278821
0.002497413795
0.002897198438
0.003357642932
0.003891074463
0.004497425452
0.005165339627
0.005869622779
0.006642557865
