365.4231122
311.0013312
266.5158284
235.7714965
213.4616183
196.4370708
182.8639348
171.7402563
162.402795
154.4064781
147.4929479
136.133331
127.1730138
119.8096925
113.6178694
105.9033377
99.55377432
94.21043043
88.22335073
82.13595014
77.16305083
72.31804189
67.70216485
63.9062169
59.87722562
56.1879358
52.56753211
49.42449003
46.50788697
43.81775149
41.38065914
38.96424784
36.77496304
34.63639494
32.66591015
30.83688415
29.20087941
27.77839213
26.50393398
25.40556549
24.43360306
23.58991733
22.88556711
22.19982861
21.4491614
20.77759274
20.13968745
19.53700526
18.96534641
18.49342002
18.11102986
17.90205709
17.76925943
17.66778476
17.64402064
17.64768885
17.59430614
17.5327014
17.58474405
17.73599324
18.00853476
18.37373053
18.79833386
19.21361765
19.61409235
19.98979107
20.36494644
20.66313054
20.8490795
20.89770992
20.74231793
20.53521372
20.58721134
21.02385947
21.78638167
22.7884889
23.99799045
25.16310763
26.03611069
26.72012475
27.41499122
28.31139273
29.12575169
29.82114808
29.80359859
28.98581201
27.32332187
25.02006028
22.76534586
22.44793918
24.4903441
26.60232673
