429.6531318
274.6222749
194.913524
157.6331027
134.8941844
118.239442
105.8548545
96.7724744
89.817408
84.13440292
79.51011076
72.57847228
66.67840766
61.62143809
57.6986105
53.19066544
48.10476893
45.10719297
41.27026041
38.2772497
36.01324425
33.52120239
31.20742894
29.44220085
27.56950486
25.73861854
24.180877
22.84627083
21.48728815
20.3520679
19.3081577
18.31918572
17.41107054
16.60354728
15.84125631
15.15741862
14.55111151
13.99859524
13.49600987
13.02904844
12.6102222
12.223058
11.8809929
11.58441905
11.30622779
11.0395055
10.80455212
10.60493421
10.43437212
10.30765616
10.22657644
10.17781642
10.15876159
10.16153013
10.1675396
10.16640618
10.16772616
10.17150198
10.1927944
10.23137727
10.27029338
10.29059827
10.31786952
10.34880667
10.37180949
10.384826
10.38490448
10.35565122
10.26872628
10.18998167
10.1329442
10.10597922
10.15824866
10.36979644
10.6869258
11.04226078
11.3655313
11.60479592
11.71812214
11.66200878
11.38142817
10.79995852
9.938490156
8.935491054
8.143524382
7.883721486
8.294370553
9.165998868
10.0756079
10.91436758
11.4505721
11.57154264
11.05830902
