216.9612057
153.438796
125.3018952
108.5316338
97.08885608
88.64347854
82.08076655
76.79154712
72.41109623
68.70594573
65.51879527
60.28737214
56.14202846
52.75272322
49.91465509
46.40840815
42.71612939
40.46525335
37.4006552
34.94807416
32.92801688
30.61800288
28.50177329
26.77904635
25.01805702
23.31315056
21.82006554
20.4198004
19.06152237
17.84277131
16.70735887
15.63063643
14.63435536
13.72633397
12.86832681
12.07675892
11.34502683
10.66947316
10.04766003
9.471130686
8.941314306
8.449776395
8.002927845
7.588907255
7.211340169
6.865879466
6.551550588
6.265155104
6.004899133
5.768899681
5.556393595
5.364792218
5.192888617
5.038942573
4.902185317
4.780907383
4.674073054
4.580711172
4.500225506
4.431909694
4.375542656
4.331072039
4.298914559
4.279845189
4.275246013
4.287122217
4.318263731
4.372385677
4.454282095
4.569921319
4.726547092
4.93275076
5.198429965
5.534736574
5.954083549
6.470072191
7.097449841
7.852542062
8.753317938
9.819855082
11.07496195
12.54457483
14.25843597
16.2509172
18.56146706
21.23586081
24.3267172
27.89488523
32.01056759
36.75459534
42.22022699
48.51473667
55.76184687
