61.17870701
43.76034288
36.03286501
31.6423708
28.85111736
26.92055002
25.51422862
24.45928356
23.62171083
22.92147232
22.32328577
21.78785691
21.29678632
20.82413072
20.36026198
19.89918749
19.43390174
18.95782042
18.47298909
17.97745819
17.47221952
16.96260256
16.45276746
15.94533781
15.43912895
14.94160394
14.45488391
13.97839319
13.51464282
13.06884615
12.64400105
12.2409762
11.86650473
11.52417679
11.21488631
10.93758802
10.69193122
10.47550415
10.28435764
10.11543877
9.965963671
9.831900597
9.710481237
9.600548333
9.500287951
9.40675446
9.316052035
9.228176137
9.142886065
9.058960509
8.97633997
8.895485185
8.817753148
8.743303082
8.673571276
8.608983561
8.549808139
8.496634555
8.450135199
8.410517833
8.377395168
8.350696306
8.329347777
8.311186706
8.293461854
8.274245609
8.251249039
8.222339025
8.185626772
8.140494564
8.086880313
8.024909127
7.955604303
7.880168337
7.800255938
7.717129897
7.632816658
7.548575055
7.465875665
7.385774554
7.309927806
7.238983143
7.172707409
7.110906505
7.052919659
6.998230482
6.945926568
6.895879117
6.847770159
6.801432736
6.756677043
6.713489697
6.671768804
6.631174828
6.59158303
6.552998901
6.515041434
6.477846759
6.442081932
6.40834568
6.376835254
6.347918194
6.322038693
6.299300597
6.279394846
6.262425298
6.248099281
6.236021291
6.225880448
6.217518669
6.210242821
6.203218087
6.195838139
6.187534003
6.177729273
6.165717975
6.151121242
6.13401301
6.114102675
6.091376064
6.066044848
6.038002166
6.007243413
5.973881992
5.938044848
5.900277367
5.86094865
5.820803303
5.780600654
5.740980026
5.702573493
5.666150132
5.632104624
5.60047365
5.571356595
5.544688256
5.520267399
5.497614406
5.476422562
5.456264576
5.436860032
5.417873727
5.399319058
5.381127359
5.363361429
5.346474079
5.330699979
5.316299727
5.30344829
5.292464561
5.283403083
5.275975698
5.269976262
5.265297308
5.261629941
5.258515107
5.255555635
5.252440862
5.248796698
5.244125773
5.238059481
5.230285656
5.220611295
5.208947494
5.195420051
5.180045263
5.162755341
5.143780957
5.123460541
5.101965347
5.079476101
5.056449329
5.033349351
5.010475177
4.988197024
4.966832417
4.946643556
4.927667236
4.909909613
4.893411754
4.878009336
4.863496931
4.849753996
4.836700952
4.824138352
4.811974665
4.800184826
4.788766757
4.777535355
4.766486821
4.755658994
4.745017222
4.734495053
4.724197064
4.714181291
4.704481391
4.695129072
4.686280926
4.677978286
4.670295536
4.663369787
4.657276302
4.65202688
4.647489684
4.643611859
4.640183159
4.636854629
4.633289526
4.62921013
4.624319749
4.618260427
4.610795055
4.601891117
4.591579005
4.579872586
4.56692964
4.552939005
4.538160415
4.522861385
4.507414561
4.492024367
4.476889578
4.462227506
4.448205462
4.434918903
4.422336129
4.410534202
4.399506578
4.389180761
4.379484949
4.370396904
4.361805476
4.353579623
4.345605472
4.337717466
4.329844484
4.321880879
4.313789422
4.305529452
4.297093078
4.28858025
4.280145462
4.271925012
4.263987076
4.256492088
4.24958823
4.243394959
4.237934093
4.23325195
4.229300054
4.225982557
4.223195344
4.220780887
4.218518536
4.216202258
4.213737656
4.210969591
4.207688976
4.20376724
4.199111084
4.193653254
4.187280599
4.179973214
4.17173916
4.16259257
4.152561788
4.141755996
4.130277114
4.118278354
4.105971349
4.093604165
4.081389435
4.069512774
4.058200782
4.047616606
4.037815205
4.028742369
4.020401594
4.012729446
4.005595297
3.998851146
3.992401144
3.986181371
3.980094566
3.974126219
3.968267811
3.962546105
3.957020717
3.951781207
3.946862367
3.94230554
3.938144695
3.934461421
3.931237927
3.928404919
3.925943592
3.92381368
3.921841037
3.91993471
3.918002859
3.915956955
3.913721748
3.911176368
3.908242936
3.904781979
3.900696217
3.895940516
3.890496701
3.884293046
3.877344765
3.869769986
3.861639269
3.853062404
3.844158962
3.835058032
3.82594952
3.816907851
3.808081155
3.79955625
3.791408603
3.783708109
3.776485704
3.769732664
3.763395295
3.757416746
3.751764453
3.746376066
3.741195308
3.736234084
3.731480843
3.726905312
3.722444266
3.718077416
3.713786319
3.709521104
3.705291129
3.701100376
3.69695032
3.692906748
3.689056907
3.685476382
3.682203176
3.679271123
3.676706595
3.674510621
3.67264427
3.671057558
3.669703044
3.668453524
3.667169863
3.665697503
3.663895397
3.661613377
3.658714815
3.655138274
3.650847137
3.645853754
3.640215851
3.634028047
3.62741084
3.620463007
3.613327699
3.606105735
3.598900497
3.591818856
3.584927739
3.578329534
3.572055038
3.566144129
3.560642256
3.555518545
3.550724897
3.54622411
3.541942157
3.537812128
3.533791326
3.529815551
3.525851817
3.52184031
3.517764539
3.513657744
3.509520127
3.505367874
3.501280024
3.497325095
3.493598612
3.49014911
3.487047305
3.484324632
3.481990001
3.480051598
3.478462055
3.477168257
3.476080166
3.475158834
3.474321957
3.473475044
3.472537708
3.471450686
3.470136137
3.468514876
3.466510447
3.464092337
3.461219296
3.457831974
3.453927002
3.449515461
3.444619134
3.439272487
3.433514023
3.427448036
3.421189355
3.414865281
3.408592376
3.402476818
3.396608251
3.39107599
3.385905581
3.381115408
3.376682796
3.37259582
3.368805585
3.365257453
3.361910345
3.358693828
3.355575691
3.352530262
3.349555513
3.346648014
3.343820087
3.341104424
3.338536162
3.336124101
3.333890539
3.331865182
3.330059917
3.328458421
3.327034351
3.325776861
3.324670717
3.323709114
3.322813945
3.321932527
3.321010692
3.319984973
3.318783357
3.317335723
3.315580838
3.313464069
3.310946338
3.308013372
3.304653787
3.300897842
3.29679319
3.292391502
3.287757564
3.2829686
3.278105355
3.273242564
3.268441252
3.263752211
3.259211753
3.254850171
3.250688478
3.246733227
3.242965152
3.239394975
3.236024247
3.232835528
3.229789491
3.226864794
3.224058294
3.221353347
3.218739293
3.216191457
3.213684227
3.211222012
3.208793825
3.20640374
3.204059353
3.201762814
3.199555156
3.197470434
3.195544243
3.193804111
3.192274729
3.190974598
3.18987575
3.188939423
3.188127701
3.187375973
3.186609447
3.185741029
3.184694402
3.183422277
3.181862173
3.179967435
3.177708084
3.175087615
3.172111321
3.168816387
3.165227865
3.16139835
3.157393544
3.153295482
3.149153887
3.145028559
3.140976236
3.137050264
3.133276384
3.129673865
3.126260053
3.123039712
3.120017182
3.117183381
3.114504076
3.111953483
3.109484518
3.107067318
3.104649895
3.102214037
3.099741503
3.097235129
3.094701317
3.092157463
3.089636227
3.087173463
3.084813726
3.082590708
3.080530374
3.078657839
3.077005138
3.075571973
3.074364988
3.0733783
3.072557887
3.071867925
3.071269515
3.070720868
3.070151
3.069531982
3.068805242
3.0679298
3.066861143
3.065549404
3.063952467
3.062038265
3.059779515
3.057170528
3.054229122
3.05099134
3.047504423
3.043824131
3.040020133
3.036156856
3.032306101
3.028527753
3.02486982
3.021383587
3.018104139
3.015054586
3.01223219
3.009605534
3.007155395
3.004836303
3.002626633
3.000499202
2.998428431
2.99639562
2.99438692
2.992416458
2.990488228
2.988616437
2.986811582
2.985090516
2.983471038
2.981968309
2.980593367
2.97936213
2.978273696
2.977332721
2.976524225
2.975829391
2.975218029
2.97464356
2.974070208
2.973451419
2.972743274
2.971902495
2.970884845
2.969649148
2.968175101
2.966445747
2.964446844
2.962192558
2.959702225
2.957009842
2.954156406
2.951184053
2.948138731
2.945070885
2.94201642
2.939001459
2.936053143
2.933189238
2.930427122
2.927781429
2.925263032
2.92287149
2.920603969
2.918465033
2.916446668
2.914531168
2.912698941
2.910946899
2.909254937
2.90760839
2.905993129
2.904395305
2.902805747
2.901228816
2.899670156
2.898141157
2.896657974
2.895250876
2.893948264
2.892770035
2.891733831
2.890856802
2.890126523
2.889517628
2.888995447
2.888533533
2.888075391
2.887573405
2.886977242
2.886244399
2.885339861
2.884230684
2.882889495
2.881302871
2.879472163
2.877419582
2.875164472
2.872742412
2.870183566
2.867532371
2.864838468
2.86214433
2.85949181
2.856913347
2.854431911
2.852076667
2.849854969
2.847771477
2.845819759
2.843987806
2.842253528
2.840591519
2.838966237
2.837355766
2.835745709
2.834120254
2.832460535
2.830773982
2.829067405
2.82735028
2.825644667
2.823977628
2.822376341
2.820866579
2.819467784
2.818197067
2.817065672
2.816084763
2.815242398
2.814534529
2.813946245
2.813447898
2.813017334
2.812630916
2.812254645
2.811855999
2.811407796
2.810878187
2.810225104
2.809422575
2.808435127
2.807249994
2.8058497
2.804225371
2.802377065
2.800323141
2.798081357
2.795680505
2.793159471
2.790567933
2.787958313
2.785375622
2.782861825
2.780447859
2.778158795
2.776012787
2.774021083
2.772168936
2.770451729
2.768848344
2.767347744
2.765924549
2.764562563
2.763245688
2.761958929
2.760695598
2.759454758
2.758234575
2.757048638
2.755906551
2.754806413
2.753765599
2.752793816
2.751912457
2.751125971
2.750430094
2.749819515
2.749299575
2.748855293
2.748466721
2.748107278
2.747737102
2.7473278
2.746847143
2.746262492
2.745534999
2.744641226
2.743572187
2.742320215
2.740887646
2.739277638
2.737504221
2.735592307
2.733570796
2.73146954
2.729316335
2.727145664
2.724975018
2.722834941
2.720744202
2.716775215
2.714918502
2.713150991
2.711476142
2.709902173
2.708421409
2.707026411
2.705712478
2.704470205
2.703287847
2.702142995
2.701017958
2.699905521
2.698797243
2.697700882
2.696623364
2.695572079
2.694554514
2.693590723
2.692695732
2.691148343
2.690503183
2.689948664
2.689473767
2.689061467
2.688686335
2.688325837
2.687949579
2.687515365
2.686997215
2.686365961
2.685598071
2.684675512
2.682345008
2.680938238
2.679384158
2.677702619
2.675904669
2.674022861
2.672097169
2.670159833
2.668234185
2.666354249
2.664538749
2.661166584
2.659621072
2.658172317
2.656815246
2.655533715
2.654311405
2.653131761
2.65197354
2.650825463
2.648502075
2.647312871
2.646110176
2.644905668
2.643712128
2.642548311
2.641431029
2.640375939
2.638516972
2.637727146
2.63703194
2.636439516
2.635949087
2.635545364
2.635215815
2.634943959
2.634498782
2.634276517
2.634019744
2.633703132
2.633300706
2.632788901
2.631342524
2.630376337
2.629238693
2.627932037
2.626471129
2.6248738
2.623161443
2.619509833
2.617638513
2.615779089
2.613963216
2.612209623
2.610542681
2.6075186
2.606165609
2.604910995
2.603747356
2.602663758
2.601638656
2.599703449
2.598770184
2.597850094
2.596939451
2.596038111
2.59427228
2.593422008
2.59260888
2.591845963
2.591144963
2.589967613
2.589499317
2.589106506
2.588777594
2.588499427
2.588009679
2.587743863
2.587432391
2.587051892
2.586579435
2.585286684
2.584447725
2.583476934
2.582373316
2.581142945
2.578382432
2.57689198
2.575355214
2.573789789
2.570639795
2.569089348
2.567572838
2.566107049
2.563359029
2.562087569
2.56088659
2.559755851
2.557689237
2.556734557
2.55581938
2.554941253
2.554087549
2.552433574
2.551621396
2.550819909
2.549265135
2.548527732
2.54783156
2.547189014
2.546086077
2.545629895
2.545234543
2.544889715
2.544300237
2.544021242
2.543724262
2.54338833
2.542515766
2.541941983
2.541254889
2.539519377
2.538474068
2.537319425
2.536071873
2.533372367
2.531958436
2.530532503
2.527725789
2.526382362
2.525101565
2.522754853
2.521686423
2.520678433
2.519718959
2.517884143
2.516980552
2.516070974
2.514223422
2.513285157
2.512345733
2.510494476
2.509604185
2.50875342
2.507214136
2.506543278
2.505947908
2.505000674
2.504641793
2.504345144
2.503892289
2.503704903
2.503518597
2.503075136
2.502777507
2.502400703
2.501330628
2.500614446
2.499776662
2.497737464
2.496554443
2.495280846
2.492544865
2.491127505
2.489706428
2.486947
2.485643169
2.483242154
2.482151576
2.481133004
2.479286049
2.478441336
2.477634944
2.476097291
2.475346986
2.47386254
2.473129534
2.472404989
2.471018562
2.470373693
2.469233195
2.468754141
2.46833383
2.467671295
2.467415321
2.466985207
2.46677157
2.466532499
2.4659014
2.465475255
2.464340084
2.463625107
2.462812782
2.460909507
2.459841914
2.45753385
2.456321479
2.455089264
2.45263116
2.451432948
2.449152868
2.448088031
2.446127933
2.445232674
2.443601071
2.442846772
2.44212565
2.440745442
2.440073199
2.438744592
2.438086089
2.436799708
2.436184149
2.435045538
2.434536774
2.43407386
2.433292997
2.432969506
2.432420498
2.43217244
2.431643767
2.431327902
2.430517941
2.429999874
2.428690354
2.427897471
2.426062602
2.425041351
2.422862974
2.421743437
2.419534872
2.418473238
2.416491662
2.415577561
2.413892479
2.413105999
2.411607825
2.410875039
2.409415102
2.408678566
2.407194731
2.406454459
2.405021589
2.404343913
2.403101197
2.402553585
2.401618634
2.401236333
2.400640551
2.400409847
2.400040156
2.399873343
2.399504614
2.398982172
2.398622608
2.397657978
2.397030942
2.395477906
2.394562697
2.392512138
2.391405582
2.389128119
2.386883137
2.385812266
2.383828662
2.382925361
2.381305966
2.380583537
2.379266875
2.378657091
2.377489792
2.376354922
2.375792604
2.374689673
2.374160315
2.373184252
2.372356517
2.372012351
2.371466203
2.371254208
2.370904081
2.370553953
2.370338327
2.369762703
2.369376494
2.368371607
2.36704825
2.366269606
2.364514995
2.363564142
2.361571281
2.359547413
2.358550962
2.356648339
2.354914684
2.354121559
2.352678881
2.351402103
2.350809504
2.349684173
2.349145314
2.348094336
2.347073287
2.34657773
2.345631071
2.344772757
2.3443883
2.343722677
2.343180607
2.342942109
2.342485453
2.341982051
2.341679353
2.340914844
2.339885854
2.339260472
2.337796651
2.336107788
2.335208391
2.333372555
2.331571076
2.330705177
2.329083667
2.327614461
2.326269111
2.325626918
2.324374634
2.323136327
2.322518671
2.321288354
2.320088634
2.318964527
2.318449269
2.317536926
2.316810838
2.316518419
2.316060479
2.315722635
2.315426221
2.31526354
2.314843592
2.314208904
2.313279703
2.312695276
2.311290259
2.309620302
2.307777568
2.306828591
2.304940261
2.303155072
2.301545265
2.300815707
2.299500566
2.298334168
2.297261585
2.296743988
2.295722447
2.294709302
2.293725549
2.29282143
2.292416176
2.291722754
2.291198106
2.290815692
2.290508979
2.290355212
2.289979386
2.289434268
2.288654074
2.287608638
2.286989512
2.285581627
2.283994224
2.282306134
2.280603232
2.279772949
2.278204567
2.27678605
2.275525752
2.274411334
2.273404542
2.272930611
2.272019574
2.271133118
2.270265031
2.269433932
2.268662428
2.267981393
2.267684355
2.267174519
2.266760248
2.266386599
2.26596895
2.265417246
2.264660631
2.263660195
2.263071255
2.261740535
2.260271714
2.25876407
2.257301747
2.255933978
2.254677126
2.253517343
2.252424294
2.251894056
2.250846151
2.249801589
2.248757906
2.247747339
2.246813579
2.245999247
2.24533506
2.244824631
2.24445162
2.244165601
2.243896109
2.243740366
2.243331095
2.242734286
2.241903578
2.240825338
2.239522577
2.23805386
2.236507535
2.234972551
2.233531557
2.232225429
2.231070873
2.23004818
2.229114042
2.228223699
2.227343621
2.226473168
2.225636623
2.22487862
2.224237879
2.223736539
2.223364474
2.22307782
2.22280014
2.222440202
2.221931891
2.221221773
2.220286306
2.219135888
2.21781767
2.216404356
2.214972212
2.213586859
2.212301081
2.211141619
2.210105488
2.209179498
2.208328086
2.207519036
2.206727936
2.205951779
2.205202058
2.204497981
2.203868694
2.203336945
2.202898484
2.202527293
2.202173046
2.201518997
2.200900698
2.20008914
2.199080463
2.197915494
2.196657365
2.195377213
2.194140501
2.192992376
2.191942907
2.190973854
2.19005655
2.188719216
2.187839019
2.186970211
2.186140088
2.185374437
2.184710916
2.184175337
2.183763664
2.183454547
2.183072814
2.182784058
2.182389345
2.181828753
2.181067952
2.180107431
2.178979102
2.177087454
2.175800524
2.174579941
2.17347595
2.172505388
2.171650918
2.170506847
2.169779875
2.169058641
2.168350666
2.167679308
2.167084513
2.166399507
2.166080654
2.165833539
2.16560513
2.165326225
2.164676254
2.164018537
2.163168896
2.162149934
2.161006147
2.159183731
2.157992614
2.156878577
2.155873976
2.154574529
2.153820864
2.153131006
2.15247933
2.151849206
2.150925919
2.150341188
2.149804247
2.149333649
2.148757112
2.148433414
2.148109198
2.147723434
2.146899146
2.146147163
2.145238175
2.14366892
2.142565938
2.14148458
2.140464432
2.139086236
2.138254744
2.137470094
2.136334636
2.135589186
2.134856837
2.133835368
2.133247527
2.132758969
2.13237333
2.131951551
2.131722647
2.131469286
2.130921883
2.130379054
2.129664406
2.128282697
2.12721015
2.125520751
2.124434245
2.123436021
2.12214464
2.121403144
2.120718529
2.119733727
2.119086416
2.11845784
2.117610511
2.117150882
2.116649535
2.116419233
2.116222982
2.115855269
2.115476315
2.114614105
2.113830907
2.112905475
2.11135858
2.110299563
2.108795049
2.107896119
2.107093623
2.106052682
2.105438924
2.104576993
2.104020065
2.103203725
2.102689922
2.102223178
2.101653447
2.101361293
2.100977985
2.100687409
2.100071811
2.099490391
2.098360084
2.097475271
2.096078254
2.095164565
2.093902272
2.093147322
2.092114823
2.091457747
2.090484172
2.089848331
2.088957804
2.088443293
2.087835302
2.087542265
2.087212795
2.087014194
2.08664033
2.086278631
2.085488189
2.084779051
2.083489001
2.082541206
2.081126565
2.079848867
2.079105242
2.078127799
2.077531547
2.076670976
2.076111516
2.075329024
2.074879273
2.074358737
2.074025417
2.073862255
2.073587962
2.073305473
2.072635035
2.07164363
2.070839368
2.069519773
2.068634561
2.067400356
2.066342141
2.065739469
2.064953909
2.064245334
2.063787731
2.063107745
2.062474073
2.062108821
2.061680594
2.061464079
2.061167329
2.060762403
2.060365209
2.05953924
2.058474615
2.057691414
2.056519159
2.055453712
2.054823089
2.053978022
2.05320064
2.052440565
2.051942165
2.051254878
2.050696287
2.050416012
2.050117411
2.049897638
2.049638118
2.049377822
2.048779427
2.047898906
2.0471782
2.045992527
2.044829186
2.043806775
2.043222599
2.042459868
2.04177292
2.041108027
2.040477538
2.04010721
2.039676936
2.039408821
2.039234842
2.039100849
2.038754319
2.038143985
2.037258876
2.036182263
2.035424872
2.034330125
2.033357539
2.032543965
2.031863309
2.031258579
2.030868312
2.030289168
2.029740295
2.029275136
2.028931589
2.028671374
2.028489815
2.02810641
2.027502408
2.026659058
2.025650519
2.02460228
2.023630816
2.022790164
2.022290097
2.021590662
2.020904888
2.02023966
2.019649214
2.019178496
2.018850695
2.018628644
2.018430571
2.018136732
2.017646106
2.017180961
2.01629033
2.015256999
2.014217252
2.013281591
2.012487779
2.011803173
2.011170048
2.010559053
2.009991571
2.009524836
2.009204932
2.009009383
2.008837001
2.008552397
2.00804553
2.007289869
2.006351875
2.005340975
2.004369398
2.003517394
2.002805151
2.00220389
2.001659916
2.001127591
2.000610172
2.000153426
1.999802699
1.999555305
1.999343377
1.999056432
1.998591051
1.99790914
1.996756607
1.995850605
1.995020594
1.994293859
1.993643732
1.993022547
1.992416556
1.991853243
1.991377625
1.991017506
1.990776019
1.990542826
1.99030735
1.989909463
1.989298329
1.988493235
1.987582881
1.986681167
1.98563913
1.984994637
1.984423748
1.98388326
1.983361975
1.982903212
1.982559192
1.982289158
1.982146882
1.981919997
1.981507308
1.980878726
1.979786224
1.978901435
1.978071836
1.977355049
1.976753406
1.976074138
1.975589753
1.975109663
1.974660979
1.97418834
1.973946478
1.973750589
1.97350745
1.972944696
1.972296341
1.97151214
1.970695667
1.969718662
1.969107898
1.968563985
1.967869409
1.967367676
1.966914438
1.966550459
1.966226871
1.966068699
1.965903988
1.965516971
1.965021242
1.964350372
1.963306068
1.962535958
1.961860221
1.961123089
1.960648715
1.960198998
1.959640518
1.959301869
1.959023773
1.958901152
1.958752511
1.958346285
1.957822686
1.957142698
1.956123206
1.955388597
1.954559744
1.954057524
1.953487097
1.953084414
1.952690529
1.952230834
1.951974191
1.951736157
1.951562194
1.95117125
1.950683118
1.950039973
1.949079914
1.948403104
1.947636727
1.947135671
1.946503331
1.946041861
1.945492358
1.945178307
1.944908256
1.944772964
1.944544788
1.944227515
1.943537561
1.94285443
1.941869389
1.940981096
1.940427981
1.939803564
1.939374082
1.938833089
1.938493
1.938188223
1.938054636
1.937857425
1.937445671
1.936938597
1.936058339
1.935340579
1.934455057
1.933731978
1.933284124
1.932741491
1.932347585
1.93185629
1.931473773
1.931273556
1.931051226
1.930716241
1.930294861
1.929510258
1.928624231
1.928005556
1.927300598
1.926684087
1.926237543
1.925668246
1.925191927
1.924928792
1.924698084
1.924495542
1.924148676
1.923719429
1.922929769
1.922025377
1.92137818
1.920645612
1.920044414
1.919503351
1.91912251
1.918700957
1.918435183
1.918261291
1.918002373
1.917656186
1.91697181
1.916130231
1.915295011
1.914586992
1.91414779
1.913634685
1.91314734
1.91269347
1.912332879
1.912140029
1.911932582
1.911640729
1.911125108
1.910395487
1.909606582
1.908910181
1.908471192
1.907944158
1.907437193
1.906963855
1.906593407
1.906360292
1.906199778
1.905963281
1.905516919
1.904842918
1.904047389
1.90346987
1.902818269
1.902295043
1.901825954
1.901385849
1.90103451
1.900816795
1.900662193
1.90041257
1.899942445
1.899256881
1.898478253
1.897757467
1.897165361
1.896682711
1.896248312
1.895841788
1.895493618
1.895245103
1.895067104
1.894825628
1.894380867
1.893729621
1.893011408
1.892228408
1.891718588
1.891254188
1.890805472
1.890414136
1.89013718
1.889977098
1.889835473
1.889571241
1.889096017
1.888435869
1.887549246
1.886948635
1.886473712
1.886058024
1.885669042
1.885353228
1.885136508
1.885023912
1.884806939
1.884375589
1.883749993
1.883059163
1.882295219
1.881815706
1.881411189
1.881034693
1.880685511
1.880350537
1.880178067
1.879999095
1.879676478
1.878989087
1.878327244
1.877713264
1.877197892
1.87663185
1.876197393
1.875802743
1.87544898
1.875281233
1.875117908
1.874833655
1.874207953
1.873545855
1.872880819
1.872196329
1.871757809
1.871357403
1.870911567
1.870666742
1.870486477
1.870306631
1.86996321
1.869272001
1.868625395
1.868027588
1.867422563
1.867026011
1.866565874
1.866227001
1.865906036
1.865737738
1.865548274
1.865110166
1.864566156
1.863819477
1.863303384
1.862777998
1.862390868
1.861926136
1.861630322
1.861407415
1.861289499
1.861034539
1.860642547
1.859942826
1.859353686
1.858743345
1.858364218
1.857941335
1.857642951
1.85739116
1.857284602
1.857106954
1.856692872
1.856181967
1.855478059
1.854984426
1.854502077
1.854106239
1.853815236
1.853515097
1.85335701
1.853199917
1.852894707
1.852465738
1.851803526
1.85119961
1.850808654
1.850368371
1.849948857
1.849681258
1.84948203
1.849356765
1.849180827
1.848737843
1.848086773
1.847434975
1.847020065
1.846608404
1.846240681
1.845954967
1.845831866
1.845737506
1.845504442
1.845015897
1.84451257
1.843916733
1.843454758
1.843097326
1.842781782
1.842565766
1.84238584
1.842270959
1.842044603
1.841586082
1.841006552
1.840587389
1.840167101
1.839794354
1.839442488
1.839192241
1.839075329
1.838982208
1.838729541
1.838247353
1.837777132
1.837250475
1.83685507
1.836523305
1.836230659
1.836052622
1.83597993
1.835839179
1.835477628
1.834940449
1.834399255
1.833972061
1.833645632
1.833358033
1.833106594
1.832945427
1.832828901
1.832592866
1.832146459
1.831614034
1.831160246
1.830798833
1.830457884
1.830151123
1.829934373
1.829851516
1.829699779
1.829344748
1.82881768
1.828291802
1.827892824
1.827579656
1.827292828
1.827051785
1.826963883
1.826835755
1.826509885
1.826007712
1.825487417
1.824994347
1.824684212
1.8244085
1.824174763
1.824028505
1.823872653
1.823580889
1.823110587
1.822609632
1.822127065
1.821788703
1.821469687
1.821225638
1.821081792
1.820985275
1.820745375
1.820205029
1.819687621
1.81926894
1.818891988
1.818612543
1.818402311
1.818291581
1.818186479
1.817903288
1.817338918
1.816850425
1.816389624
1.816094439
1.815833694
1.815579872
1.815451413
1.815267201
1.814937395
1.81447177
1.813939509
1.81358575
1.813200922
1.81292107
1.812719592
1.812633992
1.812436239
1.812074582
1.811492478
1.811060218
1.810670614
1.810391207
1.810124262
1.810015145
1.809902265
1.809571793
1.809125035
1.808579541
1.808224098
1.807893096
1.807646913
1.807414917
1.807277223
1.807115014
1.806710761
1.806186756
1.805815346
1.805450986
1.805111323
1.804893591
1.804756896
1.804630989
1.804383516
1.803889188
1.803376137
1.803053273
1.802745824
1.802484513
1.802342282
1.802268319
1.80202617
1.80155635
1.801046239
1.800711488
1.800407802
1.800144691
1.799943169
1.799819362
1.799654279
1.799261041
1.798770748
1.79836912
1.798035295
1.797730412
1.797534758
1.797451848
1.797297311
1.796928393
1.796412701
1.795961488
1.795621605
1.795322368
1.795112601
1.795011306
1.794823873
1.794410129
1.793900543
1.793482401
1.793172856
1.792903554
1.792690952
1.792558147
1.79235506
1.791953926
1.791476171
1.791079654
1.790738561
1.790431192
1.790227628
1.790105895
1.789897485
1.789485496
1.788987246
1.788573382
1.788188361
1.787910881
1.787747657
1.787628515
1.787345603
1.78688163
1.786347712
1.786008536
1.785727533
1.785477809
1.785306729
1.785150682
1.78476446
1.784297804
1.783889039
1.783553626
1.78319773
1.782984502
1.782854715
1.782605688
1.782191211
1.78171154
1.781322537
1.780959239
1.780697254
1.780541472
1.780370782
1.780036191
1.779561568
1.77906331
1.778749361
1.778440049
1.778229826
1.778089311
1.777839269
1.777439928
1.776942702
1.776602185
1.776250514
1.776010611
1.775854208
1.775701282
1.775312664
1.774860995
1.774417066
1.774122604
1.773827676
1.773680016
1.773540336
1.773248
1.772733944
1.772333923
1.771987686
1.771730751
1.771488225
1.771321974
1.771088381
1.770629249
1.770175042
1.76985938
1.769525092
1.769285478
1.76916043
1.768931844
1.768493697
1.768077557
1.767692268
1.767371163
1.767159813
1.767022856
1.766790099
1.766340942
1.76593455
1.76557215
1.765280559
1.765031795
1.764866189
1.764674177
1.764260517
1.763807025
1.763448028
1.763125323
1.762881323
1.762751259
1.762535064
1.762120972
1.761653671
1.761293062
1.760994713
1.760782802
1.760657629
1.760391895
1.759944241
1.759524604
1.759214976
1.758953839
1.758757407
1.75861019
1.758317358
1.757881613
1.757502671
1.757193787
1.75692713
1.756767162
1.75662251
1.756303602
1.755859516
1.755490325
1.755198318
1.754962335
1.754838016
1.754624002
1.754226787
1.7538081
1.753494661
1.753238601
1.753032468
1.752874798
1.752621874
1.752220514
1.751859482
1.751527294
1.751281081
1.751136571
1.750995106
1.750637451
1.750230899
1.749902634
1.749598902
1.749415382
1.74930637
1.749023478
1.748622436
1.748270179
1.747975234
1.74775431
1.74760469
1.747429764
1.747106823
1.746693218
1.746412954
1.746161281
1.74596258
1.7458553
1.745593322
1.745222272
1.744851381
1.74460567
1.74438991
1.74429542
1.744086143
1.743732351
1.743346552
1.743074786
1.742874499
1.742723016
1.74258476
1.742238095
1.741848332
1.741587004
1.741326395
1.741164522
1.741052052
1.740753787
1.740334988
1.740041393
1.739773642
1.739598849
1.739501543
1.739220368
1.738803573
1.738474473
1.738252003
1.738041489
1.737902276
1.73765023
1.737256052
1.736968007
1.736691646
1.736476022
1.736354443
1.736134382
1.735745993
1.735398922
1.735167134
1.734966106
1.734861439
1.734636961
1.734253664
1.733926237
1.733687101
1.733494958
1.733376954
1.733162058
1.732803419
1.732504224
1.732254535
1.732061297
1.731951047
1.731734837
1.731367653
1.731050402
1.730786705
1.730636908
1.730530001
1.730254601
1.729888971
1.729611666
1.729398415
1.729225396
1.72909194
1.728798288
1.728455405
1.728190469
1.727935854
1.727805366
1.727661833
1.727350127
1.726963344
1.726713875
1.726522453
1.726412264
1.726209433
1.725863999
1.725536084
1.725324178
1.72516365
1.725042334
1.724804028
1.724442872
1.724194906
1.723982129
1.723843574
1.723731224
1.723424677
1.723118817
1.72287203
1.722715992
1.722634538
1.722455275
1.722115975
1.721879846
1.721684292
1.721557633
1.721468777
1.721202359
1.720938984
1.720720364
1.720546792
1.72048043
1.720330081
1.720017409
1.719786892
1.719602977
1.719508291
1.719438381
1.719177925
1.718891978
1.718700824
1.718578302
1.718504565
1.718326303
1.718033016
1.717837981
1.717657027
1.717569529
1.71747733
1.717207993
1.716936168
1.716745405
1.716634106
1.716576711
1.716348279
1.716051343
1.715847979
1.715698522
1.715619528
1.715459676
1.715173877
1.714949591
1.714766394
1.714674919
1.714567089
1.714295744
1.714034877
1.713832647
1.713735735
1.713643067
1.713379495
1.713116125
1.71293627
1.712805143
1.712710741
1.712484959
1.712226797
1.712034338
1.71188501
1.711802828
1.711614284
1.711329657
1.711123995
1.710963917
1.710902878
1.710730884
1.710424388
1.710229507
1.710089101
1.710000957
1.709848762
1.70958846
1.709367753
1.709211809
1.709136294
1.709011778
1.708722302
1.708516037
1.708355917
1.708294702
1.708136264
1.707867813
1.707644554
1.707501523
1.70740882
1.70726379
1.70698036
1.706758159
1.706598909
1.706511898
1.706370367
1.706080983
1.705854486
1.705709377
1.705632484
1.705436837
1.705149291
1.704966902
1.704816922
1.704723197
1.704506427
1.704262276
1.704058194
1.703909321
1.703822078
1.703589488
1.703316784
1.703144548
1.703025586
1.70292629
1.702664979
1.702423605
1.702262651
1.702164426
1.70203938
1.701785787
1.701587072
1.701434917
1.701372323
1.701234745
1.700983746
1.700805495
1.700696807
1.700654277
1.700468668
1.700223839
1.700086137
1.700007035
1.699929013
1.699716775
1.69953164
1.699382076
1.699330118
1.6992176
1.698987489
1.698805705
1.698707514
1.698661807
1.698448618
1.698241029
1.698106713
1.698023069
1.697925647
1.697709581
1.697525
1.697404509
1.697352877
1.697202619
1.696987279
1.696831579
1.696763648
1.696687082
1.696473682
1.696291134
1.696186112
1.696125563
1.695965458
1.695773344
1.695624679
1.695554388
1.695490778
1.695272848
1.695105593
1.694992357
1.694951252
1.694794182
1.694574988
1.694441339
1.694370275
1.694286628
1.694078475
1.693921238
1.693817942
1.693772549
1.693615351
1.693419617
1.693296761
1.693257895
1.6931316
1.692924846
1.692796151
1.692725527
1.692653086
1.692459548
1.69231122
1.692211331
1.692169094
1.692002146
1.69181639
1.691703304
1.691665464
1.691533221
1.691332833
1.691210315
1.691142826
1.691058797
1.69084876
1.690709808
1.690624307
1.690577535
1.69039972
1.690219705
1.69012462
1.690091124
1.689910753
1.689739868
1.689636607
1.689580433
1.689446501
1.689269399
1.689134036
1.68908122
1.688990888
1.688782181
1.688649533
1.688585356
1.688505548
1.688301434
1.688178775
1.688104679
1.688041297
1.687852322
1.687712063
1.687633945
1.687582549
1.687413901
1.687258822
1.687176554
1.687134733
1.686950527
1.686801222
1.68671999
1.686676361
1.686511688
1.686364773
1.686274825
1.686245136
1.686090161
1.685935258
1.685853668
1.685822916
1.685656385
1.685512087
1.685433063
1.685387027
1.685240037
1.685092222
1.684998303
1.684961696
1.684806663
1.684648949
1.684575972
1.68453213
1.684359117
1.684229218
1.684156743
1.684102977
1.683943236
1.683820098
1.683747517
1.683695469
1.683534339
1.683422679
1.683376542
1.683306812
1.683144091
1.683046723
1.68300185
1.682914073
1.682764382
1.682657785
1.682629232
1.682522458
1.682377386
1.682293323
1.682276468
1.682135363
1.682013818
1.681947642
1.681915005
1.681769317
1.681661162
1.681603062
1.681562297
1.681405785
1.681302989
1.681278002
1.681194027
1.681043531
1.6809679
1.680938491
1.680822112
1.680699797
1.680631999
1.680603941
1.680459334
1.68034159
1.680295625
1.68022377
1.680079016
1.679987669
1.679951295
1.6798424
1.679706808
1.679625906
1.679595732
1.679454532
1.679336934
1.679293621
1.679233091
1.679082174
1.678990785
1.678957411
1.678838454
1.678708615
1.678630877
1.678591842
1.678433651
1.678325751
1.678286381
1.678191411
1.678040719
1.677963201
1.677918763
1.677770508
1.677656779
1.677597716
1.677516932
1.677368054
1.67727358
1.677239171
1.677099738
1.676970438
1.676909648
1.676826748
1.67667203
1.676576317
1.676534531
1.676405726
1.676273825
1.676219294
1.676149382
1.675996676
1.675912886
1.675874865
1.675740885
1.675621323
1.675566644
1.675494371
1.67534575
1.675259681
1.67522004
1.675069933
1.674962452
1.674911408
1.674812471
1.674678924
1.674597702
1.674546998
1.674400346
1.67430412
1.674271428
1.674148185
1.674027301
1.67397613
1.673892641
1.673760269
1.673681464
1.673643222
1.673505135
1.673399809
1.67337004
1.673254186
1.673136761
1.673078195
1.67300246
1.672872064
1.672783434
1.672739284
1.672592115
1.672494118
1.67245719
1.672324611
1.672214318
1.672157178
1.672066741
1.671934816
1.67186044
1.67179972
1.671656209
1.671574896
1.671533138
1.67139199
1.671303107
1.671257477
1.671136504
1.671029988
1.670977776
1.670888007
1.670756966
1.670696535
1.67062959
1.670491495
1.670418264
1.670366192
1.670234846
1.670146639
1.670108108
1.669981541
1.669884232
1.669850976
1.669732492
1.669633461
1.669589981
1.669494564
1.669388453
1.669335516
1.669256759
1.66914213
1.66909313
1.669029163
1.668905193
1.668851774
1.668799747
1.668680667
1.668621757
1.668588547
1.66846632
1.668403186
1.668370397
1.668255167
1.668192034
1.668165766
1.668058687
1.667994805
1.667976718
1.667878349
1.667808695
1.667797029
1.667695495
1.667633592
1.667617973
1.66752398
1.66745407
1.667438248
1.667349827
1.667280833
1.667271185
1.667175382
1.667114973
1.667096636
1.667004207
1.666936042
1.666920508
1.666825817
1.666753718
1.666737826
1.666630129
1.666568956
1.666546713
1.666452953
1.666393402
1.666375415
1.666276184
1.666215716
1.666189157
1.666087057
1.666034231
1.665998526
1.665893821
1.665837494
1.665798213
1.665689936
1.665644377
1.665586066
1.665491338
1.665453406
1.665388584
1.665293633
1.665256143
1.665173678
1.665080887
1.665046286
1.664943598
1.664865571
1.664827576
1.664719596
1.664642937
1.664600694
1.664481909
1.664410379
1.664358158
1.664241342
1.664180893
1.664107177
1.663999923
1.663945536
1.66385353
1.663749573
1.663703511
1.663589612
1.663502243
1.663447628
1.663327455
1.663244359
1.663179683
1.66304556
1.662978955
1.662882418
1.662763649
1.662699777
1.662576489
1.662469595
1.662405859
1.662267045
1.662174751
1.662091088
1.661958955
1.661881434
1.661772581
1.661657742
1.661586341
1.661456242
1.661354477
1.661276907
1.661140861
1.661049696
1.660941389
1.660816167
1.660736583
1.660605346
1.660488728
1.660417995
1.660273728
1.660180686
1.660077085
1.659942606
1.659859379
1.659723605
1.659603079
1.659515702
1.659368931
1.659274312
1.659157331
1.659024891
1.658938639
1.658793225
1.658675869
1.658568571
1.658416887
1.658320648
1.658186278
1.658048522
1.657958511
1.657805944
1.657697137
1.657577907
1.657432244
1.657342175
1.657187443
1.657071147
1.656960065
1.656813948
1.65671969
1.656577626
1.656452207
1.656343791
1.656197617
1.656092415
1.655952216
1.655819197
1.655723667
1.655566237
1.655461436
1.655322431
1.655186685
1.655083571
1.654923695
1.654816518
1.65467405
1.654537579
1.65443191
1.654277558
1.654168727
1.654033961
1.653899585
1.653798226
1.653640493
1.653538273
1.653400041
1.653271075
1.653160061
1.653011452
1.652912169
1.652758435
1.652637013
1.652516216
1.652372495
1.652268569
1.652117317
1.651993444
1.651867464
1.651716235
1.651604058
1.651449055
1.651326073
1.65117807
1.651038214
1.650918473
1.650753718
1.650635538
1.650473319
1.650337784
1.650198305
1.65003784
1.649924967
1.649749918
1.649614828
1.649451939
1.649303346
1.649168762
1.648998971
1.648876432
1.648697409
1.648557615
1.648389852
1.648232137
1.648094064
1.647910995
1.647784618
1.647608438
1.647463184
1.647304107
1.647142621
1.647007851
1.64683051
1.646710818
1.646535506
1.64640496
1.646250177
1.646100179
1.645957652
1.645796387
1.645669267
1.645495708
1.645367345
1.645200476
1.645064969
1.644918679
1.644764653
1.644634811
1.644471161
1.644348461
1.644181751
1.64405192
1.643885296
1.643747478
1.643599574
1.643451215
1.643323445
1.64315934
1.643042388
1.64288221
1.642766585
1.642608389
1.642486672
1.642343015
1.642209365
1.642083405
1.641938649
1.641820233
1.641670322
1.641553347
1.641397667
1.641283096
1.641131425
1.641003639
1.640864307
1.640727005
1.640596005
1.640454232
1.640338535
1.640189275
1.640080645
1.639930934
1.639823173
1.639678341
1.639566087
1.639426074
1.639308605
1.639176128
1.63905581
1.638929588
1.638805805
1.638700561
1.638571776
1.63846838
1.638339729
1.638239797
1.638112929
1.638019035
1.637891872
1.637799673
1.637674769
1.637582266
1.63746841
1.63737394
1.637263716
1.637172947
1.637069679
1.636972586
1.636874458
1.636774514
1.63668954
1.636587109
1.636502638
1.636397495
1.636313647
1.636205087
1.636126067
1.636013404
1.635939262
1.635832716
1.635758956
1.635654218
1.635579856
1.635476134
1.635410895
1.63530884
1.635244286
1.635151491
1.635087505
1.634995395
1.634936934
1.63484843
1.634792405
1.634706104
1.634655721
1.634573845
1.634529404
1.634455137
1.634410597
1.634335053
1.634290116
1.634215669
1.634174983
1.634102658
1.634060981
1.633989259
1.633947799
1.633874873
1.633834772
1.633764047
1.633726714
1.63366173
1.63362598
1.63356321
1.63353112
1.633466109
1.633429984
1.63336882
1.633330735
1.633270729
1.633230677
1.633176923
1.63313639
1.633088773
1.633050763
1.63300586
1.632960991
1.632923163
1.632876456
1.63284094
1.632790699
1.632760936
1.632709456
1.632683752
1.632632051
1.632608174
1.632554995
1.632530038
1.632479635
1.632454373
1.632405597
1.632376617
1.632334847
1.632305154
1.632271808
1.632238249
1.632216583
1.632183939
1.632171619
1.632135254
1.632126
1.632092803
1.632086378
1.632057767
1.632054098
1.63203708
1.632030271
1.632023833
1.632014312
1.63201661
1.63200349
1.63201355
1.632001954
1.632015187
1.632006204
1.632020765
1.632022358
1.632030485
1.632039747
1.632044525
1.632065321
1.632068616
1.632095857
1.632100088
1.632125785
1.632136595
1.632158436
1.632180861
1.632197286
1.632229204
1.632242138
1.632281093
1.632298691
1.632334086
1.632361623
1.632392899
1.632430043
1.632454001
1.632498975
1.632523934
1.632569594
1.632605348
1.632648003
1.632697216
1.632733697
1.632789974
1.632826885
1.632881205
1.632923072
1.632970804
1.633023217
1.633064454
1.633129117
1.633174173
1.633235214
1.633289368
1.633340533
1.633406568
1.633456743
1.633526518
1.633584356
1.633650547
1.633719639
1.633775413
1.633849492
1.6339045
1.633973332
1.634039386
1.634099063
1.634174124
1.634231027
1.634304845
1.634370793
1.6344392
1.634519051
1.634581645
1.634662579
1.63473218
1.634807899
1.634892133
1.634964837
1.635051464
1.635131107
1.635213023
1.635308442
1.635384467
1.635478435
1.635566272
1.635651922
1.635752219
1.63583671
1.635933442
1.636030515
1.63611994
1.636225213
1.636316184
1.636413884
1.636519694
1.636608433
1.636712346
1.636812685
1.636909551
1.637017567
1.637112879
1.637214354
1.637318706
1.637414383
1.637521756
1.637620956
1.637720057
1.637824768
1.637916076
1.638017059
1.638119484
1.638210305
1.638313463
1.63840781
1.638499404
1.638600355
1.638687093
1.638780212
1.63887946
1.638961178
1.639055117
1.639148155
1.639228332
1.639322247
1.639411267
1.639493971
1.639588216
1.639669455
1.639750033
1.639839321
1.639915351
1.639998179
1.640082712
1.64015553
1.640237909
1.640320888
1.640392662
1.640474852
1.640551919
1.640621399
1.640704319
1.640780331
1.640850924
1.640932867
1.641012701
1.641084647
1.641169653
1.641249775
1.641325167
1.641414587
1.64149521
1.641570464
1.641656756
1.641734985
1.641808246
1.641891715
1.641970449
1.64204586
1.642128939
1.642205598
1.642275742
1.642355373
1.642430947
1.642500616
1.642580343
1.642655406
1.642722074
1.642799957
1.642873904
1.642938337
1.643012769
1.643088426
1.643156769
1.643231917
1.643311381
1.643383534
1.643458576
1.643540911
1.643618702
1.643690287
1.643772349
1.643850182
1.643921714
1.644000845
1.644083143
1.644156367
1.644235233
1.644319118
1.644399921
1.644477215
1.644561772
1.64464612
1.644724518
1.644814466
1.644903788
1.64498895
1.64507662
1.645170386
1.645258606
1.645345509
1.645440347
1.645536839
1.645627509
1.6457222
1.645821927
1.645918624
1.646011811
1.646113699
1.646220162
1.646317475
1.646416519
1.646522815
1.646624624
1.646724263
1.646828113
1.646938956
1.647042467
1.647147583
1.647258391
1.647370679
1.647474973
1.647583747
1.647697675
1.647811408
1.647920003
1.648034662
1.648154613
1.648278584
1.648394913
1.648517088
1.648644884
1.648774192
1.648896419
1.649029574
1.649164356
1.649301533
1.649431401
1.649572216
1.64971899
1.649861816
1.65000816
1.650161246
1.650318961
1.650476803
1.65063205
1.650792793
1.650958311
1.651124531
1.651287662
1.651460899
1.651635385
1.65181062
1.651987947
1.652161899
1.652345938
1.652526563
1.652709169
1.652886143
1.653073463
1.653262994
1.653452453
1.653639609
1.65382902
1.654018071
1.654216868
1.654407518
1.654597425
1.654791805
1.654988353
1.655184556
1.655384099
1.655580527
1.655780059
1.655985559
1.656184767
1.656387085
1.656591624
1.656794586
1.657003302
1.65721068
1.657416108
1.657623441
1.657832274
1.658041506
1.658248513
1.658453905
1.658661128
1.658871129
1.659080557
1.65929466
1.659502907
1.659720066
1.659934816
1.660156418
1.660371444
1.660590966
1.660810067
1.661026641
1.661250871
1.661473647
1.661693352
1.661912229
1.662134283
1.66236042
1.662587578
1.662814436
1.663039296
1.663270989
1.663498987
1.663729656
1.663967052
1.664197861
1.664434593
1.664671442
1.66490523
1.665147173
1.66538973
1.66563217
1.665873667
1.666111128
1.666357838
1.666611433
1.666860211
1.6671108
1.667360486
1.667609324
1.667867485
1.668122336
1.668385558
1.668642898
1.668905711
1.669162189
1.669425274
1.669689477
1.669947332
1.67021196
1.670475648
1.670738821
1.671001298
1.671264065
1.671527141
1.671790192
1.672059973
1.672323492
1.67258736
1.672858907
1.673124134
1.673396612
1.673663279
1.673936632
1.674210062
1.674483373
1.674748997
1.675019031
1.675286798
1.675554468
1.67582229
1.676091003
1.676361072
1.676637514
1.676905925
1.677173431
1.677445325
1.677708855
1.677976524
1.678237091
1.678503174
1.678768778
1.679028073
1.67929308
1.679556686
1.679818527
1.680079829
1.680340854
1.680601699
1.680862902
1.681131332
1.681394138
1.681656794
1.681925758
1.682191133
1.682463302
1.682728492
1.682998404
1.683267593
1.6835297
1.683796996
1.684064225
1.684331353
1.684598515
1.684865143
1.68513112
1.68540375
1.685671153
1.685938405
1.686210995
1.686477591
1.686742427
1.687011487
1.687280643
1.687542597
1.687809704
1.688076715
1.68834305
1.688609082
1.688875655
1.689143632
1.689410823
1.689676965
1.689942815
1.690214938
1.690481076
1.690752791
1.691019514
1.691292847
1.691561149
1.691837097
1.692112842
1.692389979
1.692661825
1.692940766
1.693219632
1.693504865
1.693783181
1.694061628
1.694340034
1.694618776
1.694905458
1.69518653
1.695475697
1.695759936
1.696050569
1.696342892
1.696638152
1.696934338
1.697225322
1.697522744
1.697821236
1.69812693
1.698424918
1.698723234
1.699023133
1.699330352
1.699631252
1.699939579
1.700242731
1.700554096
1.700866905
1.701174305
1.701489338
1.701805572
1.702123771
1.702443652
1.702765005
1.703086806
1.703415215
1.703735942
1.704057272
1.704385655
1.704706681
1.70503347
1.7053539
1.705682324
1.706012535
1.70634263
1.706672832
1.707004548
1.70733611
1.707666574
1.707997089
1.70832808
1.708667034
1.709000322
1.709334219
1.709675849
1.710016456
1.710350102
1.710690906
1.711031453
1.711371834
1.711712301
1.7120539
1.712396207
1.712738641
1.713081023
1.713423655
1.713774143
1.714117672
1.714468294
1.714811972
1.715161494
1.715504177
1.715853361
1.716200509
1.716546804
1.716892531
1.717238692
1.717584719
1.717930471
1.718283793
1.718630242
1.71897608
1.719328098
1.719673315
1.72002605
1.720379346
1.720731603
1.721077511
1.721429825
1.721780644
1.722131002
1.722487374
1.722837201
1.723187065
1.723537992
1.723895702
1.724246863
1.724605352
1.724958437
1.725319749
1.725683033
1.726047886
1.726413261
1.726780269
1.727148648
1.727517877
1.727887029
1.728262675
1.728631958
1.729002277
1.729380111
1.729751399
1.730129121
1.730507775
1.730887222
1.731266935
1.731647519
1.732028307
1.732407982
1.732787358
1.733166912
1.733553573
1.733933635
1.734321343
1.734702136
1.735090485
1.735473219
1.735864518
1.736257283
1.736650986
1.737045508
1.737441357
1.737837392
1.738240664
1.738637364
1.739033492
1.739436237
1.739832131
1.740234765
1.740638037
1.74104246
1.741439449
1.741844699
1.74224975
1.742661398
1.743066249
1.743472467
1.743880298
1.744295514
1.744702275
1.74511562
1.74552926
1.74593683
1.746352609
1.746767006
1.747178755
1.747591331
1.74800371
1.748416809
1.748837169
1.749249559
1.749662603
1.750083727
1.750505254
1.750919054
1.751340306
1.751762796
1.752185755
1.752609361
1.75303173
1.753454479
1.75387756
1.754308521
1.754732587
1.755165663
1.755593381
1.756029373
1.756458211
1.756894936
1.757333232
1.757772043
1.758211419
1.758650799
1.759098611
1.759538574
1.759978767
1.760427742
1.760871353
1.761324688
1.761780352
1.762228883
1.76268691
1.763146177
1.763605603
1.764073186
1.764533772
1.764994833
1.765456594
1.765927471
1.766392098
1.766865611
1.767340115
1.767816925
1.768286108
1.768762422
1.769248544
1.769729142
1.77021077
1.770691708
1.771181327
1.771663712
1.772153683
1.772636681
1.773129242
1.773621964
1.774114514
1.774608939
1.775105067
1.775601984
1.776100243
1.776607728
1.777106608
1.777614785
1.778115614
1.778623953
1.779133605
1.779643216
1.780144689
1.780662914
1.781173028
1.781682919
1.782194232
1.782714959
1.783227688
1.7837491
1.784263652
1.784784916
1.785305906
1.785829074
1.786352617
1.786878219
1.78740502
1.787931702
1.788468423
1.788998507
1.789537223
1.790069209
1.790609799
1.791152146
1.791696278
1.792240112
1.792784175
1.793329227
1.793873333
1.79442701
1.794973491
1.795527778
1.796075044
1.796630228
1.797185657
1.797742205
1.798299084
1.798856218
1.799412108
1.799968147
1.800524157
1.801088326
1.801645103
1.802209097
1.802772959
1.803336014
1.803889169
1.804450329
1.80501814
1.805578308
1.806138823
1.806698661
1.80726644
1.807823731
1.80838915
1.808952401
1.809514353
1.810075974
1.810636839
1.811198203
1.81175803
1.812317673
1.812883814
1.813441354
1.814007314
1.814573422
1.815132215
1.815699054
1.816266054
1.816831434
1.817398165
1.817973014
1.818541038
1.81911749
1.819685527
1.820261738
1.820838126
1.821406995
1.821984306
1.822562179
1.82314755
1.823723845
1.824297845
1.824880667
1.825454252
1.826035989
1.826609218
1.827192564
1.827775362
1.828358497
1.828940062
1.829521681
1.830110137
1.830690238
1.831278038
1.831859485
1.832449222
1.833039187
1.833629042
1.834220286
1.834810035
1.835399517
1.835987117
1.836582452
1.837166663
1.837757578
1.838348351
1.838938599
1.839520166
1.840108935
1.840704779
1.841291665
1.841878193
1.842469981
1.843053113
1.84364207
1.844222907
1.844811381
1.84540035
1.845989564
1.846578747
1.847175828
1.847763755
1.848352445
1.848948474
1.849543774
1.8501307
1.850726382
1.851323098
1.851919089
1.852515564
1.853119059
1.853712715
1.854313847
1.854906238
1.855507911
1.856110668
1.856714099
1.857316977
1.857920098
1.858523214
1.859125911
1.859737367
1.860341754
1.860952559
1.861563691
1.862166319
1.862778018
1.863398604
1.864010987
1.864624059
1.865238989
1.865862272
1.866487231
1.867105637
1.867731996
1.868358694
1.868985108
1.869611726
1.870238703
1.870873187
1.871500157
1.872135204
1.872770815
1.873400505
1.874038758
1.874677051
1.875315592
1.875963117
1.876601669
1.877240009
1.877887216
1.87853454
1.879182015
1.879821269
1.880469545
1.88112829
1.881779351
1.882428588
1.883085939
1.883736081
1.88439388
1.88505208
1.885709278
1.886365374
1.887019811
1.887674463
1.888329184
1.88899223
1.889647958
1.890313792
1.89098007
1.891644843
1.892308798
1.892971753
1.893634577
1.894304652
1.894967961
1.895640628
1.896305671
1.896978519
1.897649934
1.898320376
1.898989266
1.899665509
1.900333587
1.901011059
1.901680988
1.902359833
1.903040145
1.903720801
1.90440193
1.90508242
1.905770495
1.906450526
1.907139776
1.90782156
1.90851113
1.909200059
1.909889706
1.910579495
1.91127853
1.911969318
1.912667509
1.913357617
1.914057025
1.914756646
1.915456338
1.916156386
1.916856395
1.917554822
1.918260821
1.918966796
1.919665136
1.920372266
1.921078819
1.921784109
1.922489184
1.923201693
1.923906193
1.924618983
1.92532368
1.926036183
1.926748667
1.9274606
1.928172991
1.92889343
1.929604819
1.93032212
1.931030983
1.931748127
1.932464302
1.933180731
1.933897663
1.934613499
1.935337193
1.936053496
1.936777175
1.937500627
1.938223576
1.938945381
1.939665608
1.940385515
1.941105824
1.941833313
1.942559823
1.943278518
1.944004848
1.944731002
1.945456267
1.946188302
1.946911582
1.947640776
1.948360552
1.949088268
1.949815368
1.950541579
1.951266449
1.951989381
1.952718268
1.953438236
1.9541637
1.954886836
1.955607679
1.956326383
1.957041951
1.957756773
1.958478066
1.959197055
1.959905834
1.960620473
1.961332533
1.962042118
1.962749584
1.963463843
1.964167295
1.964874684
1.965578595
1.966279559
1.966977785
1.967673648
1.96836702
1.969058666
1.969754847
1.97044837
1.97113277
1.971821102
1.972505701
1.973194443
1.973873162
1.974556671
1.975232574
1.975912984
1.976590826
1.977267293
1.977943807
1.97861854
1.979297861
1.979967614
1.980642279
1.981313897
1.981982557
1.982648812
1.983312815
1.983974397
1.984638252
1.985297995
1.985947155
1.986600081
1.987248795
1.987900559
1.988542239
1.989180776
1.989822245
1.990460084
1.991094933
1.991727164
1.99235634
1.992983599
1.993613742
1.994234806
1.994860304
1.995483841
1.996104732
1.996722404
1.997338101
1.99795675
1.998565628
1.999177347
1.999785849
2.000390541
2.00099163
2.001588886
2.002183359
2.002779883
2.003372811
2.003962229
2.004543646
2.005132718
2.005713946
2.006292106
2.00687413
2.007453708
2.008024288
2.008596763
2.009165448
2.009736027
2.01029734
2.010859831
2.011413135
2.011968398
2.012519863
2.013067832
2.013616905
2.014156243
2.014696521
2.015226956
2.015758759
2.016286903
2.016816816
2.017339529
2.01785917
2.018380274
2.018897727
2.01941116
2.019922483
2.020430682
2.020935673
2.021442335
2.021940501
2.022440018
2.022935648
2.023426982
2.023914591
2.024403483
2.024883897
2.025364774
2.025842642
2.026317101
2.026788255
2.027256054
2.027725258
2.028186503
2.028646577
2.029102817
2.029555999
2.03000673
2.03045913
2.030904723
2.031351363
2.031795547
2.032238047
2.03267829
2.033116152
2.033554456
2.033985234
2.034417789
2.03484753
2.035275537
2.035700599
2.036126076
2.036543002
2.036958388
2.037370328
2.037778601
2.038184921
2.038588827
2.038993415
2.039392378
2.03979358
2.040194318
2.04059249
2.040988526
2.041385786
2.041778301
2.042172635
2.042564765
2.042953337
2.043339088
2.043725399
2.044106156
2.044488079
2.044866314
2.045239414
2.045608446
2.045973565
2.046338174
2.046698004
2.0470522
2.047404676
2.047755624
2.04809854
2.048437281
2.048776041
2.049112087
2.04944481
2.049774504
2.050100931
2.050427451
2.050748126
2.051067992
2.051384819
2.051697601
2.052006155
2.052313356
2.052614186
2.052913698
2.053209849
2.053503145
2.053795171
2.054082913
2.05437157
2.054655743
2.054940765
2.055224643
2.055507859
2.055785735
2.056064046
2.056341336
2.05661574
2.056886503
2.057155552
2.057423166
2.057692263
2.057958425
2.058221109
2.058482126
2.058741625
2.059001151
2.059255745
2.05951012
2.059761676
2.060009
2.060256396
2.060498871
2.060739322
2.060976167
2.061208123
2.06143632
2.061663135
2.061884312
2.062107267
2.062329749
2.062550199
2.062768978
2.06298792
2.063202586
2.063416496
2.063627067
2.063834254
2.064039811
2.064245
2.064446703
2.064647286
2.064845882
2.065043365
2.06523653
2.065426278
2.065614254
2.065799621
2.06598166
2.066160313
2.066338614
2.066514599
2.066686598
2.066857298
2.067027761
2.067193964
2.067358321
2.067521221
2.067682481
2.067841678
2.067999595
2.068158138
2.068315041
2.068472026
2.068629753
2.068788219
2.068946164
2.069101278
2.069257434
2.069411744
2.069564725
2.069716999
2.069869255
2.070021978
2.070175129
2.070327599
2.070478997
2.070629316
2.070776478
2.070922599
2.071068304
2.071213838
2.071360196
2.071506769
2.071654794
2.071801642
2.071948963
2.072095808
2.072240995
2.072387661
2.072533704
2.072678853
2.072822499
2.072965586
2.073109576
2.073253266
2.073397805
2.073541047
2.073682393
2.073823055
2.073961991
2.074100287
2.074236793
2.074372971
2.074509355
2.074643842
2.074777894
2.074910792
2.075043254
2.075173538
2.075303586
2.075431193
2.075556708
2.075681539
2.075805899
2.075928799
2.07604939
2.076168415
2.076285075
2.076399826
2.076511537
2.076621131
2.076728657
2.076833138
2.076936902
2.077038743
2.077139092
2.077237327
2.077334774
2.077428579
2.077521507
2.077611991
2.077702905
2.077794367
2.077883366
2.077970912
2.078056283
2.078139263
2.078221126
2.078301303
2.078380776
2.078459586
2.078537985
2.078615203
2.078691752
2.078766653
2.078840523
2.07891251
2.078983695
2.079052737
2.079120676
2.079187527
2.079253451
2.079319631
2.079386335
2.079452544
2.079519212
2.079585487
2.079650364
2.079715015
2.079780862
2.079846368
2.079911327
2.079977151
2.080041732
2.080106725
2.080172155
2.080237545
2.080301582
2.080366353
2.080430962
2.080495879
2.080560739
2.080625382
2.080689697
2.080753601
2.080817098
2.080880123
2.080941837
2.081003721
2.081065776
2.081127765
2.081189864
2.081251376
2.081313525
2.081375794
2.081438845
2.081501626
2.081564952
2.081628622
2.08169336
2.081757849
2.081822681
2.081887488
2.081952169
2.082017157
2.082081942
2.082146603
2.082211475
2.082275929
2.082339697
2.082403682
2.082466518
2.082529232
2.082592114
2.082654606
2.082718767
2.082784088
2.082849964
2.082916462
2.082983808
2.083052455
2.083121943
2.083191727
2.083261597
2.083330645
2.083399026
2.083467447
2.083536009
2.08360444
2.083673704
2.083743632
2.08381451
2.083885405
2.083957155
2.084028539
2.084099453
2.084170019
2.084239599
2.084309719
2.08437915
2.084448899
2.084517821
2.084587107
2.084656047
2.084724573
2.084791275
2.084857722
2.084923407
2.084988012
2.085052772
2.085117408
2.085182481
2.085247036
2.085311065
2.085374622
2.085437861
2.08550047
2.085563165
2.085625899
2.085690095
2.085755115
2.085820724
2.08588703
2.085954122
2.086021782
2.086089924
2.08615953
2.086229969
2.086300631
2.086371118
2.086442246
2.086513417
2.086585277
2.086657709
2.086730847
2.086804773
2.086878496
2.086953682
2.087029201
2.087105313
2.087181112
2.087257887
2.087334887
2.087412377
2.087490309
2.087568875
2.087648158
2.087727239
2.087807258
2.087887289
2.087967234
2.088048096
2.088129605
2.088211296
2.08829341
2.088376732
2.08846077
2.088545365
2.088630767
2.088718188
2.088805694
2.088894948
2.088985538
2.089076212
2.089168202
2.089261134
2.08935451
2.089449683
2.089545867
2.089644082
2.089743418
2.089844085
2.089945994
2.09004886
2.090153657
2.090260451
2.090368217
2.090476671
2.090586394
2.090698404
2.090811778
2.090926043
2.09104201
2.091159337
2.091276915
2.091395198
2.091514657
2.091636153
2.091759335
2.091883607
2.092009916
2.092137197
2.09226685
2.09239817
2.092530275
2.092663419
2.092798231
2.092934184
2.093071737
2.093210694
2.093350845
2.093492399
2.093636296
2.093781856
2.093929546
2.094079853
2.09423135
2.094384489
2.094539058
2.094696872
2.094856271
2.095017233
2.095179012
2.095341932
2.095505522
2.095669699
2.095835667
2.096004708
2.096175064
2.096347148
2.096521628
2.096698584
2.096878416
2.097062369
2.097248337
2.097437423
2.097629367
2.097825706
2.098023519
2.098225681
2.098431622
2.098643179
2.098857911
2.099075585
2.09929614
2.099520652
2.099748299
2.099978001
2.10020926
2.100444424
2.100682537
2.100923851
2.101169042
2.101418338
2.1016719
2.101928679
2.10219014
2.102455277
2.102723087
2.102995903
2.103271813
2.103551524
2.103835819
2.104124891
2.104417443
2.104712728
2.105011948
2.105312289
2.105617142
2.105922931
2.106233135
2.106545793
2.106861193
2.107179145
2.107501261
2.107826584
2.108157123
2.108490956
2.108827294
2.109166231
2.109509699
2.109853898
2.110202363
2.110550495
2.110901932
2.111255178
2.111609904
2.111966975
2.112326107
2.112687809
2.113053094
2.113418163
2.113787389
2.11415718
2.114531292
2.114907953
2.115287216
2.115670269
2.116055436
2.116443441
2.116834238
2.117228324
2.117625134
2.118024909
2.118425656
2.118830753
2.119239015
2.119646885
2.120058021
2.120469707
2.120883021
2.121297242
2.121713091
2.122130133
2.122549462
2.122969441
2.123391645
2.123812438
2.124237208
2.124664822
2.125092717
2.12552406
2.125957195
2.126392331
2.12682934
2.127266894
2.127706606
2.128151799
2.128599405
2.129051892
2.129506206
2.129966956
2.130433333
2.130901005
2.131373999
2.131851464
2.132329511
2.132811824
2.133296538
2.133785342
2.134276291
2.13476798
2.135260827
2.135756995
2.136253605
2.136754991
2.137259563
2.137765886
2.138272643
2.138785333
2.139301883
2.139820126
2.140342213
2.140866625
2.14139358
2.14192362
2.142457181
2.142992856
2.143534937
2.144079937
2.144627426
2.145179821
2.145733297
2.14628941
2.146851645
2.147415164
2.147980242
2.148548752
2.149124535
2.149705756
2.15028796
2.150877426
2.151471407
2.152073251
2.152678804
2.153287556
2.153900898
2.154511892
2.155128694
2.155742475
2.156359638
2.15697744
2.157600423
2.15822463
2.158849587
2.159479556
2.160113287
2.160752225
2.161395537
2.162041217
2.162689121
2.16334371
2.16399734
2.164657712
2.165316018
2.165978987
2.166648171
2.167316049
2.167988952
2.168666578
2.169343713
2.170022066
2.170702748
2.171388868
2.172074632
2.172760756
2.173452167
2.174146739
2.174845308
2.175546498
2.176250806
2.176957627
2.177671688
2.178387592
2.179109108
2.179834715
2.180564644
2.181299967
2.182037533
2.182778799
2.183527418
2.184277952
2.185032831
2.185797923
2.186568306
2.187344524
2.188122945
2.188904194
2.189690126
2.190484001
2.191286827
2.192092722
2.192908553
2.193731162
2.19455578
2.195386967
2.196222665
2.19706063
2.197902138
2.198747579
2.199598487
2.200450997
2.201308101
2.20216754
2.203029144
2.203897698
2.204768702
2.205643462
2.206520126
2.207399229
2.208279135
2.209164709
2.210056898
2.210948885
2.211845585
2.21274786
2.213648709
2.214556394
2.215463375
2.216377953
2.217294206
2.218215647
2.219140105
2.220069722
2.220998578
2.221933497
2.22287699
2.223826524
2.224779763
2.225741655
2.226706943
2.227675754
2.228651872
2.229632213
2.230620443
2.231609336
2.232601155
2.233601315
2.234606893
2.235618382
2.236631348
2.237646786
2.238665992
2.239686676
2.24071085
2.241742544
2.24278003
2.243826269
2.244878222
2.245936074
2.247004553
2.248078466
2.249157358
2.250243161
2.251335346
2.25242842
2.253532571
2.254636218
2.255748246
2.256863681
2.257985591
2.259107445
2.260234669
2.26135747
2.262486009
2.263613662
2.264753651
2.265891912
2.267038009
2.268184113
2.269335099
2.270487547
2.271641038
2.272800899
2.273965664
2.275126451
2.276291391
2.27745992
2.278629704
2.279799322
2.280971778
2.282143768
2.283322007
2.284503541
2.285684215
2.286869345
2.288055537
2.289244695
2.290437596
2.291632157
2.292830414
2.294027269
2.295227924
2.29642965
2.297634015
2.29884458
2.300060139
2.301272507
2.302486848
2.303706348
2.304923936
2.306140837
2.307359821
2.308578316
2.309797708
2.311012528
2.312230657
2.313446384
2.314659755
2.315874138
2.317084641
2.318295868
2.319502546
2.320704109
2.321907759
2.323110219
2.324312411
2.325509529
2.32670585
2.327895997
2.32908236
2.330260411
2.331431494
2.332596076
2.333751644
2.334899679
2.336051249
2.337196672
2.338340648
2.339478593
2.340614693
2.341745316
2.342873768
2.343996373
2.34511485
2.346227181
2.347333917
2.348436226
2.349536093
2.350627502
2.35172031
2.352802989
2.353879535
2.354952585
2.356023241
2.357090091
2.35815409
2.359214273
2.360272479
2.361328052
2.362379171
2.363420037
2.364457757
2.365493839
2.366527173
2.367562543
2.368598263
2.369627552
2.370660647
2.371687404
2.372716091
2.373737288
2.374752964
2.375762656
2.376763278
2.377756426
2.378749208
2.37974128
2.380725952
2.381706697
2.382687416
2.383665139
2.384643418
2.38561693
2.386586207
2.387555405
2.3885202
2.38947678
2.390429165
2.391382222
2.392333315
2.393278675
2.394218906
2.395157115
2.396088173
2.397016024
2.397938252
2.398859974
2.39977475
2.400682829
2.401580441
2.402470153
2.403360575
2.404243164
2.405122445
2.405999546
2.40686598
2.407726054
2.408580684
2.40942927
2.410275266
2.41111606
2.411949094
2.412774828
2.413597024
2.414410731
2.415218669
2.416018581
2.416815786
2.417609213
2.418399082
2.419184095
2.419965871
2.420744329
2.421521361
2.422295095
2.423069598
2.423839706
2.424608775
2.425374725
2.426135235
2.426891622
2.427645116
2.428393372
2.429141369
2.42988557
2.430625291
2.431362098
2.432095086
2.432830159
2.433559914
2.434289642
2.435020807
2.435751448
2.436482061
2.437208235
2.437931491
2.438651436
2.439366596
2.440083976
2.440796469
2.441508401
2.442217614
2.442921885
2.44362081
2.44431269
2.445001649
2.445683694
2.446363534
2.447036129
2.447703272
2.448365567
2.449025483
2.449684981
2.450342563
2.450995669
2.451650269
2.452301884
2.452950771
2.45360045
2.454249222
2.454895857
2.455540465
2.456182161
2.456820272
2.457460606
2.458099843
2.458737706
2.459374204
2.460003699
2.460633289
2.461258535
2.461883275
2.462504637
2.463126027
2.463748411
2.464368444
2.464988899
2.465609455
2.466225685
2.466840061
2.467452952
2.46806061
2.468668806
2.469275194
2.469877819
2.470470713
2.471060039
2.471644126
2.472223825
2.472796708
2.473368079
2.473934499
2.474494127
2.475050373
2.475601054
2.476148884
2.476690515
2.477229978
2.477760407
2.478279755
2.478787517
2.479287621
2.479778983
2.480260912
2.480735201
2.481201652
2.481664069
2.482122876
2.4825773
2.483025707
2.483467128
2.483906038
2.484334428
2.484754225
2.485165282
2.485571623
2.48596759
2.486359443
2.486743545
2.487115518
2.487477803
2.487828566
2.488172158
2.48850645
2.488833715
2.489150168
2.489457138
2.489757995
2.490054044
2.490340857
2.490615688
2.490879889
2.491136002
2.491388501
2.491629962
2.491857931
2.4920744
2.49228105
2.492473783
2.492655345
2.492830215
2.492998605
2.493157056
2.493308514
2.49345038
2.493583081
2.493708924
2.493828095
2.493935613
2.494031419
2.494121319
2.494208985
2.494288895
2.494359428
2.49442143
2.494472915
2.494514724
2.49454748
2.494569292
2.49458388
2.494592147
2.494593987
2.494592473
2.494588975
2.494580346
2.494567809
2.494546875
2.494521621
2.494492432
2.494455714
2.494412133
2.494362145
2.494309345
2.494249279
2.494183582
2.494111438
2.494035421
2.493941846
2.493832142
2.493710433
2.493580422
2.493442667
2.49329816
2.493151182
2.493001669
2.492845424
2.49268642
2.492520356
2.492349161
2.492170494
2.491978815
2.491775835
2.491560194
2.491337808
2.491102639
2.49085754
2.490609043
2.490350702
2.49007581
2.489784952
2.48948194
2.489170166
2.488850851
2.488527594
2.488197991
2.487855841
2.487502294
2.487145617
2.486780508
2.486406874
2.486024291
2.485638055
2.485245912
2.484847219
2.484442166
2.484028722
2.483612273
2.483184716
2.482745086
2.482304741
2.481860634
2.481417239
2.480967238
2.480512696
2.480051766
2.479584129
2.479107626
2.478611836
2.478105918
2.477590976
2.477072824
2.476549978
2.476022526
2.47548881
2.474947709
2.474402155
2.473849062
2.473291196
2.47273276
2.472166282
2.471597508
2.471022023
2.470437741
2.469849552
2.469255875
2.468659873
2.468060456
2.467462029
2.466859789
2.466250363
2.465632618
2.464998759
2.464359797
2.463716849
2.463064748
2.462403786
2.461736502
2.461062837
2.460380168
2.459687175
2.458987567
2.45828028
2.457558302
2.456826302
2.456092131
2.455351817
2.454596941
2.453832546
2.453056691
2.452267766
2.451479119
2.450688398
2.449894374
2.449104203
2.448310917
2.447512996
2.446700484
2.445878857
2.445054853
2.444223531
2.443391562
2.442555527
2.441713603
2.440866942
2.440014495
2.439155075
2.438285809
2.437411697
2.436526958
2.435629589
2.43472428
2.433804929
2.43287147
2.431932827
2.430985864
2.4300316
2.429075832
2.428117937
2.427154677
2.426186102
2.425214437
2.42424003
2.423263236
2.422297667
2.421341273
2.420385672
2.419436332
2.418482098
2.417523746
2.416566206
2.415604214
2.414642966
2.413679621
2.412710987
2.411740771
2.410772016
2.409797076
2.408823558
2.407849092
2.406871593
2.405884175
2.40489283
2.403893467
2.402878551
2.401849695
2.400809467
2.399764317
2.398710241
2.397639124
2.39655495
2.395460999
2.39436103
2.393259623
2.392166062
2.391076562
2.389988037
2.388895552
2.387788452
2.38667496
2.385559653
2.384442572
2.383322702
2.382196978
2.381070537
2.379937823
2.378794898
2.377645705
2.376483059
2.37530137
2.374110507
2.372915468
2.371719066
2.370519083
2.369315483
2.368104975
2.366896582
2.365693227
2.364486423
2.363272874
2.362054182
2.360835514
2.359616613
2.358392456
2.357168101
2.355950184
2.35472874
2.353506039
2.352279722
2.351054046
2.349829409
2.348597336
2.347370518
2.346147714
2.344923283
2.343703312
2.342475948
2.341247796
2.340017874
2.338800868
2.337593143
2.336397925
2.335203281
2.334001385
2.332800117
2.331591634
2.33038461
2.329181182
2.327972802
2.326765777
2.325563117
2.324353997
2.32313999
2.321922124
2.320693138
2.319456378
2.318222914
2.317001544
2.315783291
2.314560671
2.313336291
2.312109437
2.310883309
2.309652391
2.308432089
2.307216452
2.305998864
2.304786598
2.303571454
2.302358209
2.301152008
2.299957772
2.298784331
2.297626152
2.296477477
2.295344649
2.294225038
2.29312212
2.292031742
2.290946935
2.289876033
2.28881679
2.287762818
2.286723446
2.285699679
2.284692586
2.283695758
2.282710277
2.281741203
2.280781285
2.279829035
2.278891538
2.277972527
2.277069708
2.276188955
2.27532536
2.274480012
2.273653334
2.272844029
2.272045163
2.271256489
2.27048116
2.269724062
2.268981091
2.268252626
2.267538139
2.266841137
2.266164062
2.265503758
2.264856913
2.264228931
2.263620006
2.263029591
2.262454452
2.261891207
2.261341983
2.260793574
2.260249822
2.259714095
2.259193197
2.258693425
2.258205977
2.257733964
2.257284234
2.256851955
2.256436914
2.256033221
2.255637361
2.255246722
2.254874249
2.254519599
2.25417573
2.253838743
2.253509879
2.253185737
2.252867493
2.252553862
2.252247101
2.25195167
2.251671483
2.251401517
2.251146464
2.250897903
2.250662549
2.250437617
2.250223627
2.250020834
2.249824485
2.249641931
2.249469899
2.249306489
2.249154396
2.249019055
2.24889782
2.248791462
2.248701297
2.248630762
2.248577372
2.248545069
2.248527745
2.248523352
2.248533079
2.248557426
2.248589875
2.248629768
2.248685369
2.248762703
2.248856032
2.248960901
2.249079927
2.249217162
2.249366878
2.249534019
2.249722278
2.249924665
2.250144782
2.250378471
2.250625848
2.250886495
2.251161801
2.251446152
2.251738089
2.252041135
2.252361772
2.2526938
2.253047209
2.253426119
2.25382514
2.254241012
2.254664108
2.25509661
2.255540689
2.255995792
2.256457065
2.256929766
2.257412569
2.257910081
2.258418831
2.258932211
2.259444715
2.25995695
2.260464885
2.260976669
2.261492574
2.262018172
2.262551923
2.263099639
2.263660016
2.264230826
2.264814428
2.265408778
2.266014815
2.266625986
2.267254765
2.267897828
2.268545941
2.269193387
2.269850811
2.270511379
2.27117447
2.271840421
2.272511998
2.273195105
2.273892985
2.274599871
2.275306747
2.276015562
2.276728143
2.277448174
2.278168728
2.278884331
2.279595575
2.280305818
2.281024518
2.281746764
2.282477813
2.283213768
2.283956503
2.284705048
2.285459781
2.28622857
2.287020686
2.287826374
2.288643008
2.289470766
2.290304607
2.291155562
2.292025324
2.292906661
2.293804291
2.294714637
2.295635674
2.296571468
2.297523525
2.29849464
2.299476879
2.300464517
2.301464195
2.302472355
2.303489233
2.304514971
2.305551812
2.30659742
2.30765458
2.308729327
2.309811465
2.310902893
2.311998311
2.31310076
2.314212921
2.315338074
2.316473463
2.317617715
2.318770722
2.319929243
2.32109423
2.322261259
2.323431539
2.324614774
2.325825899
2.327058249
2.328302339
2.329562308
2.330839421
2.332129136
2.333427631
2.334740314
2.336066974
2.337402851
2.338742463
2.340094038
2.341464614
2.342852752
2.344259033
2.345669602
2.347092876
2.348528413
2.349972389
2.351423705
2.352881556
2.35434439
2.355809904
2.35729039
2.358785163
2.360285432
2.36179324
2.363302399
2.364815623
2.366333904
2.367859422
2.369389611
2.370929804
2.37247332
2.374019701
2.375562188
2.37710338
2.378644949
2.380188218
2.38173977
2.38329455
2.384849283
2.386402753
2.387953465
2.389494509
2.391017506
2.392527476
2.394026125
2.395515344
2.397005376
2.398488808
2.399962057
2.401425133
2.402876578
2.404317132
2.405756093
2.407193827
2.408625676
2.410060273
2.411505935
2.412954656
2.414400163
2.415843855
2.417279314
2.418710817
2.420157368
2.421604955
2.423051829
2.424492191
2.425939251
2.427388307
2.428835562
2.43028472
2.431736839
2.433192688
2.434642444
2.436088509
2.437516842
2.438924932
2.44031487
2.441695292
2.443072317
2.444437297
2.445791512
2.447132583
2.448468947
2.449793811
2.451108986
2.452416632
2.453718756
2.455011244
2.456276812
2.457522976
2.458759353
2.459983317
2.461192911
2.462386828
2.463558031
2.464707225
2.465831085
2.466940687
2.468026377
2.469092077
2.470138355
2.471162221
2.472159701
2.473136661
2.47410103
2.475041519
2.475967413
2.476881142
2.477771046
2.4786377
2.479487579
2.480318349
2.48113787
2.4819595
2.482777955
2.48360337
2.484430736
2.485263004
2.486103353
2.48695024
2.487795261
2.488637437
2.489464556
2.49027333
2.49106305
2.491831277
2.49257847
2.493312643
2.494044803
2.494769996
2.495485561
2.496185231
2.496870378
2.497545988
2.498218182
2.498879919
2.49954085
2.500204293
2.500871501
2.501536829
2.502192204
2.50284874
2.50351355
2.504166779
2.504803345
2.505429951
2.506036805
2.506632545
2.507219073
2.50779557
2.508377038
2.508959798
2.509554769
2.510160132
2.510781015
2.511404233
2.512034318
2.512665541
2.513292654
2.513903426
2.514504408
2.515103456
2.51569316
2.516279404
2.51686697
2.51745925
2.518058144
2.518667758
2.519288795
2.519923671
2.520565021
2.52120302
2.521833703
2.522447722
2.523030836
2.523593114
2.524139474
2.524676988
2.52519436
2.525683717
2.526151412
2.526592512
2.52698751
2.52735273
2.52768618
2.527985568
2.528246709
2.528478225
2.528700064
2.528901598
2.529096994
2.529268068
2.529422827
2.529558392
2.529664017
2.529749332
2.529805389
2.529838974
2.529859873
2.529857669
2.529846354
2.529814022
2.529759485
2.52968237
2.529575365
2.529430223
2.529261349
2.529074001
2.528866758
2.528624319
2.528356006
2.528052749
2.527713604
2.527346744
2.526942239
2.526498754
2.526030146
2.525544421
2.525047675
2.524528204
2.523981475
2.523412401
2.522836428
2.522274331
2.521715571
2.521146378
2.52055249
2.519940208
2.519307452
2.518657667
2.518015967
2.517379214
2.516771809
2.516179527
2.515577964
2.514960993
2.514339
2.513715354
2.51308551
2.512432606
2.511761369
2.511084458
2.510392315
2.509695608
2.508985426
2.508251707
2.507511613
2.506766965
2.506017499
2.505268747
2.504514761
2.503755714
2.502991664
2.502225282
2.501462273
2.500700691
2.499920988
2.499120978
2.498309685
2.497461823
2.496599813
2.495744179
2.494874466
2.494017292
2.493189411
2.492384153
2.491577312
2.49077461
2.48996655
2.489163159
2.488362084
2.487546384
2.486737086
2.485939551
2.485122002
2.484265469
2.483384925
2.482512822
2.481643489
2.480772244
2.479892027
2.478994196
2.478067244
2.47712689
2.476185789
2.475222853
2.474234574
2.473196105
2.472121952
2.471012379
2.469870009
2.468696152
2.467515947
2.466308323
2.465091669
2.463871033
2.462662448
2.46146742
2.4602658
2.459048539
2.457853928
2.456652665
2.45545667
2.454248818
2.45302627
2.451807234
2.45062238
2.44946078
2.448324721
2.447197211
2.446083942
2.444980247
2.44389935
2.442843315
2.4417989
2.440759109
2.43972053
2.438692407
2.437670574
2.436646143
2.435617046
2.4345832
2.433536839
2.43246278
2.431365154
2.430225348
2.429046124
2.427824281
2.42655009
2.425245215
2.423919852
2.422581398
2.42123177
2.419849219
2.418484084
2.417134956
2.415795109
2.414443568
2.413067906
2.411673122
2.410264162
2.408834675
2.407410387
2.405966349
2.404508718
2.403049082
2.401613754
2.400177728
2.398742186
2.397309266
2.395894776
2.394491017
2.393085701
2.391678432
2.390297432
2.388937347
2.387547996
2.386129855
2.384689933
2.383276303
2.38191548
2.380573415
2.379236759
2.377888004
2.376508696
2.375159068
2.373834487
2.372526936
2.371215553
2.369924554
2.36867072
2.36745121
2.366232773
2.364999739
2.363792689
2.362633129
2.361519582
2.360445783
2.359413423
2.358417556
2.357438272
2.35649456
2.355601704
2.354755241
2.353942652
2.35319123
2.3524961
2.351847529
2.351219146
2.350624555
2.350041962
2.349476738
2.348962983
2.348492562
2.348051311
2.34763858
2.347262164
2.346929087
2.346650029
2.346415008
2.346231705
2.346094781
2.346036849
2.346006089
2.345979234
2.345926961
2.345852234
2.345778896
2.345692927
2.34557694
2.34544661
2.345300549
