403.1048524
259.9743872
219.0881541
213.5515298
176.188398
169.6368138
154.9133765
143.1873839
141.7590245
129.1626228
125.3064362
113.9358418
106.3338626
101.564685
96.34229938
89.48473607
81.21624078
77.48839042
71.46443935
66.69352148
62.83862218
58.5112946
54.51701718
51.23526552
47.90138198
44.7523998
41.8827486
39.24651655
36.67685374
34.35411675
32.1509913
30.04375198
28.12519393
26.36345804
24.7267376
23.20533524
21.76524025
20.43213475
19.19244814
18.02512402
16.95172916
16.00655743
15.17595361
14.37643731
13.60718455
12.89978205
12.23735421
11.61654504
11.11633371
10.73662958
10.43141435
10.20366401
10.05231026
9.919624608
9.792260203
9.705500265
9.679020122
9.697871308
9.769871909
9.893501786
10.03130534
10.17247708
10.3319566
10.50493221
10.67645675
10.86298234
11.05802947
11.28571381
11.52959622
11.76268802
11.95797337
12.19486532
12.55494601
13.13272948
13.91864207
14.89651872
16.00636502
17.08478958
18.06565257
18.99532305
19.92981076
20.86281494
21.71957997
22.71821468
24.33923869
26.47657979
29.43622342
33.17192549
37.85478012
43.23773209
48.70025695
54.61144642
60.96455139
