550.47048
387.2320874
315.6717768
273.1926585
244.2722827
222.9577839
206.4112872
193.0855994
182.0559404
172.7310882
164.7131
151.5586142
141.1406539
132.6264444
125.49961
116.6983133
109.5394693
103.5694523
96.9619605
90.26897771
84.8168073
79.44196237
74.3275894
70.11291294
65.64739498
61.59592315
57.63543003
54.13864326
50.83732665
47.77873611
44.97845404
42.21463309
39.76866796
37.4526841
35.30651593
33.29729422
31.41239206
29.7118237
28.11075268
26.63841647
25.28891272
24.05760218
22.92942686
21.8974157
20.9585308
20.11118368
19.35386115
18.67814956
18.08560391
17.57161438
17.13087203
16.76470457
16.47027966
16.24524142
16.08954394
16.00227552
15.98277306
16.03104617
16.14715814
16.3321509
16.58628976
16.91131804
17.30875818
17.78041312
18.32857335
18.95619253
19.66549732
20.46053747
21.34455388
22.32183785
23.39659954
24.574315
25.85981976
27.25907117
28.7782398
30.42444909
32.20488764
34.12725087
36.20053847
38.43389339
40.83698646
43.42067348
46.19627413
49.17630273
52.3739176
55.80315486
59.47932822
63.41860168
67.63864074
72.15788479
76.99652493
82.17587459
