0.02211007596
0.01523803665
0.01233587621
0.01063947855
0.009494473114
0.008655301642
0.008006423704
0.007485404012
0.00705516422
0.006692116179
0.006380444701
0.005870086201
0.005466750826
0.005137681789
0.004862628768
0.004523463188
0.004167113763
0.003950315194
0.003655725831
0.003420505722
0.003227173013
0.003006600638
0.00280508475
0.002641496153
0.002474771229
0.002313921012
0.002173598128
0.002042547512
0.001916031611
0.001803117189
0.001698538549
0.001600017569
0.001509529102
0.001427723889
0.001351114716
0.001281136961
0.001217147891
0.001158765743
0.001105709729
0.001057189272
0.001013251539
0.0009731218956
0.0009372375797
0.0009045577723
0.0008752852144
0.0008489909392
0.0008255116201
0.0008045214699
0.0007858077897
0.0007691583215
0.0007544459684
0.0007414244286
0.0007299524438
0.0007198614969
0.0007110553964
0.0007033852165
0.0006967543732
0.0006910784989
0.0006863041247
0.0006823796349
0.0006792912171
0.0006770452492
0.0006756864007
0.0006752951712
0.0006760032642
0.0006780019507
0.000681555792
0.0006870217709
0.0006948700454
0.0007057038491
0.0007202842849
0.0007395557994
0.0007646625848
0.000796961333
0.0008380321778
0.0008896704642
0.0009538676858
0.001032830759
0.001128961565
0.00124488148
0.001383483948
0.001547974412
0.001741950737
0.001969507473
0.002235300488
0.002544703731
0.00290388103
0.003319956349
0.003801152186
0.004356943813
0.004998273696
0.005737740425
0.00658988616
