368.7583424
312.4414182
267.941928
237.76757
215.7696884
198.7303248
184.9884735
173.6368539
164.108676
155.9713057
148.9619107
137.3288253
128.0948285
120.552932
114.2196435
106.3017898
99.94282028
94.64085372
88.67184826
82.47777618
77.46290043
72.50720513
67.80080829
63.94263925
59.87695409
56.16562344
52.5229914
49.31684378
46.30896123
43.50342004
40.9271569
38.40973191
36.1513336
33.94438872
31.87997053
29.95285684
28.12497697
26.42577009
24.89284211
23.50438725
22.23350583
21.12558773
20.19814165
19.35872425
18.62486333
17.95898784
17.36999761
16.80916215
16.36455206
15.9594454
15.61513961
15.39343395
15.27418992
15.30314408
15.44800942
15.66608217
15.96364472
16.36064705
16.73926849
17.14897278
17.61525008
18.12329702
18.66473487
19.23596269
19.74126784
20.19813677
20.60787575
21.10111557
21.89211546
22.95244196
24.08233982
25.19344954
26.51021163
28.01051104
29.50033043
31.00939972
32.516964
34.33253389
36.06339446
37.68420579
39.36685458
41.20024373
42.48864376
42.55742006
42.57046832
42.84217872
43.20618378
43.66794056
44.41175442
47.86172925
52.96389718
57.2819891
