0.01952312732
0.01380474369
0.01127516749
0.009768555985
0.008741109467
0.007983149427
0.007394403909
0.006920092732
0.006527425298
0.006195415497
0.0059099261
0.005441565421
0.005070699314
0.004767681401
0.004514118914
0.004201119385
0.003871893626
0.003671426481
0.003398839442
0.003181044226
0.003001947249
0.002797531141
0.002610705768
0.002459000735
0.002304355134
0.002155134737
0.002024944419
0.001903351399
0.001785966503
0.00168120725
0.001584191637
0.001492809273
0.00140889393
0.001333049228
0.001262041999
0.001197202402
0.001137933382
0.00108387939
0.001034778
0.0009898949664
0.0009492710891
0.0009121872121
0.0008790441221
0.0008488772364
0.0008218706852
0.0007976255794
0.0007759884441
0.0007566564314
0.0007394313866
0.0007241160177
0.000710591815
0.0006986311827
0.0006881036785
0.0006788544693
0.0006707957256
0.0006637921353
0.000657757344
0.0006526174143
0.0006483280102
0.0006448485977
0.0006421753562
0.0006403262325
0.0006393576544
0.0006393643355
0.0006404932801
0.0006429542962
0.0006470330591
0.0006531113165
0.0006616874559
0.0006733956199
0.0006890292743
0.0007095644022
0.0007361721873
0.0007702276471
0.0008133170054
0.000867226753
0.0009339245053
0.001015582861
0.001114564006
0.00123345165
0.001375110245
0.001542728767
0.001739903349
0.001970741853
0.002239926868
0.00255287163
0.002915789766
0.00333586502
0.003821389058
0.00438191569
0.005028476122
0.00577376871
0.006632448214
