0.02223054033
0.01572204226
0.0128399021
0.01112235612
0.009950585509
0.009085859747
0.008413976474
0.007872530665
0.007424160919
0.007044952294
0.006718792548
0.006183510108
0.005759441214
0.005412784066
0.005122564612
0.004764104393
0.004386752899
0.004156791961
0.003843815971
0.003593463445
0.003387360293
0.003151806315
0.002936165007
0.002760753048
0.002581594444
0.002408316873
0.002256740965
0.002114767448
0.001977253147
0.001854071005
0.001739525461
0.001631131307
0.001531077243
0.001440131653
0.001354453718
0.001275677409
0.00120312898
0.001136428031
0.001075312644
0.001018930636
0.0009673986221
0.0009198716936
0.0008769393399
0.0008374294533
0.0008016562852
0.0007691703833
0.0007398417743
0.0007133325434
0.0006894376305
0.0006679448432
0.0006487445722
0.0006315633812
0.0006162549053
0.0006026267235
0.0005905737115
0.0005799082269
0.0005705016826
0.0005622289928
0.0005549941689
0.0005486844183
0.0005432201069
0.0005385213643
0.000534531754
0.0005311983006
0.0005284917438
0.0005263935407
0.0005249066107
0.0005240541674
0.0005238857298
0.0005244824261
0.0005259635443
0.0005284958669
0.0005323044354
0.0005376855705
0.0005450232494
0.0005548053404
0.0005676388947
0.0005842718157
0.0006056022925
0.00063268901
0.0006667582364
0.0007091984556
0.0007615579143
0.0008255477999
0.0009030388607
0.0009960927506
0.001106979852
0.001238235917
0.00139271706
0.001573663408
0.001784783567
0.002030330416
0.002315207827
