377.3985183
337.7971973
286.6291874
241.6696658
214.3422377
197.1111642
185.2041115
175.7280301
165.6387583
156.0596398
148.5105976
137.9453396
128.8014073
120.802952
114.7251613
106.7620632
100.2363658
94.78115897
88.73627414
82.52586327
77.48254886
72.58484115
67.94897426
64.09252677
60.0433607
56.3765923
52.74652342
49.53918025
46.51713257
43.69373341
41.1177109
38.53786237
36.27308883
34.14938903
32.2303316
30.42953684
28.7784506
27.27371066
25.83727461
24.47392386
23.26394472
22.13225385
21.06822105
20.12583832
19.29531297
18.57304462
17.94258135
17.44697662
17.03891078
16.71547667
16.45767088
16.26819786
16.15403533
16.16308421
16.25665962
16.37994992
16.51535381
16.63622334
16.73873577
16.91015812
17.13392305
17.36813363
17.60345291
17.84083388
18.03772332
18.16720752
18.23475893
18.28303303
18.40929122
18.61123944
18.83132417
19.43653811
20.40438782
21.6360205
23.25327604
25.44711643
28.20448779
31.54083623
35.44891122
39.98116846
45.14550465
50.56798912
56.21574095
61.89599614
66.72386779
70.05370103
72.20734448
72.88330579
71.61136712
68.88407193
64.68159446
62.33390862
