229.4972197
162.2903175
132.519852
114.7747828
102.6660269
93.72848588
86.78282461
81.1845613
76.54782759
72.62561733
69.2515068
63.7126106
59.32298382
55.7334226
52.72722824
49.01260217
45.09989898
42.71403421
39.46471905
36.86336803
34.72000442
32.26794065
30.02037963
28.18970262
26.31718741
24.50292143
22.9126925
21.41989987
19.9702638
18.66789927
17.45289157
16.29885033
15.22909535
14.25215498
13.32696393
12.47128698
11.67812661
10.94367483
10.26547294
9.63449902
9.052550809
8.510629442
8.016135649
7.556323838
7.135635138
6.749720443
6.398037847
6.077614266
5.78710608
5.525134232
5.29161262
5.084491714
4.903295869
4.747031003
4.615720894
4.508479526
4.425129137
4.365584589
4.330031059
4.318658253
4.33195674
4.37063539
4.435590746
4.528136372
4.649735275
4.802378271
4.988346447
5.210499257
5.472294487
5.777787645
6.131797764
6.540079203
7.009379181
7.547606623
8.164111854
8.869794748
9.677213228
10.60118775
11.65879084
12.86977829
14.25712303
15.84727284
17.67073303
19.7628068
22.16395655
24.92102514
28.08770299
31.72590745
35.90689272
40.71252095
46.23706765
52.5888136
59.89249078
