385.828432
272.8811617
222.8549802
193.0400343
172.6977831
157.6850386
146.0196845
136.6185607
128.8331658
122.2483844
116.5845339
107.2886539
99.92355387
93.90244665
88.86122064
82.63404119
76.07782819
72.08189505
66.64265555
62.29095818
58.70776494
54.61167995
50.86085761
47.80891048
44.69079737
41.67389125
39.03369652
36.55958813
34.16187192
32.01271242
30.01285178
28.11889758
26.36910699
24.77703521
23.2755222
21.89325524
20.61853227
19.44479853
18.36759719
17.37206014
16.46041325
15.61788594
14.85514123
14.15158103
13.51302143
12.93169311
12.40552487
11.9287114
11.49781274
11.10924501
10.76126415
10.44913708
10.17040508
9.921743316
9.70138892
9.506039587
9.33343646
9.181348167
9.048038526
8.931417212
8.829953096
8.742047836
8.666461604
8.60191843
8.547462766
8.502172521
8.465320178
8.436279399
8.414554379
8.399778232
8.391697685
8.390172306
8.395175837
8.406793802
8.425227285
8.450793976
8.483924881
8.525181701
8.575250082
8.634948116
8.70523983
8.787232354
8.8821855
8.991525701
9.116834774
9.259877174
9.422580428
9.607054437
9.815586727
10.05063539
10.31483672
10.61098945
10.94206613
