0.02348842121
0.01646773966
0.01341074511
0.01160109657
0.0103710153
0.009465402919
0.008762928057
0.008197544066
0.007729818289
0.007334562626
0.00699483487
0.006437752422
0.005996828625
0.005636673479
0.005335354938
0.004963453479
0.004661151859
0.004409208021
0.004130553806
0.003848535981
0.003619015403
0.003392974913
0.003178136663
0.003001309186
0.002814214818
0.002644742606
0.002479381915
0.002333686213
0.002196451663
0.002069638507
0.001953872152
0.001839994766
0.001739595712
0.001644931404
0.00155762652
0.001476333086
0.001400538221
0.001332626928
0.001269184494
0.001211358496
0.001158885916
0.001111550129
0.001068738128
0.001030157875
0.0009956684832
0.0009651805483
0.0009386028134
0.0009156072993
0.0008962154124
0.0008802407869
0.0008674973957
0.0008580054985
0.0008516679799
0.0008484276308
0.0008482846034
0.0008512282095
0.0008572854518
0.0008664897019
0.0008788902829
0.0008946112693
0.0009136963533
0.0009363044453
0.0009625667265
0.0009926304228
0.001026670311
0.001064897557
0.001107475362
0.001154673182
0.001206707818
0.00126385468
0.001326380808
0.001394623512
0.001468879722
0.001549508492
0.001636878487
0.001731410784
0.001833528034
0.001943680126
0.002062390018
0.002190187382
0.002327630852
0.002475345754
0.002633982991
0.002804260936
0.002986934066
0.003182806425
0.003392754529
0.003617703031
0.003858661967
0.004116685254
0.004392926568
0.004688603442
