395.3172067
279.5670927
228.2946641
197.7341708
176.8813508
161.4904106
149.5301087
139.8904187
131.9067416
125.15365
119.3445082
109.8089141
102.2525366
96.07395349
90.8999579
84.5073725
77.77494644
73.67033119
68.08121874
63.60765171
59.92250237
55.7076956
51.84566934
48.70108181
45.4858774
42.3721632
39.64441346
37.08532184
34.60194023
32.37262428
30.29469006
28.32303641
26.49751906
24.83256997
23.25814353
21.80445026
20.45949092
19.21668777
18.07172844
17.00923163
16.03205095
15.12488386
14.29985893
13.5354152
12.83862649
12.20189262
11.62387996
11.09920861
10.62513999
10.1988269
9.819471145
9.483034543
9.187991209
8.931924219
8.714045424
8.532031625
8.384678328
8.270880541
8.189975469
8.141177463
8.124181444
8.138858209
8.185329783
8.264060943
8.37564016
8.521042411
8.701365614
8.918032086
9.172731912
9.467330749
9.803931532
10.18492817
10.61293789
11.09082908
11.62182969
12.20946419
12.85749162
13.57022626
14.35233121
15.20895703
16.14591075
17.16960192
18.28719544
19.50681625
20.83749767
22.28959886
23.87475627
25.60629949
27.4994713
29.57170379
31.84309801
34.33677333
37.07953525
