427.6957545
276.5245005
199.0716417
162.552887
138.9677752
120.8524711
107.3088682
97.81966933
90.8865532
85.36626081
80.90838547
74.57409587
68.3930894
62.34377925
57.81064217
53.0931418
47.68010348
44.60691787
41.0562581
38.24124053
36.03463501
33.35261142
30.92726259
29.17918326
27.25735726
25.40604988
23.89042817
22.50644233
21.15089099
19.99308149
18.91636322
17.92291362
17.04756835
16.26559147
15.50932639
14.84542341
14.23712694
13.6807754
13.1687715
12.70447255
12.28277179
11.89354261
11.54784408
11.22721379
10.93167428
10.65580492
10.38612518
10.1252667
9.901949062
9.715200721
9.568025005
9.452462638
9.364139838
9.290988433
9.214297047
9.132409525
9.066162949
9.036413085
9.052798846
9.12942244
9.245176858
9.371279352
9.471892187
9.542539036
9.573884629
9.570883646
9.531797241
9.482910225
9.418823348
9.316920518
9.199855842
9.111873282
9.071531746
9.050104597
8.973951144
8.875270646
8.773010877
8.706995656
8.768090552
8.952742253
9.121367326
9.193659117
9.052941222
8.727078798
8.487089455
8.575544956
8.941153937
9.425708363
10.20468997
11.28637954
12.21554715
12.69726322
12.74770602
