547.9891634
386.2794464
315.1128619
272.8032253
243.9745052
222.7165156
206.2079661
192.9093401
181.8998613
172.5905846
164.584951
151.4487627
141.0436507
132.5389254
125.4193603
116.626236
109.4734096
103.507994
96.90516525
90.21645462
84.7674324
79.3953988
74.28342733
70.07052336
65.60667034
61.55650757
57.59709336
54.10107773
50.80031475
47.74206646
44.94193342
42.17808181
39.73191832
37.41557303
35.26889281
33.25900943
31.37329666
29.67180978
28.06968115
26.59617619
25.24540478
24.01274259
22.88313441
21.84961839
20.90917158
20.0602249
19.30128744
18.62395286
18.02980574
17.51425112
17.07198818
16.7043725
16.40858341
16.18227224
16.0254072
15.93708215
15.91663255
15.96406668
16.07944058
16.26378234
16.51734419
16.84184891
17.23879736
17.70996845
18.25762692
18.88469949
19.59338646
20.38771016
21.27088565
22.2471787
23.32077555
24.49712856
25.78105207
27.17848276
28.69557208
30.33942492
32.11721304
34.03661625
36.1066186
38.33634925
40.73546672
43.3148151
46.08570455
49.06064128
52.25277848
55.67615053
59.3460731
63.27871787
67.49176419
72.00367464
76.83467361
82.00612191
