311.3458078
218.2174528
177.6971131
153.8594623
137.7144881
125.9221384
116.7805503
109.3984223
103.3195615
98.12101183
93.61010665
86.11753487
80.07144599
75.11350296
71.04290195
66.13946953
62.20763631
58.96663876
55.46174554
51.83117584
48.71985902
45.70885127
42.93552499
40.64041012
38.10754146
35.88382237
33.6828754
31.8081993
30.03740108
28.50670997
27.17119956
25.82197181
24.60704301
23.47260132
22.42521965
21.44900692
20.54249374
19.75497708
18.99347177
18.30593131
17.72062292
17.21540959
16.81701974
16.48614095
16.18118264
15.91003
15.66840009
15.42945751
15.22398946
15.08774534
14.96578
14.86814315
14.77521866
14.66848634
14.51686345
14.34729871
14.19525298
14.12450982
14.1345445
14.21810729
14.33628718
14.47777889
14.61020103
14.70142021
14.72886009
14.67727883
14.46713214
14.12187698
13.70561114
13.35415857
13.09483854
12.86904009
12.64688442
12.40230972
12.18437214
11.95779534
11.90920565
12.05285652
12.21776615
12.40017948
12.37913701
12.16324651
11.74757803
11.55192568
11.29647663
11.68675399
12.38892928
13.44429184
15.390421
17.62036781
19.26305816
21.02546971
