468.7732231
379.7702303
222.8308334
205.0047744
217.5576185
170.9002081
155.2670027
160.8663073
145.4690673
131.663263
131.112382
116.9418103
114.9451151
102.4507781
98.5518141
92.5888524
83.33494909
79.42457303
73.57741994
68.59925463
64.88434613
60.73901825
56.15412055
52.83664371
49.41117274
45.99291749
43.05305344
40.31795968
37.6193507
35.16075576
32.90545131
30.74930623
28.72226019
26.846356
25.07312793
23.44838393
21.95947692
20.59636841
19.37825864
18.2818957
17.26760068
16.3142183
15.46445103
14.63662026
13.81639324
13.0382692
12.27410863
11.52790864
10.82298707
10.17821713
9.590125083
9.09848711
8.690873219
8.315160247
7.985200287
7.679424852
7.392042481
7.083117695
6.851767743
6.684362466
6.585880672
6.541041035
6.566127413
6.584658599
6.635805042
6.730669445
6.852613719
6.990865763
7.176217622
7.388735988
7.603411945
7.876528132
8.271510451
8.809240754
9.479689422
10.27156866
11.17100564
12.12665224
12.99487711
13.66503735
14.1878672
14.47240604
14.52968195
14.5014269
15.031175
16.67230961
19.26140269
22.29061335
26.01502004
30.14881209
34.15460422
37.8663378
42.76588929
