0.02036284659
0.01440373173
0.01176470018
0.01019208114
0.00911925048
0.008327597014
0.007712539202
0.00721692827
0.006806549457
0.006459501973
0.006161030628
0.005671253788
0.005283306119
0.004966234107
0.004700831592
0.004373097609
0.004028201039
0.003818086366
0.003532223807
0.00330366382
0.003115586846
0.002900750189
0.002704206941
0.002544444499
0.002381399004
0.002223857277
0.002086196105
0.001957410579
0.001832844033
0.00172143733
0.001618024501
0.001520362333
0.001430421089
0.00134887627
0.001272274491
0.001202070623
0.001137649571
0.0010786582
0.00102484708
0.0009754489751
0.0009305482397
0.0008893909386
0.0008524660318
0.0008187438472
0.0007884738902
0.0007612537586
0.0007369540954
0.0007152757994
0.0006960354046
0.0006790486688
0.0006642162037
0.0006513165964
0.0006402341521
0.0006308268377
0.0006230206514
0.0006166945592
0.0006117779493
0.000608213839
0.0006059699516
0.0006050226125
0.0006053750655
0.0006070513133
0.0006100960301
0.0006145850043
0.0006206128287
0.0006283113252
0.0006378381159
0.0006493912996
0.0006632110037
0.0006795796377
0.0006988309151
0.0007213595961
0.0007476251372
0.0007781614262
0.0008135930987
0.0008546423602
0.000902135542
0.0009570389919
0.001020459272
0.001093669308
0.001178141325
0.001275563357
0.00138787561
0.001517317008
0.001666448568
0.001838230224
0.002036051143
0.00226381692
0.002526020243
0.002827821673
0.003175164003
0.003574873288
0.004034813565
