365.4313538
311.0041679
266.5186358
235.7758065
213.4707808
196.4498537
182.8769194
171.7523222
162.4122058
154.4123738
147.4962566
141.4480137
136.1332258
131.4121596
127.1708749
123.3263429
119.8072355
116.5869298
113.6161162
110.8681854
108.3039069
105.9019438
103.6545091
101.5422009
99.54994763
97.67053803
95.89201569
94.20406534
92.59700998
91.06200546
89.60087167
88.21425742
86.89441109
85.62756162
84.41110645
83.24239379
82.12629644
81.05527106
80.02449117
79.02732
78.06939375
77.15367518
76.273964
75.42556568
74.60580353
73.81597369
73.05109181
72.30841494
71.59013601
70.89429733
70.21934005
69.55962814
68.91988695
68.29857421
67.69549148
67.1094627
66.53841593
65.98411589
65.44358702
64.91810097
64.40446971
63.90216648
63.41085443
62.9281847
62.45695965
61.99895613
61.55471412
61.12356573
60.69937829
60.28282017
59.87533851
59.47454789
59.0808394
58.69588556
58.31785087
57.94614347
57.58149631
57.2240236
56.87193926
56.52743155
56.18892252
55.85629554
55.52930225
55.20789758
54.89316598
54.58495034
54.28262702
53.98517459
53.69296715
53.40638131
53.12378566
52.84602893
52.57385901
52.30761796
52.0468631
51.78922256
51.53468561
51.2847398
51.03914092
50.79712297
50.5594841
50.32588792
50.09728819
49.87378293
49.65322925
49.43519861
49.22045595
49.00875548
48.80003646
48.59433101
48.39108756
48.1910437
47.9942839
47.80040116
47.60935198
47.42158024
47.23635881
47.05418592
46.87402227
46.69578592
46.51986651
46.34625295
46.17566455
46.00699051
45.84002908
45.67528638
45.51251789
45.3512033
45.19174075
45.03386199
44.87783307
44.7230011
44.5700985
44.41893274
44.26913314
44.12072303
43.97534923
43.83259115
43.69190388
43.55298522
43.41488838
43.27838539
43.14359256
43.010154
42.87861217
42.74829762
42.61906731
42.49097639
42.36405353
42.23824204
42.11331069
41.99023081
41.86883673
41.74831341
41.62916505
41.51118442
41.39473232
41.27994112
41.16578995
41.05239094
40.94036897
40.82968341
40.72021231
40.61109346
40.50267659
40.39559348
40.28944427
40.1839108
40.07882733
39.9739495
39.86964315
39.76630445
39.66363943
39.56258333
39.46275159
39.36322046
39.2646842
39.16698585
39.06968215
38.97277566
38.87652603
38.78110433
38.68659971
38.59277255
38.49978382
38.4071467
38.31534384
38.22431057
38.13385732
38.04409361
37.95544218
37.86753156
37.78000458
37.69316962
37.60665885
37.52084334
37.43594382
37.35196806
37.26868279
37.18574556
37.10349783
37.02157038
36.94023224
36.85964105
36.77959001
36.69972417
36.6201678
36.54115082
36.4624395
36.38402931
36.30642757
36.22957903
36.15330173
36.07734036
36.00180793
35.92667864
35.85196157
35.77747693
35.70300291
35.62863303
35.55462693
35.48084732
35.40730482
35.33446438
35.2624522
35.19067098
35.11950451
35.04914546
34.97943922
34.91030209
34.84158214
34.7733327
34.70561742
34.6383385
34.57147189
34.50527654
34.43958799
34.37435953
34.3098571
34.24576952
34.1822292
34.11910868
34.05653231
33.99422811
33.93189345
33.86996692
33.80866024
33.74776387
33.68725496
33.62744656
33.56803889
33.50894835
33.45031811
33.39219821
33.33444368
33.27697302
33.2198267
33.16293777
33.10630286
33.04996878
32.99399768
32.93836553
32.88325267
32.82828799
32.77354928
32.71908094
32.66487693
32.61088593
32.55721298
32.50391063
32.45120356
32.39879988
32.34659253
32.29459235
32.24290023
32.19132979
32.1399855
32.0888006
32.03779622
31.98700811
31.93678441
31.88705325
31.83767054
31.7888823
31.74051833
31.69235477
31.6445234
31.59693642
31.54959618
31.50251037
31.45556513
31.40892659
31.36284888
31.31709374
31.27167579
31.22663324
31.18189765
31.13750952
31.09353228
31.05002012
31.00676715
30.96371571
30.92080407
30.87806169
30.83554685
30.79338628
30.75171632
30.71025689
30.66907883
30.62832895
30.58779542
30.54739033
30.50734798
30.4675481
30.42789381
30.3883267
30.3490256
30.30995481
30.27110061
30.23248783
30.19409886
30.15581453
30.11764572
30.07954703
30.04162796
30.00374229
29.96606182
29.92891559
29.89219489
29.8557537
29.81937071
29.78313179
29.74716009
29.71124901
29.67553623
29.64012159
29.60505912
29.57034144
29.53582242
29.50156932
29.46737782
29.43330066
29.3992927
29.3654411
29.33202513
29.29879772
29.26561622
29.23242682
29.19944417
29.16668466
29.13407118
29.10165861
29.06939808
29.03733583
29.00557829
28.97414608
28.94302549
28.91210745
28.88122645
28.85047537
28.81978611
28.78921687
28.75872936
28.72833591
28.69802724
28.66777724
28.63771
28.60785742
28.57811641
28.54857754
28.51920968
28.48993182
28.46081688
28.43194552
28.4031543
28.37455362
28.34600059
28.31758105
28.28934439
28.26116211
28.23295347
28.20477475
28.17663304
28.14864963
28.12097247
28.09348343
28.06601425
28.03857458
28.01131868
27.98437808
27.95761709
27.93094404
27.90443389
27.87794121
27.8514389
27.82515382
27.79905986
27.77311365
27.7472877
27.72148472
27.69562283
27.66993601
27.64451257
27.61918629
27.59403069
27.56910336
27.5443384
27.51962932
27.49501701
27.47053453
27.44615892
27.42180939
27.39743411
27.37309255
27.34895733
27.32504932
27.30135684
27.27781848
27.25459553
27.23152095
27.2085064
27.18553132
27.16257668
27.13973798
27.11704328
27.09441914
27.07191783
27.04947468
27.02705931
27.00459001
26.98223984
26.96016333
26.93824329
26.91656675
26.89496969
26.87341835
26.85193915
26.83064455
26.80964369
26.78884769
26.76820329
26.74773271
26.72730566
26.70701905
26.68696904
26.6670792
26.64729026
26.62761032
26.60803097
26.58862755
26.5693494
26.5501313
26.53101205
26.51198468
26.49293436
26.4738796
26.45492386
26.43591914
26.41686071
26.39776693
26.37882103
26.3600285
26.34133086
26.32278782
26.30438547
26.28611452
26.26794642
26.24986851
26.23178967
26.21368854
26.19555615
26.1775086
26.15951918
26.14156491
26.1237063
26.10591274
26.08815301
26.07044524
26.05288666
26.03545408
26.01809083
26.00075772
25.98351676
25.96637522
25.94929443
25.93213333
25.91511193
25.89819038
25.88145438
25.86481234
25.84823814
25.83169609
25.81518903
25.79865112
25.78215855
25.76577141
25.7494415
25.73317503
25.71688066
25.70064889
25.68446182
25.66829781
25.6522678
25.63626595
25.620334
25.60443474
25.58864021
25.57291506
25.55716974
25.5414345
25.52575049
25.51012702
25.49457552
25.47907047
25.46366379
25.44839409
25.43328416
25.41824307
25.40326052
25.38831526
25.37326333
25.35819863
25.34310907
25.32805157
25.31307526
25.29817982
25.2833629
25.2686684
25.25405371
25.23940169
25.22478151
25.21026226
25.19587723
25.1814996
25.16723747
25.15309164
25.13905747
25.12511562
25.11118296
25.09729682
25.08345431
25.06966678
25.05591054
25.04220129
25.02852934
25.01493597
25.0013922
24.98780817
24.97417936
24.96054441
24.94691477
24.93332921
24.91986285
24.90646741
24.89317135
24.87991744
24.86672686
24.85356807
24.84045544
24.82739254
24.81440729
24.80143219
24.78851146
24.77566495
24.76287311
24.75007229
24.73724935
24.72440413
24.71155629
24.69879787
24.68613775
24.67357053
24.66110687
24.64872434
24.63637707
24.62400413
24.61169694
24.5994334
24.58723577
24.57515805
24.5630964
24.55105928
24.53904155
24.52703919
24.51504936
24.50311956
24.49125444
24.47942562
24.46762957
24.45590723
24.444117
24.43233979
24.42060848
24.40891046
24.39730548
24.38572633
24.37413679
24.36258107
24.3510446
24.33952537
24.32809171
24.31672472
24.30539743
24.29414922
24.28287896
24.27159227
24.26035648
24.24910319
24.23785597
24.22661057
24.21540057
24.20421089
24.19305345
24.18195853
24.17095242
24.15996677
24.14904421
24.1381716
24.12735122
24.11658108
24.1058663
24.09522262
24.08463722
24.07407549
24.06348054
24.05297397
24.0425462
24.03224186
24.02197515
24.01176091
24.00164287
23.99155038
23.98147343
23.97139916
23.96133789
23.95133788
23.94137085
23.93141833
23.92149285
23.91157022
23.90163862
23.89175856
23.88188382
23.8720342
23.86226203
23.8525799
23.84295641
23.83335755
23.82380422
23.8142532
23.80476514
23.79536473
23.78604543
23.77678996
23.76754252
23.75827748
23.7490214
23.73975182
23.7304903
23.72125446
23.71205204
23.70291931
23.69384216
23.68484026
23.67590552
23.66704042
23.65819282
23.64937446
23.64057405
23.63176819
23.62295122
23.61414108
23.60539125
23.59666905
23.58800343
23.57940457
23.57087772
23.5624372
23.55402758
23.54563919
23.53730765
23.52899688
23.52071768
23.51250843
23.50434258
23.49622726
23.48817467
23.48008153
23.47196946
23.46385243
23.45573198
23.44758605
23.43946819
23.43139583
23.42335599
23.41532734
23.40729681
23.39927919
23.39128699
23.38328127
23.37530019
23.36737121
23.35949885
23.35164102
23.34381214
23.33600461
23.32819725
23.32035077
23.31255347
23.30480809
23.29709418
23.28934968
23.28159105
23.2738906
23.26620454
23.25857308
23.25104702
23.24359169
23.23615917
23.22877302
23.22141915
23.21410471
23.20683577
23.19958865
23.19238147
23.18521969
23.17807767
23.17095881
23.16389387
23.15684004
23.1498068
23.14278253
23.13578017
23.12879865
23.12182349
23.11487685
23.10797625
23.10110569
23.09425595
23.08742839
23.08060373
23.07381152
23.06700817
23.06021078
23.05341445
23.04662416
23.0398256
23.03301926
23.02620024
23.01936643
23.01248313
23.00558387
22.99872334
22.99188444
22.98506954
22.97830887
22.97159992
22.96487796
22.9581205
22.95138437
22.94468762
22.93797753
22.93129002
22.92463244
22.91800526
22.91139418
22.90483254
22.89828245
22.89175173
22.88526674
22.87881212
22.87237303
22.86597963
22.85960042
22.85322424
22.84690972
22.84059868
22.83429181
22.82798849
22.81533371
22.8090496
22.80277943
22.7965139
22.79022065
22.78385418
22.77747445
22.77112959
22.76479584
22.75846987
22.75214965
22.74581159
22.73949266
22.73316536
22.72682696
22.72052094
22.71420291
22.70789551
22.70162517
22.6953621
22.6891092
22.6828959
22.67669246
22.66430402
22.65811172
22.65189637
22.64569383
22.63946255
22.63324324
22.62699649
22.62075011
22.61453511
22.60832964
22.60212662
22.59593375
22.5897409
22.58351631
22.5772628
22.56475127
22.55846402
22.55215472
22.54589477
22.53968188
22.53353871
22.52741719
22.5212981
22.51515769
22.50899639
22.5028144
22.49035952
22.48409954
22.47784588
22.47158801
22.46531337
22.45901903
22.45273345
22.44648211
22.44023664
22.43401691
22.42153613
22.41529032
22.40903827
22.40277642
22.39650446
22.39020634
22.38386314
22.377545
22.37125135
22.35877891
22.35259389
22.34640037
22.34019378
22.33404201
22.3279267
22.32180896
22.30958209
22.30342602
22.29727639
22.29111966
22.28491959
22.27869624
22.27249719
22.26635559
22.25419525
22.24816335
22.24216804
22.2361602
22.23015194
22.22415288
22.21211352
22.20604791
22.19996147
22.19383574
22.18768386
22.18150282
22.17532783
22.16302999
22.15686826
22.15070156
22.14455366
22.13839271
22.1322306
22.11988001
22.11367295
22.10746413
22.10124068
22.09500089
22.08249714
22.07623953
22.0699853
22.06374951
22.05753856
22.04507677
22.03880561
22.03249673
22.02617373
22.01984441
22.01354125
22.00086033
21.99445922
21.98808239
21.98174048
21.97539042
21.9627461
21.95646493
21.95017849
21.94386643
21.9312309
21.92496909
21.91874418
21.91252701
21.90632666
21.89389368
21.8876577
21.88141556
21.87517924
21.86271847
21.85649063
21.85027937
21.84407942
21.83790258
21.82561486
21.81950149
21.81342661
21.80733088
21.79511041
21.78904103
21.7830169
21.77703051
21.76504257
21.7590391
21.75300305
21.74695922
21.73486431
21.72882771
21.72278379
21.71678067
21.70483435
21.69889722
21.69298849
21.68711404
21.67542206
21.6695953
21.66379056
21.65220561
21.64643862
21.64070371
21.63498108
21.62356075
21.61788743
21.61221476
21.60083396
21.59515107
21.58947007
21.58376961
21.57242871
21.56677514
21.56113324
21.54990939
21.54431178
21.53870773
21.52756938
21.52205863
21.51653428
21.5110238
21.50009407
21.49467299
21.48927529
21.47844124
21.47301166
21.46759926
21.45684748
21.45147871
21.44612709
21.43543265
21.43007035
21.42470529
21.41395178
21.40857528
21.40320369
21.39249283
21.38719281
21.38190479
21.3714022
21.36616717
21.36091954
21.35046691
21.34526154
21.34009007
21.32979234
21.32465918
21.31953293
21.30926555
21.30412099
21.29898484
21.28872123
21.283612
21.27344513
21.26840124
21.26339821
21.25349571
21.24857155
21.24367832
21.23398943
21.22915485
21.21952049
21.21472512
21.20995009
21.2004567
21.19572706
21.18624096
21.18150924
21.17680255
21.16744215
21.16279308
21.15815347
21.14886441
21.14427373
21.13515088
21.13057945
21.12141449
21.11683176
21.11224248
21.10300692
21.09840155
21.08922808
21.08465388
21.08005966
21.07085238
21.06625803
21.0570777
21.05246719
21.04324795
21.03864649
21.03402506
21.02474583
21.02011359
21.01088147
21.00628475
20.99716087
20.99262909
20.98366044
20.9791845
20.97473209
20.96585807
20.96143161
20.95259653
20.94817472
20.93935081
20.93495468
20.92615416
20.92175683
20.91303765
20.90871908
20.90010833
20.89577726
20.89146063
20.88286025
20.87858301
20.87004545
20.86578074
20.85722537
20.85295881
20.8444635
20.84023831
20.83183445
20.82766069
20.81935206
20.8151945
20.80680726
20.80258507
20.79409463
20.78985232
20.78136604
20.77713034
20.76872964
20.76454683
20.75614053
20.75193919
20.74350196
20.73927506
20.73079473
20.72236902
20.71817445
20.70981158
20.70565865
20.69736697
20.69318561
20.68477267
20.68056059
20.67214611
20.66794914
20.6595313
20.65530002
20.6468158
20.63839598
20.63420141
20.62585282
20.6216938
20.61337865
20.60921622
20.60084746
20.59251802
20.58837773
20.58008486
20.57594318
20.56772768
20.56361439
20.55539035
20.54716765
20.54306429
20.53486879
20.53079691
20.52271639
20.51468706
20.5106711
20.50263384
20.49862181
20.49061563
20.48267485
20.47872806
20.47084859
20.46692943
20.45908219
20.45124179
20.44731149
20.43942927
20.43548471
20.42756603
20.41962611
20.41565166
20.40772347
20.39980058
20.39586011
20.3880116
20.3840943
20.37628271
20.36854923
20.3647117
20.35703544
20.34939836
20.34556496
20.33788287
20.33022366
20.32639916
20.31876067
20.31116739
20.30738319
20.29983298
20.29236149
20.28864865
20.28121039
20.27381652
20.27015973
20.26288623
20.25566177
20.25207861
20.24496498
20.23789657
20.23437934
20.22737994
20.22037026
20.21337875
20.20987492
20.20285859
20.19580772
20.19226475
20.18518965
20.17814362
20.17104011
20.16749634
20.16045103
20.15342927
20.14989861
20.1428285
20.13579189
20.12882083
20.12534323
20.11839891
20.11141237
20.10441941
20.10090743
20.09388875
20.08687386
20.08335961
20.07629688
20.06922762
20.06218405
20.05516319
20.05165884
20.04467057
20.03773158
20.03082807
20.0273739
20.02043535
20.013502
20.00654886
20.00308577
19.99621761
19.98935496
19.98248845
19.97559577
19.97216119
19.96531919
19.95849576
19.95164965
19.94477703
19.94135917
19.93456256
19.92780213
19.92110037
19.91449146
19.91120584
19.9046248
19.89806541
19.89156298
19.88506686
19.88183036
19.87539562
19.86895334
19.8625505
19.85616424
19.84973834
19.84652602
19.84011584
19.83375532
19.8274009
19.82101722
19.81464331
19.80825558
19.80508551
19.79875944
19.79245465
19.78617954
19.77987138
19.77356152
19.76725763
19.76095007
19.75781197
19.75153417
19.74527564
19.73902375
19.73276934
19.72650379
19.72021556
19.71388653
19.7107208
19.70441329
19.69810498
19.69182244
19.685613
19.67937931
19.67315986
19.66694141
19.66071782
19.65451232
19.64836634
19.6422636
19.639219
19.63313402
19.62704958
19.62096223
19.6148752
19.60877097
19.60265653
19.59655176
19.59045273
19.58437127
19.57832496
19.57230142
19.56628934
19.56029519
19.5542893
19.54829384
19.54231443
19.53636379
19.53046535
19.5246193
19.51876304
19.51288326
19.50993573
19.50403806
19.49815678
19.49225573
19.48636071
19.48050427
19.47465358
19.46882165
19.4630105
19.4572217
19.45144601
19.4457056
19.43997159
19.43137003
19.4256309
19.41988117
19.41410504
19.40832247
19.40252855
19.39673769
19.39099242
19.38524122
19.3794707
19.37370071
19.36792125
19.36210305
19.35630312
19.35053619
19.34477914
19.33902218
19.33327145
19.32752889
19.32181682
19.31615439
19.30773282
19.30211917
19.29649686
19.29087355
19.28519501
19.27950337
19.2738503
19.26817943
19.26248748
19.25680023
19.25110303
19.24259877
19.23699018
19.23140121
19.22582003
19.22024343
19.21466502
19.20907602
19.20350102
19.19793099
19.18963125
19.18411317
19.17862614
19.17312618
19.16761975
19.16216341
19.15672457
19.14858946
19.14320485
19.13788776
19.13260103
19.1273558
19.12215294
19.11442966
19.10928166
19.10412434
19.09895029
19.09379645
19.08864498
19.08098878
19.07592819
19.07089815
19.06590644
19.06095183
19.05353995
19.04860852
19.04368932
19.03880203
19.03389478
19.02654335
19.02164417
19.01676687
19.01191704
19.00710894
18.99992093
18.99515142
18.99041499
18.98571817
18.97868429
18.97398852
18.96929834
18.96461415
18.95757943
18.95292849
18.94829251
18.94365318
18.93670296
18.93205977
18.92742373
18.92279756
18.9159182
18.91139505
18.90692366
18.90022658
18.89576442
18.89129224
18.88683079
18.88014794
18.87570646
18.87128217
18.86466054
18.86027848
18.85593009
18.84945394
18.8451709
18.84095734
18.8346894
18.83052503
18.82638443
18.8202239
18.81615269
18.81205243
18.80587021
18.80176221
18.79765562
18.79149447
18.78739023
18.7832739
18.77709734
18.77301099
18.76891106
18.76280412
18.75876236
18.75473113
18.74870474
18.74471683
18.73876477
18.73479808
18.73084314
18.72496725
18.72107356
18.7152259
18.71134156
18.70745494
18.70163091
18.69776788
18.69196018
18.6880707
18.68227295
18.67844136
18.67459954
18.66879752
18.66492634
18.65911749
18.65525544
18.64949094
18.64566553
18.64183915
18.63611747
18.63233547
18.62669628
18.62294312
18.61731504
18.61355546
18.60794806
18.60419381
18.59859494
18.59491805
18.58942803
18.58573982
18.58020952
18.5765167
18.57103982
18.56741185
18.56203054
18.55848323
18.55315767
18.54962926
18.54436198
18.54081648
18.5354992
18.53191484
18.52648314
18.52285132
18.51739774
18.51377627
18.50837499
18.50302786
18.49947957
18.49412935
18.49056008
18.48525822
18.48175007
18.47652014
18.47125873
18.46775995
18.46254811
18.45909868
18.45394329
18.45051319
18.44536128
18.44026023
18.43688052
18.43184173
18.42847397
18.42341017
18.41839044
18.41505768
18.41008283
18.40511222
18.40183231
18.39698063
18.39378638
18.38901537
18.38428612
18.38116799
18.3765191
18.37188821
18.36880641
18.36420833
18.35961946
18.35658274
18.35203864
18.34750421
18.34450423
18.34004311
18.33557103
18.33259117
18.32812589
18.32366153
18.32067602
18.31620028
18.31173323
18.30725111
18.304302
18.29992314
18.29556604
18.2926793
18.28834674
18.28399815
18.27960033
18.27667731
18.2723113
18.26796926
18.26366041
18.26078296
18.2565029
18.2522423
18.24799535
18.24516794
18.24096891
18.23678102
18.23261719
18.22849597
18.22578726
18.22176003
18.21775907
18.21378138
18.20979707
18.20715066
18.20318552
18.19923424
18.19531081
18.1913934
18.18875765
18.18482622
18.18089628
18.17695679
18.17300938
18.16909454
18.16653045
18.16270493
18.15891877
18.15517901
18.15152512
18.14789212
18.14431331
18.14196225
18.13844266
18.13490057
18.13140645
18.12794154
18.12447334
18.1210165
18.11756962
18.11412577
18.11180643
18.10833188
18.10487344
18.10147122
18.09806601
18.09468488
18.09133564
18.08802003
18.08475544
18.08146888
18.07818934
18.07496266
18.07180561
18.068665
18.06552082
18.06242119
18.05935502
18.05733148
18.05431533
18.05131782
18.0483232
18.04538342
18.04247566
18.03959657
18.03674832
18.03394941
18.03124913
18.02860849
18.02597927
18.02336581
18.02076574
18.01816282
18.01468286
18.01211618
18.00955407
18.00703817
18.00456918
18.002125
17.99971959
17.99733112
17.9949616
17.99254705
17.99010189
17.98767523
17.9853192
17.98304202
17.98081084
17.97857519
17.97564297
17.97351178
17.97140833
17.96933504
17.96729785
17.96525708
17.96323432
17.96124018
17.95928338
17.95672908
17.95483677
17.95297147
17.95110102
17.94926296
17.94744211
17.94503846
17.94329349
17.94157057
17.93986635
17.9381567
17.93644812
17.93419587
17.93254947
17.93089047
17.92923768
17.92756748
17.92534429
17.92365978
17.92195845
17.92028862
17.91862692
17.91643472
17.91480479
17.91321452
17.91164563
17.90959229
17.9080558
17.90652231
17.90499753
17.90296203
17.90144792
17.89992674
17.89842378
17.89645311
17.89498282
17.89352865
17.89208565
17.89021309
17.88877468
17.88732533
17.88540311
17.88396859
17.8825371
17.88065114
17.87926218
17.87790645
17.87612787
17.8747785
17.8734059
17.87155721
17.87017478
17.86877307
17.86685093
17.86543348
17.864017
17.86213353
17.86071044
17.85882103
17.85740023
17.85599812
17.85413736
17.85274873
17.85092083
17.84956261
17.8482359
17.8464861
17.84521445
17.84357816
17.84236693
17.84072769
17.83949456
17.83827774
17.83670278
17.83554028
17.83395977
17.83274886
17.83115384
17.83002762
17.82858565
17.82749783
17.82604633
17.82496619
17.82349972
17.82241013
17.82097268
17.81990653
17.81847963
17.81740296
17.8159923
17.81496307
17.81360615
17.8126079
17.81130817
17.81031822
17.80899105
17.80799153
17.80666866
17.80535913
17.80436607
17.80303918
17.80204657
17.8007293
17.79974145
17.79843776
17.79717768
17.79622189
17.79494022
17.79396872
17.79267703
17.79135663
17.79036693
17.78905475
17.78774888
17.78675271
17.78544648
17.78413607
17.78312579
17.78173642
17.78032872
17.77928829
17.7779507
17.77665224
17.77567283
17.77435484
17.77302664
17.77204909
17.77076348
17.76945077
17.76847473
17.76717012
17.76585289
17.76454585
17.76357539
17.76230853
17.76104927
17.75983156
17.75892089
17.75766341
17.75639253
17.7550937
17.75410562
17.75279225
17.75148514
17.75020064
17.74924438
17.74797973
17.74671436
17.74544364
17.74411543
17.74280506
17.7418267
17.7405526
17.73927839
17.73802516
17.73674182
17.73540048
17.7343864
17.73302223
17.73167568
17.73031416
17.72896998
17.72761049
17.72624439
17.72520438
17.72382237
17.72246646
17.72110742
17.71977108
17.71846376
17.71717429
17.71590364
17.71461797
17.71331476
17.71203303
17.71075548
17.70946654
17.70817118
17.70722366
17.70598236
17.70478222
17.70361129
17.70245142
17.70129046
17.70012675
17.69899382
17.69787933
17.69677713
17.69571792
17.69464192
17.69355126
17.6924779
17.69139214
17.69005368
17.68899197
17.68794562
17.6869391
17.68595636
17.68502066
17.68410758
17.68320847
17.68235389
17.68150506
17.68065969
17.67985425
17.67906718
17.67805308
17.6772289
17.67642231
17.67558237
17.67471393
17.67384539
17.67296562
17.67208115
17.67102136
17.67022835
17.66943239
17.66865695
17.66788936
17.66710829
17.66616014
17.66543596
17.66471237
17.66400865
17.66333024
17.66250439
17.66183768
17.66115993
17.66049597
17.65964629
17.658982
17.65832149
17.65767815
17.65689606
17.65628143
17.65568354
17.65512095
17.65441263
17.65382684
17.65322334
17.65262831
17.65190865
17.65134906
17.65080517
17.65014009
17.64963068
17.64912785
17.64851236
17.64802443
17.64755565
17.64700969
17.64658009
17.64603655
17.64557383
17.64508424
17.64444392
17.64393597
17.64343486
17.64283539
17.64238692
17.64185246
17.64142686
17.64100754
17.64046897
17.64005615
17.63956001
17.63915025
17.63863592
17.63822813
17.63769824
17.6372744
17.63676603
17.63635532
17.63583884
17.63543493
17.63495208
17.63460053
17.63416654
17.63383391
17.63342985
17.63312338
17.63276188
17.63248546
17.63215983
17.63186106
17.63145821
17.63115229
17.63074361
17.6303677
17.63007166
17.62970585
17.62939781
17.62899877
17.6286114
17.62829573
17.62792045
17.62762531
17.62729343
17.62694864
17.62663649
17.62627039
17.62590827
17.62562051
17.625277
17.62493276
17.62467634
17.62436116
17.62405555
17.62383202
17.62357083
17.62334259
17.62314728
17.62299817
17.62283569
17.62268684
17.62258761
17.62245066
17.62232547
17.62222824
17.62212047
17.62204322
17.62195571
17.62187122
17.62181283
17.62177625
17.62172842
17.62170554
17.62171954
17.62175459
17.6218199
17.621901
17.62203805
17.62216257
17.62232352
17.62249237
17.62268089
17.62289341
17.62307781
17.62331903
17.62357974
17.6238405
17.62408777
17.62432732
17.62455576
17.6247762
17.62497995
17.62520418
17.62541511
17.62565701
17.62589411
17.62610614
17.62624951
17.6264185
17.62662784
17.62685514
17.62711018
17.62737344
17.62765284
17.62797041
17.62823769
17.62846828
17.62867784
17.62889037
17.62911598
17.629377
17.62968241
17.63000547
17.63033124
17.63065582
17.63098199
17.63128016
17.63158079
17.63188621
17.63227791
17.6325989
17.63292216
17.63323401
17.6335433
17.63384921
17.63417457
17.63456831
17.634892
17.63522705
17.63557693
17.63591857
17.63630586
17.63663435
17.63695717
17.63728265
17.63760437
17.63797314
17.63824992
17.63853283
17.6388148
17.63914316
17.63939361
17.63963702
17.6399214
17.64013466
17.64034977
17.64056275
17.64081282
17.64102555
17.64123265
17.64149159
17.64169933
17.64189333
17.6421106
17.64224657
17.64238395
17.64257216
17.64274513
17.64293674
17.64310788
17.64328162
17.64350324
17.64367605
17.64387905
17.64402986
17.64419357
17.64430284
17.64441608
17.64456735
17.64470005
17.64487277
17.64499378
17.64513976
17.64526982
17.64540493
17.64550049
17.64559443
17.64564034
17.64567033
17.64569043
17.64569889
17.64571898
17.64571242
17.64568613
17.64564823
17.6455917
17.64555246
17.64550827
17.64546275
17.6454028
17.6453065
17.64519186
17.64509106
17.6450007
17.64493812
17.64487785
17.64480692
17.64472771
17.64466321
17.64453823
17.64440209
17.64429703
17.64416929
17.64402447
17.64390435
17.64372128
17.64353354
17.64335578
17.64319961
17.64299206
17.64276076
17.64252881
17.6422997
17.64211228
17.64188799
17.6416825
17.64147141
17.64126134
17.64108653
17.64087908
17.64068026
17.64046512
17.6402405
17.64003189
17.63980711
17.63962955
17.63938114
17.63912799
17.6388477
17.63857637
17.63828833
17.6379774
17.6376564
17.63732175
17.63697652
17.63664895
17.63629876
17.63592671
17.63552165
17.63510933
17.63469061
17.63425081
17.63378373
17.63331294
17.63285906
17.63242513
17.63199996
17.63160037
17.63118873
17.63076715
17.63033189
17.6298789
17.62940865
17.62891824
17.62831935
17.62779711
17.6272864
17.62678948
17.62627231
17.62573322
17.62516892
17.62451038
17.62393419
17.62334182
17.62273692
17.62213624
17.62141968
17.62076486
17.62008908
17.61939471
17.61856688
17.61781549
17.61706902
17.61634593
17.61549701
17.61477719
17.61406777
17.61325417
17.61256654
17.61185479
17.61098763
17.61023115
17.60946421
17.6085728
17.60780504
17.6070335
17.60615694
17.60542082
17.6047242
17.6039152
17.60324866
17.60247073
17.60178572
17.60097063
17.60024939
17.59952578
17.59867685
17.59793658
17.59708276
17.59634546
17.59550091
17.59479184
17.59395843
17.59323016
17.59242052
17.59172084
17.59088879
17.59004915
17.58933063
17.5884794
17.58773453
17.58685937
17.586008
17.58528111
17.58441402
17.58368221
17.58282636
17.58196557
17.58120413
17.58028478
17.57936518
17.57860449
17.57771388
17.57684397
17.57608126
17.57519525
17.57430022
17.57341031
17.57262852
17.57171677
17.57081615
17.56993049
17.56916159
17.56827752
17.56740039
17.56653886
17.56569043
17.56495199
17.56409233
17.56321321
17.56232181
17.56142479
17.56051642
17.5596126
17.55884364
17.55795847
17.55702632
17.55609217
17.5551952
17.55433002
17.55345734
17.55256414
17.5516933
17.55085144
17.55000391
17.54918816
17.5484247
17.54767056
17.54695534
17.54628089
17.54563222
17.54498329
17.54431503
17.54365456
17.54298824
17.54231059
17.54166495
17.54104417
17.5404455
17.53976742
17.53915672
17.53858626
17.53801889
17.53746476
17.53694359
17.53636641
17.53585566
17.53533129
17.53480682
17.5342966
17.53373539
17.53325242
17.53278667
17.53233192
17.53187184
17.53134553
17.53087707
17.53039226
17.52981285
17.52931622
17.52885233
17.52836291
17.52794872
17.5275267
17.52706901
17.52669661
17.52636049
17.52600057
17.52572736
17.52543982
17.52522889
17.52503897
17.52482903
17.52466233
17.52448883
17.52434607
17.52416461
17.52399268
17.52380075
17.52363379
17.52348145
17.52337687
17.52328413
17.52321974
17.52315769
17.52310302
17.5230701
17.52306215
17.52307008
17.52309815
17.52313089
17.52317861
17.52323049
17.52328747
17.52334956
17.52340974
17.52350914
17.52361364
17.52378065
17.52395064
17.52416962
17.52438018
17.52457526
17.5248239
17.52507715
17.52535184
17.52559894
17.52587984
17.52615905
17.52644151
17.52671205
17.52696086
17.52725506
17.52755545
17.52786835
17.52820942
17.52853247
17.52886049
17.52918914
17.52951872
17.52993093
17.53032709
17.53071185
17.53107534
17.53146176
17.5318668
17.53229285
17.53275755
17.53322536
17.53368527
17.5341251
17.53456752
17.53503261
17.53551876
17.53602292
17.53656512
17.53713006
17.53777074
17.53833743
17.53889313
17.53944201
17.53998421
17.5405358
17.54107551
17.54169786
17.54228066
17.54287513
17.54346982
17.54409173
17.54480758
17.54545012
17.54613522
17.54686767
17.54771997
17.54848583
17.54925319
17.55001004
17.55083651
17.55156941
17.5522927
17.55311342
17.55387242
17.55473374
17.55549684
17.5562625
17.55711616
17.5578827
17.55875098
17.55952518
17.5603114
17.5612067
17.5620169
17.56292055
17.56372513
17.56462493
17.56542492
17.56632958
17.56714098
17.56806099
17.56889717
17.56987331
17.57088104
17.57179137
17.57281451
17.57371585
17.57470861
17.57571336
17.57660669
17.57760247
17.57862056
17.5795442
17.58060281
17.58164574
17.58258616
17.58367591
17.58478707
17.58596447
17.58701624
17.58819801
17.589409
17.59063112
17.5918345
17.59290025
17.59412026
17.59535014
17.59660451
17.59786053
17.59910879
17.60037806
17.60168323
17.60283901
17.60415361
17.60548325
17.60682146
17.60817194
17.60956186
17.61096088
17.61233944
17.61369809
17.61505804
17.61639816
17.61774953
17.61913407
17.62051115
17.6220524
17.62345329
17.62487826
17.62632193
17.6277578
17.62920259
17.63064471
17.63207213
17.6336787
17.63516306
17.63667139
17.63817983
17.63969153
17.6413583
17.64285133
17.64433357
17.64581418
17.64748534
17.64900175
17.65053645
17.65225966
17.65380406
17.65537277
17.65715007
17.65877572
17.66041256
17.66226557
17.66392847
17.66579052
17.66747439
17.66934392
17.67102326
17.67290945
17.67461538
17.67634447
17.67827873
17.68019608
17.68195503
17.68392797
17.68572142
17.68773367
17.68955755
17.69158735
17.69362644
17.69546089
17.69750092
17.69932153
17.70135288
17.70339161
17.70524866
17.70732135
17.70939917
17.71148215
17.71336273
17.7154509
17.7175564
17.71967982
17.7215933
17.72375395
17.72594792
17.72815113
17.73034194
17.73255271
17.73458467
17.73686384
17.73916687
17.74147008
17.74378648
17.74612129
17.74848318
17.75085577
17.75322155
17.75557359
17.75792878
17.76028507
17.76264053
17.76500367
17.76736904
17.7697371
17.77211064
17.77449387
17.77688586
17.77928114
17.78166566
17.78429959
17.78670259
17.78911809
17.79153544
17.79397345
17.79665949
17.79911447
17.80159333
17.80408793
17.80683164
17.80933481
17.81185584
17.81439115
17.81717999
17.81972053
17.82225077
17.8250374
17.82756085
17.83032212
17.83284997
17.83537255
17.83815538
17.84068956
17.84349636
17.84607144
17.84891295
17.85152845
17.85442073
17.85705305
17.85994219
17.86258547
17.86547278
17.86809442
17.87098286
17.87388045
17.87652082
17.8794545
17.8821212
17.88504764
17.88797229
17.89091548
17.8936063
17.89658358
17.89956263
17.90225747
17.90520961
17.90818337
17.91115562
17.91410991
17.9167954
17.91977145
17.92275434
17.92573987
17.92873081
17.93174895
17.93478391
17.93781994
17.94059374
17.94364842
17.94672434
17.9498005
17.9528932
17.95598467
17.95907763
17.96217565
17.96526686
17.96836693
17.97174086
17.97482881
17.97790955
17.98099322
17.98408623
17.98718144
17.9902777
17.99362838
17.99669736
17.99976784
18.00286701
18.00598697
18.00941425
18.01257287
18.01574382
18.01921898
18.02242704
18.02565379
18.02917963
18.03242167
18.03568224
18.0392411
18.04252725
18.04581919
18.04940437
18.05270076
18.05632209
18.05963854
18.06325587
18.06658211
18.07021274
18.07353653
18.07717252
18.08051606
18.08415784
18.08781869
18.09117864
18.09484839
18.09851824
18.10186378
18.10551375
18.10917334
18.11253599
18.11619811
18.11983653
18.12347256
18.12681823
18.13048008
18.13415573
18.13784085
18.14150753
18.14485529
18.14848972
18.15212159
18.15576949
18.15942458
18.16305422
18.16668944
18.17032516
18.17396534
18.17759681
18.18120637
18.1848129
18.18842456
18.19204763
18.19567031
18.19928745
18.20289098
18.20649182
18.21010351
18.2140345
18.21766176
18.22128398
18.22491163
18.22854891
18.23218294
18.23612314
18.23977762
18.24342997
18.24740585
18.2510867
18.25475491
18.25872769
18.26240893
18.26610439
18.27013261
18.27383827
18.27785416
18.28158457
18.28532306
18.28937482
18.2931268
18.29721652
18.30099852
18.30507488
18.30882981
18.31289026
18.31694982
18.32069382
18.32474682
18.32881029
18.33256266
18.33663318
18.34071162
18.34447659
18.34854425
18.35261875
18.35637408
18.36044946
18.36452016
18.36858735
18.3726671
18.37642762
18.38049275
18.38455436
18.38861298
18.39266894
18.39670683
18.40073684
18.40476421
18.40879526
18.41282675
18.41685977
18.4209074
18.42495505
18.42900687
18.43307457
18.43715303
18.4412482
18.44535816
18.44978283
18.45388489
18.45799401
18.46210285
18.46619485
18.47059958
18.47469572
18.47876734
18.48283691
18.48722975
18.49132137
18.49543025
18.49985501
18.50398233
18.50811357
18.51256114
18.51668828
18.52113934
18.52526792
18.52973119
18.53385864
18.53829627
18.54242716
18.54687705
18.55100769
18.55545504
18.55989569
18.5640294
18.56849512
18.57263312
18.57709536
18.58156369
18.58602754
18.59017379
18.59463663
18.59908991
18.60353563
18.60767618
18.61214012
18.61659364
18.62103704
18.62546531
18.62987891
18.63428345
18.63866143
18.64270953
18.64706297
18.65140323
18.65573107
18.66004692
18.66464898
18.66893264
18.6732021
18.67748156
18.68174494
18.68599186
18.69023441
18.69447228
18.69899942
18.7032101
18.70741102
18.71160415
18.71578208
18.72025404
18.72443546
18.72859805
18.73304158
18.7371647
18.74127765
18.74566647
18.74976401
18.75414291
18.75822226
18.7625937
18.76665
18.77098678
18.77503405
18.77937027
18.78343559
18.78779806
18.79215732
18.79621786
18.80056356
18.80459693
18.80890434
18.81318889
18.8174468
18.82140104
18.82562193
18.82983474
18.83403181
18.83794237
18.84212089
18.84628143
18.85043687
18.85458523
18.85873197
18.86288361
18.86704864
18.87119469
18.87533162
18.87946296
18.88357661
18.88769289
18.89180553
18.89590077
18.90000707
18.90411327
18.90818988
18.91253324
18.91661226
18.92068871
18.92475835
18.92908209
18.9331398
18.93717429
18.94118887
18.94545601
18.94944986
18.95370695
18.95768585
18.96166029
18.96590877
18.96989392
18.97414456
18.97814221
18.98240214
18.98639861
18.99066781
18.99468133
18.99897213
19.00326398
19.00729056
19.01156375
19.01581364
19.01978489
19.0240189
19.02825687
19.03250119
19.03647526
19.04069448
19.04488246
19.04908148
19.05329083
19.05749969
19.06168949
19.06585486
19.06975598
19.07390677
19.07805407
19.08219785
19.08659926
19.09075002
19.09489657
19.09903487
19.10315455
19.10726761
19.11135496
19.1154283
19.11973851
19.1237711
19.12780253
19.13183533
19.13609735
19.14009218
19.14407075
19.14826333
19.15218686
19.15610929
19.16025891
19.1641391
19.1682591
19.17211357
19.17618871
19.18000413
19.18404756
19.18785261
19.19190289
19.19595248
19.1997593
19.20380822
19.20785296
19.2116439
19.21566786
19.21968641
19.22371363
19.22749402
19.23150736
19.23550735
19.23950814
19.24351058
19.24751507
19.25150854
19.25550353
19.259508
19.26351264
19.26751524
19.27150625
19.2754907
19.27946968
19.2834508
19.28743085
19.29140147
19.29538064
19.29961009
19.30360498
19.30760838
19.31160419
19.315834
19.31982527
19.32380141
19.3280139
19.33199004
19.33597244
19.34018186
19.34415233
19.34835367
19.35229998
19.35648247
19.36042227
19.36457742
19.36871672
19.37262469
19.37674895
19.3806329
19.38472722
19.38880879
19.3928795
19.39670139
19.40073631
19.40474601
19.40873351
19.41271934
19.41647763
19.42043136
19.42438665
19.42830637
19.43219972
19.43608741
19.43996795
19.44385373
19.44773667
19.45161942
19.45549072
19.45958071
19.46344666
19.46729583
19.4711313
19.47495832
19.47900253
19.48284156
19.4866912
19.49075977
19.49461378
19.49845743
19.5025089
19.50635187
19.51020277
19.51426856
19.51812015
19.52217633
19.52622695
19.53005836
19.5341119
19.53793902
19.54197531
19.54600993
19.54982092
19.55382134
19.55780485
19.56156875
19.56553802
19.56949236
19.57343427
19.57735621
19.5812835
19.58521882
19.5891449
19.5928569
19.59677049
19.60067287
19.60476333
19.60864038
19.61251631
19.61637081
19.62021376
19.62404376
19.62787035
19.6316892
19.63570889
19.639521
19.64334115
19.64736139
19.65117277
19.65498117
19.65897458
19.66275175
19.66670204
19.67044874
19.67438331
19.67810894
19.6820265
19.68575545
19.68966744
19.69338143
19.69728607
19.70119741
19.70491307
19.70881223
19.71270292
19.71658073
19.72026014
19.72411927
19.72797758
19.73182775
19.73567771
19.73952211
19.74335048
19.74716377
19.75096198
19.7547548
19.75854077
19.76231299
19.76608769
19.76985723
19.77361285
19.77753424
19.78125581
19.78496475
19.7886678
19.79254122
19.79621645
19.79988195
19.80372277
19.80736565
19.8111793
19.81479271
19.81857011
19.82214624
19.82588679
19.82943405
19.83314887
19.83668266
19.84038733
19.84408167
19.84778902
19.85132397
19.85504498
19.85875932
19.86245637
19.86613592
19.86962636
19.87327577
19.87690307
19.88051981
19.88413581
19.88773751
19.89132358
19.89489978
19.89847116
19.90222096
19.90582533
19.90943088
19.91303752
19.91662839
19.92037911
19.9239633
19.92753658
19.93128202
19.93485075
19.93842199
19.94216803
19.94573679
19.94946608
19.95300867
19.95671109
19.96024341
19.963944
19.96764795
19.97117822
19.97486124
19.9785273
19.98201888
19.98566893
19.9893226
19.9929847
19.99664005
20.00029974
20.00377775
20.00740925
20.01103888
20.0146667
20.01829293
20.02190683
20.02569741
20.02933101
20.03297088
20.03661907
20.0402684
20.04392149
20.0477405
20.05139892
20.05506269
20.05891076
20.06259346
20.06626977
20.07009821
20.07374938
20.07756905
20.08122494
20.08504654
20.08885854
20.09250272
20.09632355
20.10015671
20.10382681
20.10766308
20.11150399
20.11533219
20.11899217
20.12281262
20.12663279
20.13044929
20.13426435
20.13806989
20.14186106
20.14566411
20.1494739
20.15327812
20.15708114
20.16104016
20.16481539
20.16857545
20.17232739
20.17623728
20.17998434
20.18372936
20.1876283
20.19135134
20.19507307
20.19895147
20.20266394
20.20652965
20.21021714
20.21404606
20.21786187
20.22151066
20.22531726
20.22913008
20.23293284
20.23656321
20.24034101
20.24411796
20.24788797
20.25163226
20.25536922
20.25909371
20.26282002
20.2665313
20.27023863
20.27393913
20.27763633
20.28131964
20.28500458
20.2888349
20.29249485
20.29614336
20.29978741
20.30358825
20.30723281
20.31100956
20.31462853
20.31839034
20.32198469
20.32572772
20.32931101
20.33302613
20.33659594
20.34031428
20.34401914
20.34771343
20.35124651
20.3549194
20.35858252
20.36224039
20.36587322
20.3694911
20.37309831
20.3766983
20.38028102
20.3838558
20.38741466
20.39096926
20.39452001
20.39806166
20.40172494
20.40522893
20.40871677
20.41232352
20.41578114
20.41923075
20.42281149
20.42623478
20.42978159
20.43316351
20.43665354
20.43999071
20.44342816
20.44683363
20.45009508
20.45347688
20.45683198
20.46017409
20.46350382
20.46668299
20.4699776
20.47325226
20.47649398
20.47970379
20.48289214
20.48605889
20.48932179
20.49242019
20.49549229
20.49854261
20.50157279
20.50470204
20.50770402
20.51070302
20.51377946
20.51672747
20.51976695
20.52267389
20.52568885
20.5285843
20.531562
20.53439624
20.53730603
20.5401835
20.54305342
20.5457976
20.5486333
20.55145966
20.55427059
20.55707172
20.55984649
20.56261419
20.56537331
20.5681103
20.57082035
20.57351699
20.5761811
20.57881919
20.58152121
20.58409846
20.58665521
20.58929173
20.59182037
20.59433379
20.59693544
20.59943759
20.60200727
20.60446051
20.60698268
20.60949893
20.61192457
20.61443445
20.61693559
20.61944166
20.62185004
20.62433487
20.62681483
20.62929451
20.63176306
20.6342102
20.63663177
20.63903348
20.6414075
20.64376069
20.6461735
20.64847684
20.65076335
20.65304187
20.65537397
20.6576085
20.65981645
20.66208001
20.66425978
20.66649762
20.66864618
20.67084988
20.67303068
20.67512747
20.67731213
20.67950776
20.68168478
20.68377243
20.68591208
20.6880313
20.69014685
20.69225555
20.69435308
20.69643897
20.69851422
20.70058299
20.70271321
20.70477256
20.70683031
20.70887367
20.71099133
20.71301983
20.7150347
20.71710988
20.71909664
20.72113506
20.72308902
20.72509984
20.72710471
20.72902133
20.73098984
20.73294838
20.73489317
20.73675925
20.73867904
20.74058772
20.74249532
20.74439735
20.7463121
20.74822807
20.75014059
20.75204084
20.75399522
20.75588275
20.75775704
20.75962449
20.76153745
20.76337879
20.76526866
20.76708425
20.7689569
20.77075513
20.77260937
20.77438853
20.77621191
20.77801508
20.77973329
20.78148389
20.78321739
20.78494816
20.78666987
20.78837635
20.79005327
20.79170982
20.79334442
20.79496505
20.7965749
20.79817196
20.79981167
20.80139751
20.80297562
20.8045926
20.80615278
20.80770806
20.80929721
20.81083042
20.81240653
20.81396708
20.81546619
20.8170137
20.81854475
20.82002647
20.82154247
20.82305048
20.8245554
20.8260513
20.82754319
20.82902523
20.83050263
20.83196058
20.83340919
20.83487902
20.83628769
20.83767616
20.83905729
20.8404938
20.84187738
20.84330992
20.84468753
20.84608571
20.8474306
20.84880536
20.85015781
20.85146805
20.85280748
20.85413476
20.85545628
20.85678086
20.858051
20.8593452
20.86061434
20.86185849
20.8631041
20.86428719
20.86542858
20.86653094
20.86759288
20.86865099
20.86964648
20.8706439
20.87158514
20.87250815
20.87345252
20.8743703
20.87522892
20.87609019
20.87692686
20.87770998
20.87849056
20.87925605
20.88000198
20.88071848
20.88141029
20.88209205
20.88275641
20.88341441
20.88407165
20.88471161
20.88534543
20.88595112
20.88653617
20.88711296
20.88766514
20.88822379
20.88875387
20.88929109
20.88980015
20.89030611
20.89079552
20.8912458
20.89169079
20.89212042
20.89253864
20.89293567
20.89330091
20.89365111
20.89399379
20.89433045
20.89465167
20.89496791
20.89526975
20.8955703
20.89586654
20.89616389
20.8964355
20.89669537
20.89692127
20.89713751
20.89734673
20.89753147
20.8977018
20.89785109
20.89797271
20.89807163
20.89815741
20.89820433
20.89821464
20.89821413
20.89820172
20.89814068
20.89802786
20.89787871
20.89769637
20.89749217
20.89726187
20.8969951
20.89672228
20.89643321
20.89613499
20.89581625
20.89545674
20.89509103
20.89469112
20.89427756
20.89384257
20.8933879
20.8929153
20.89240197
20.89187548
20.89132486
20.89075043
20.8901544
20.88951837
20.88885634
20.8881771
20.8874737
20.88676165
20.88600811
20.88525829
20.88447515
20.88369926
20.88288475
20.88202181
20.8811361
20.88021626
20.87929856
20.87833994
20.87736801
20.87636889
20.87541232
20.87444213
20.87346651
20.87249058
20.87147675
20.8704683
20.86944952
20.86838682
20.86734842
20.86626596
20.86515688
20.86405401
20.86290141
20.86172631
20.86056285
20.85935675
20.85812421
20.85687824
20.85561027
20.85431793
20.85299257
20.85162168
20.85025286
20.84885193
20.84738662
20.84592851
20.84443678
20.84286344
20.84130511
20.8396817
20.83803885
20.83641647
20.83471736
20.83301243
20.83129398
20.82954772
20.8278009
20.82605118
20.82427552
20.82248585
20.82068007
20.81885725
20.81701724
20.81512107
20.81326955
20.81136959
20.80950758
20.80759407
20.80571242
20.8037622
20.80182555
20.79993859
20.79800766
20.79606593
20.79409547
20.79211053
20.79012369
20.78815231
20.78617396
20.78417047
20.78209664
20.78005494
20.77799736
20.77586381
20.77375806
20.77158491
20.76945352
20.76727218
20.76507333
20.76292687
20.76070584
20.75847005
20.7562307
20.75398217
20.75173448
20.74950153
20.74728606
20.74508443
20.74290075
20.74066601
20.73848323
20.73631638
20.7341002
20.73194152
20.72970879
20.72746906
20.72529588
20.72307113
20.72085396
20.71863602
20.71643277
20.71423483
20.71207635
20.70994359
20.7078291
20.70572457
20.70361429
20.70144829
20.69934003
20.69724662
20.69511118
20.6930482
20.69092481
20.68879265
20.68669634
20.6845455
20.68239862
20.68027781
20.67816255
20.67604941
20.67394271
20.67185038
20.66976138
20.6676646
20.6655764
20.66344935
20.6613793
20.6592644
20.6572077
20.65511691
20.65308764
20.65101344
20.64893817
20.64686544
20.64479003
20.64274859
20.64066737
20.63854137
20.63645657
20.63436239
20.63227101
20.63017486
20.62802382
20.62592029
20.62376667
20.62166051
20.61950817
20.61739432
20.61523644
20.61309241
20.61094953
20.60885582
20.60672207
20.60460982
20.60245992
20.60037621
20.59831624
20.59627431
20.59424652
20.59220835
20.59023573
20.58825015
20.58633304
20.58439573
20.58246842
20.58059002
20.57870493
20.57685118
20.5750343
20.57325443
20.57149628
20.56977407
20.5680779
20.56641779
20.56475736
20.56315122
20.56155148
20.560028
20.55850086
20.55702959
20.55553882
20.55405402
20.55263581
20.55121847
20.54984047
20.54849622
20.5471804
20.54588576
20.54459294
20.54334807
20.54215193
20.54098676
20.53982186
20.53871545
20.53762345
20.53656968
20.53556988
20.53458432
20.53362406
20.53269194
20.53179081
20.53092569
20.53008697
20.52927306
20.52847902
20.52771019
20.52696408
20.52626815
20.52558726
20.52494723
20.52432905
20.52375296
20.52321065
20.52270757
20.52224699
20.52181546
20.52141366
20.521039
20.52069806
20.52040614
20.52015512
20.51992793
20.51973476
20.51957703
20.51944935
20.51935046
20.5192937
20.51929081
20.51932755
20.51940067
20.51950671
20.51966244
20.51987917
20.52015263
20.52047102
20.52083114
20.52122935
20.52167518
20.52214381
20.52265388
20.52318357
20.5237501
20.52433949
20.52495466
20.52559668
20.52630634
20.5270538
20.52784449
20.52869943
20.52957705
20.53048557
20.53142789
20.53242083
20.53342522
20.53447563
20.53556108
20.53665111
20.53779733
20.53897893
20.5401983
20.54144704
20.54272681
20.5440431
20.54540757
20.54682378
20.54831998
20.54983226
20.55137563
20.55297446
20.55460784
20.55624908
20.55795992
20.5596997
20.56147348
20.5632843
20.56512717
20.56700936
20.56892415
20.57088149
20.57292055
20.57498404
20.57709553
20.57928887
20.58151551
20.58373367
20.5860176
20.58831857
20.59064318
20.5929962
20.59537701
20.59778541
20.6002292
20.60268959
20.605207
20.6076921
20.61020466
20.61279134
20.61539705
20.61797491
20.62063436
20.62332334
20.62604706
20.62880897
20.63163333
20.63448777
20.63737369
20.64029801
20.64331897
20.64632545
20.64942634
20.6525046
20.65568266
20.65890366
20.66211825
20.66542967
20.66877974
20.67217922
20.67561245
20.67914232
20.68265523
20.68621284
20.68986303
20.6934805
20.69720543
20.70089594
20.70467705
20.70849733
20.71235228
20.71623883
20.72016233
20.72413185
20.72814556
20.73219975
20.73628906
20.74049952
20.74467384
20.74896844
20.75323406
20.75761513
20.76203122
20.76647476
20.77095207
20.77546565
20.78001572
20.78459428
20.78918728
20.79389072
20.79854601
20.80323185
20.80801485
20.81281751
20.8175715
20.82243436
20.82731885
20.83223224
20.8371568
20.84209651
20.84704964
20.85210145
20.85708855
20.86207888
20.86716901
20.87220039
20.87734867
20.88253065
20.88774796
20.89299627
20.89828003
20.90359091
20.90893553
20.91430824
20.91971562
20.92525394
20.93073634
20.9363503
20.94190504
20.94757345
20.95327038
20.95901058
20.96478267
20.97058566
20.97642461
20.98229392
20.98818423
20.99419753
21.00013788
21.0061898
21.01217276
21.01828451
21.0244243
21.03058906
21.0367825
21.0429988
21.04923052
21.05548075
21.0617512
21.06813668
21.07444073
21.08085183
21.08717527
21.09361532
21.10008358
21.10657908
21.11309671
21.11963218
21.12618749
21.13275736
21.13935113
21.14606253
21.15268576
21.15942791
21.16608719
21.17286098
21.17964852
21.1864412
21.19325626
21.20010488
21.20698265
21.21388358
21.22081246
21.22786828
21.23483653
21.24193597
21.24894755
21.25608594
21.2632506
21.27043517
21.27764442
21.28487353
21.29212156
21.29949549
21.30677636
21.31408302
21.32152824
21.32888451
21.33637402
21.34388769
21.35142525
21.35897781
21.3665408
21.37411392
21.38170034
21.38941195
21.39704055
21.40468625
21.41246095
21.42025831
21.42807992
21.43580727
21.44366295
21.45154028
21.45943463
21.46745072
21.47536662
21.48329244
21.49134592
21.49929371
21.5073612
21.51544665
21.52354254
21.53164411
21.53975869
21.54788364
21.55601497
21.56414709
21.57239407
21.58053195
21.58878889
21.59692685
21.60518798
21.6134619
21.62175179
21.63005924
21.63837288
21.64669505
21.65514926
21.66349816
21.67198089
21.68035036
21.68884122
21.69733615
21.70572203
21.71423574
21.72287475
21.73139566
21.73991417
21.74843105
21.75707782
21.76560981
21.77426456
21.78292307
21.79147612
21.80016609
21.80886266
21.81757286
21.82640421
21.83511435
21.84382954
21.85268046
21.86143535
21.87033136
21.87924368
21.88817337
21.89711484
21.90606602
21.91503013
21.92401666
21.93303118
21.94219351
21.95124846
21.96043822
21.96963697
21.97871266
21.98792118
21.99714382
22.00638557
22.01577475
22.02505683
22.03435151
22.04378817
22.05323469
22.06255297
22.07201318
22.08149407
22.09099071
22.1004928
22.10999849
22.11964911
22.12919083
22.13874718
22.14844173
22.15815281
22.16788141
22.17749111
22.18722919
22.19709176
22.20683405
22.21658276
22.22634223
22.23624687
22.24603609
22.25595598
22.26588178
22.27580825
22.2857335
22.29566969
22.30560765
22.31555534
22.32563877
22.33559671
22.34569481
22.35579793
22.3658894
22.37585543
22.3860931
22.39622117
22.40635941
22.41650888
22.42680633
22.43698948
22.44732569
22.45767213
22.46790794
22.47828992
22.48868609
22.49923055
22.50965557
22.52009713
22.53069244
22.54117374
22.55180185
22.56244121
22.57310697
22.58379145
22.59449951
22.60523928
22.61600511
22.62692763
22.63774415
22.64869908
22.65966271
22.67049331
22.68147089
22.69246779
22.70360884
22.71462477
22.72565205
22.73683163
22.74789157
22.75909204
22.7702882
22.78149846
22.7927158
22.80393685
22.81515692
22.82651821
22.83774631
22.84911589
22.86034787
22.87171977
22.88308553
22.89444434
22.90579776
22.91715081
22.92863116
22.93997113
22.95145496
22.96279342
22.97425341
22.98571016
22.99715996
23.00859934
23.02003091
23.03158621
23.04299963
23.05454847
23.06595555
23.07749921
23.08904584
23.10060587
23.11217392
23.12375348
23.13548457
23.14709614
23.15886184
23.1705028
23.18229229
23.19409209
23.20589367
23.21770611
23.22952493
23.24147781
23.25329625
23.26524835
23.27706973
23.28901926
23.30095959
23.31290041
23.32483875
23.33691727
23.34886781
23.36082794
23.37293188
23.38504306
23.39715646
23.40927008
23.42139482
23.43352416
23.44566384
23.45795194
23.47010175
23.48238923
23.4946715
23.50681684
23.51910765
23.53154591
23.54385278
23.55615227
23.56858443
23.58087778
23.59329402
23.60569209
23.61808374
23.63046249
23.64282333
23.65517188
23.66764503
23.67997399
23.69242425
23.70486048
23.71728784
23.72970367
23.74210352
23.75448766
23.766855
23.77934024
23.79180934
23.80411834
23.81653375
23.82893301
23.84131759
23.85367933
23.8661588
23.87848843
23.89094086
23.90338521
23.91569018
23.92810988
23.94064698
23.95302712
23.96540121
23.97776085
23.99024079
24.00271099
24.01517797
24.02763463
24.04007786
24.05249012
24.06488253
24.07739534
24.08975282
24.10221391
24.11466023
24.12708985
24.13949859
24.15187138
24.16420549
24.1766321
24.18889693
24.20124777
24.21355488
24.22582791
24.23806445
24.25026203
24.26242475
24.27467898
24.28677773
24.29896642
24.31112055
24.32323866
24.33532961
24.34737728
24.35938196
24.37146148
24.38338453
24.3953899
24.40735993
24.41929394
24.43118995
24.44305648
24.45501034
24.46679592
24.47867305
24.49050929
24.50230363
24.5140643
24.52579048
24.5374831
24.54925874
24.56086486
24.57253833
24.58417072
24.59577333
24.60734622
24.61889148
24.63040952
24.64202721
24.65350742
24.66508364
24.67663246
24.68814528
24.69963193
24.71109409
24.72264584
24.73406367
24.74556712
24.75703312
24.76847047
24.77987301
24.7912358
24.80256289
24.81396591
24.82521176
24.83652833
24.84780519
24.85905242
24.8702634
24.88143223
24.89266894
24.90375854
24.91490197
24.9259859
24.93702569
24.94802507
24.95898385
24.97000162
24.98086937
24.99180001
25.0026873
25.01353385
25.02433264
25.03507932
25.04577541
25.05652254
25.06712387
25.07778009
25.08839058
25.09896876
25.10949938
25.12007606
25.13050089
25.14097799
25.15131775
25.16171431
25.17206043
25.1823702
25.19274503
25.20298728
25.21328306
25.22354037
25.23365519
25.24382164
25.25403065
25.26408657
25.27411512
25.28420717
25.29426044
25.30426824
25.31422845
25.3241369
25.33398341
25.34386427
25.35360259
25.36336229
25.37305216
25.3826872
25.39225738
25.40176405
25.41130526
25.42070572
25.43013406
25.43950715
25.44880606
25.45804089
25.46730889
25.47643402
25.4855598
25.49461747
25.50361945
25.51256585
25.52147256
25.53035563
25.5392838
25.54810105
25.55695442
25.5657863
25.57458541
25.5834262
25.59214723
25.60092054
25.60959418
25.61830953
25.62697318
25.63559785
25.64424676
25.65278384
25.66137829
25.66986256
25.67838756
25.68687656
25.69539186
25.70379018
25.71223016
25.72056976
25.72894238
25.73727754
25.74558171
25.75390415
25.76210767
25.77035252
25.7784886
25.78664998
25.79477397
25.80285329
25.810962
25.81895108
25.82695526
25.83491607
25.84283474
25.85070361
25.85853069
25.86638871
25.87414109
25.88192447
25.88964708
25.89732837
25.90498006
25.91266424
25.92026409
25.92789456
25.93549821
25.94306447
25.95060331
25.95810906
25.96562883
25.97312743
25.98054267
25.98799553
25.9954899
26.00289738
26.01028964
26.01770708
26.02507629
26.03239972
26.03966664
26.04688641
26.05408207
26.06128809
26.06844041
26.07556492
26.08267363
26.08975157
26.09682234
26.10393623
26.11105062
26.11810856
26.12520637
26.13233578
26.1393846
26.14647254
26.15350552
26.16058396
26.16765724
26.17471275
26.18180035
26.1888212
26.19586953
26.20288853
26.20987692
26.21683891
26.22378368
26.23076645
26.23773351
26.24463053
26.25155568
26.25851546
26.26539846
26.27224898
26.27912938
26.28597027
26.29279498
26.29959497
26.30645689
26.31325189
26.32009668
26.32694631
26.33380164
26.34065305
26.34749103
26.3543862
26.36128508
26.36815774
26.37500241
26.38182114
26.38861927
26.39543885
26.40224017
26.40903289
26.41581387
26.422567
26.429286
26.43604454
26.44280288
26.44955662
26.45628757
26.46299628
26.46975096
26.47644176
26.48317005
26.48989814
26.49661209
26.50333558
26.5099654
26.51662206
26.52326589
26.52989523
26.53650766
26.54315088
26.54973307
26.55633847
26.56291742
26.56948261
26.57603061
26.58259828
26.58908061
26.59559484
26.60208338
26.60857714
26.61496212
26.62135239
26.62765994
26.6339819
26.64026416
26.64655022
26.65273329
26.65892922
26.66503906
26.67114423
26.67726685
26.68332345
26.68940546
26.69543782
26.70152031
26.70759446
26.71373032
26.71984899
26.72605441
26.73229063
26.73855256
26.74484724
26.75117714
26.75757518
26.76399444
26.77043438
26.77690304
26.78337391
26.78985961
26.7964134
26.8029811
26.80956517
26.81616168
26.82281139
26.82943469
26.83612406
26.84282518
26.84953644
26.85628764
26.86298917
26.86974137
26.87650651
26.8832673
26.89010087
26.89690931
26.90378588
26.91066607
26.91753044
26.92437871
26.93126646
26.93809693
26.94495681
26.95179647
26.95861564
26.96546047
26.97224082
26.97902549
26.9857855
26.99253259
26.99932351
27.00607908
27.01288518
27.01966287
27.02642156
27.03319091
27.03991717
27.04668792
27.05344407
27.06019018
27.06697816
27.07371154
27.08046611
27.0872068
27.09391252
27.10060556
27.10734957
27.11408564
27.12080492
27.12751459
27.1342093
27.14092911
27.14759773
27.15431834
27.16105862
27.16787342
27.17466152
27.18149549
27.1883299
27.19516174
27.20199286
27.20884535
27.21568753
27.22252357
27.22933301
27.23614832
27.24301965
27.24989588
27.256758
27.26363039
27.27051905
27.27747081
27.28439203
27.29138151
27.29844309
27.30549533
27.31264056
27.31978775
27.32702589
27.33434678
27.341664
27.34906188
27.35650053
27.36397829
27.37150353
27.37907116
27.38673065
27.39441806
27.40213563
27.40989411
27.41773082
27.42558997
27.43347499
27.4413666
27.44928034
27.45727167
27.46528649
27.47329335
27.48130367
27.48935866
27.4974982
27.5056723
27.5138929
27.52215461
27.53050899
27.53882449
27.54720964
27.55559566
27.56405866
27.57251415
27.58104705
27.58961156
27.5982042
27.60687225
27.61550013
27.62420066
27.63291849
27.64173119
27.65052992
27.65940879
27.66831499
27.67724918
27.6862197
27.695276
27.70434463
27.71343046
27.722551
27.73176427
27.74095205
27.75020842
27.75949204
27.76886728
27.77823228
27.7876831
27.79714988
27.80662497
27.81614835
27.8256539
27.83513916
27.84462084
27.85408747
27.86359217
27.8730706
27.88251984
27.89195372
27.90136851
27.91080313
27.92021858
27.92962456
27.93904519
27.94837257
27.95771432
27.96704325
27.97640778
27.98568149
27.99498363
28.00424479
28.01347965
28.02274774
28.03191991
28.0411234
28.05029676
28.05948173
28.06863393
28.0777083
28.08681061
28.09594332
28.10500419
28.11409374
28.12313223
28.13212747
28.14112397
28.15007932
28.15896396
28.1677647
28.17649967
28.18521179
28.19385866
28.20245936
28.21104659
28.21964514
28.22819113
28.23668166
28.24514838
28.25363072
28.26202421
28.27042441
28.27883499
28.28717768
28.29553776
28.30386319
28.31215404
28.32048355
28.32877075
28.33709142
28.34540562
28.35374161
28.36202925
28.37035851
28.37871116
28.38701742
28.3953563
28.4036535
28.412024
28.4203299
28.42862289
28.43683192
28.44509381
28.4532617
28.46139244
28.46951498
28.47756923
28.48562068
28.49353985
28.50140989
28.50919704
28.51695688
28.52462727
28.53226523
28.53986971
28.54741767
28.55495678
28.56243348
28.56988099
28.5773275
28.58480624
28.59221096
28.59964171
28.60711031
28.61454704
28.62199408
28.62944844
28.63695778
28.6444149
28.65192918
28.65945981
28.66699433
28.67457727
28.68215044
28.68972702
28.69732903
28.7049872
28.71265731
28.72032434
28.72802814
28.73580303
28.74362333
28.75146938
28.75936685
28.76726044
28.77526019
28.78331663
28.7914544
28.7996175
28.80778829
28.8159823
28.82417163
28.83240665
28.84064398
28.84894723
28.85722717
28.86557933
28.87393919
28.88233862
28.89079333
28.89922591
28.90764574
28.91605808
28.92451499
28.93294753
28.94134136
28.94974499
28.95812962
28.96655133
28.97500154
28.98336904
28.99172862
29.00006287
29.00839306
29.01677497
29.02511777
29.03347876
29.0418951
29.05027384
29.05867786
29.06704962
29.07542789
29.08379197
29.09212848
29.10041674
29.10871444
29.117009
29.12526761
29.13350701
29.14176831
29.15002214
29.15824334
29.16646243
29.174618
29.1827819
29.1909741
29.19913918
29.20733556
29.21553372
29.22367452
29.23183461
29.23997965
29.24809298
29.25618123
29.26421458
29.27217957
29.28008473
29.2879349
29.29569439
29.30338945
29.31107584
29.31864009
29.32620992
29.33369562
29.3411537
29.3485396
29.35587041
29.36317709
29.37045935
29.37766434
29.3848491
29.39195122
29.399067
29.40615384
29.41319896
29.42026101
29.42730758
29.43434416
29.44130183
29.44820502
29.45506522
29.46195985
29.46885537
29.47573637
29.48255139
29.48935561
29.49617308
29.50302584
29.50985019
29.51674834
29.52369011
29.5306911
29.53770065
29.5447146
29.55172351
29.55873225
29.56571533
29.57265921
29.5795571
29.58645254
29.59333281
29.60012618
29.6069226
29.61367357
29.62041105
29.62714793
29.63385302
29.64053677
29.6472212
29.65381135
29.6603872
29.66683118
29.67326331
29.67963069
29.68594779
29.69223766
29.69846142
29.70462001
29.71076751
29.71686148
29.72292532
29.72894268
29.7349302
29.74085493
29.74673271
29.75251768
29.75825072
29.76396827
29.76966591
29.77540086
29.78109505
29.7866822
29.79222514
29.79772537
29.80317795
29.80856562
29.81387112
29.81908822
29.82427916
29.82940781
29.83445618
29.8394266
29.84429508
29.8491519
29.85398184
29.85878929
29.86354965
29.86825734
29.87289203
29.87744842
29.88195766
29.8864276
29.89078942
29.89503261
29.89919668
29.90323846
29.90723422
29.91115627
29.91500617
29.91881324
29.92254715
29.92620107
29.92979647
29.93330566
29.93669125
29.93997941
29.94316578
29.94624294
29.94920479
29.95200204
29.95471669
29.95733466
29.95978268
29.96216263
29.96446933
29.96667489
29.96878787
29.97081293
29.97271599
29.97444032
29.97602087
29.97746623
29.97878559
29.97996233
29.98093606
29.98170092
29.9822779
29.98269359
29.98297953
29.98310367
29.98309043
29.98295627
29.98268312
29.98228455
29.98172769
29.98105277
29.98019605
29.97916113
29.97800147
29.97664703
29.97510564
29.97337613
29.97150093
29.96945254
29.96720019
29.96484356
29.96234978
29.95964079
29.95679464
29.95380556
29.95065811
29.94734997
29.94388391
29.94025204
29.93650204
29.93262242
29.92855906
29.9243816
29.92006196
29.91567483
29.91120243
29.90664157
29.90200524
29.89731614
29.89258933
29.88781983
29.88303669
29.87821911
29.8733497
29.86841788
29.86345757
29.85844996
29.85341052
29.84836119
29.84328851
29.83819014
29.8330159
29.82787254
29.82276111
29.81758394
29.81238744
29.8071742
29.80201941
29.79685759
29.79162788
29.78634964
29.7810476
29.77574334
29.7705006
29.7652933
29.76010614
29.75497528
29.74982233
29.74465856
29.73943533
29.73416502
29.72879648
29.72333114
29.71780216
29.71217964
29.70642934
29.70058849
29.69467381
29.68867131
29.68256389
29.6764057
29.67016131
29.66381386
29.65733379
29.65075645
29.64410037
29.63734162
29.63051237
29.62368113
29.61681026
29.60980561
29.60271069
29.59553843
29.58831597
29.58103512
29.57366872
29.56630458
29.55895548
29.55156619
29.54415129
29.53664907
29.52907936
29.52148015
29.51377795
29.50602262
29.49823543
29.49037266
29.48248584
29.47452156
29.46648391
29.45834525
29.45012955
29.44189592
29.43359272
29.42525345
29.41684117
29.40838497
29.39988838
29.39128151
29.38258751
29.37377174
29.36491344
29.35602824
29.34701379
29.33788666
29.32865033
29.31935235
29.30991743
29.30034509
29.29076329
29.28105236
29.27129795
29.26138629
29.25146996
29.24154874
29.2316288
29.22158027
29.21150059
29.20138214
29.19118935
29.18089961
29.17046493
29.15988538
29.14920827
29.13842228
29.12754709
29.1165426
29.10547987
29.09431741
29.0830431
29.07165681
29.06016728
29.04854931
29.03679155
29.02491415
29.0129081
29.00072169
28.98849323
28.97623865
28.9639047
28.95149308
28.93903248
28.92646272
28.91374504
28.90098268
28.88814272
28.87512429
28.86210341
28.84905766
28.83599296
28.82286697
28.80962397
28.79630264
28.78290424
28.76950722
28.75610546
28.74260596
28.72904327
28.71534478
28.70160655
28.68774894
28.67367495
28.65942403
28.64507925
28.63063034
28.61597206
28.60114941
28.58614552
28.57101697
28.55579536
28.54047714
28.52510096
28.5096032
28.49402552
28.47830802
28.46250017
28.44660395
28.43058238
28.414461
28.39817848
28.38191642
28.36561009
28.3492368
28.33274074
28.31605109
28.29921404
28.28219512
28.26506045
28.24783174
28.23048991
28.21309679
28.19559446
28.17798221
28.16049
28.14285403
28.12525579
28.10744942
28.08967342
28.07184772
28.05392042
28.03597757
28.01802055
28.00001505
27.98200067
27.96385949
27.94563776
27.92734856
27.90907468
27.89069857
27.87226571
27.85380496
27.83530964
27.81685395
27.79836541
27.77983544
27.76124752
27.74266967
27.72403438
27.70534427
27.68661937
27.66786724
27.64904524
27.6301814
27.61121353
27.59210939
27.57298228
27.55370466
27.53430654
27.51474568
27.49512873
27.47541408
27.45569813
27.43599508
27.41620559
27.39635774
27.37654347
27.35671656
27.33683288
27.31693323
27.29701743
27.27708832
27.25708639
27.23706905
27.21702615
27.19699682
27.17688179
27.15670972
27.13652519
27.11639588
27.09621089
27.07603881
27.05586973
27.03560887
27.01526945
26.99482564
26.97429331
26.95378859
26.9331359
26.9125214
26.8917137
26.87089727
26.85006029
26.82911125
26.80799289
26.78695084
26.76580966
26.74474265
26.7236359
26.70241268
26.68115031
26.65971524
26.63826292
26.61678976
26.59517048
26.57358978
26.55189995
26.5301038
26.50828574
26.48641209
26.46444446
26.44238493
26.4202921
26.39815529
26.37589994
26.35352194
26.33105902
26.308454
26.28569542
26.26272291
26.23959784
26.21641286
26.19305579
26.16957273
26.14604851
26.12240968
26.0986812
26.07480981
26.05090663
26.02695318
26.00287592
25.9787133
25.95438567
25.92995489
25.90550886
25.88099981
25.85644476
25.8317765
25.80703592
25.78220194
25.75735761
25.73248026
25.70760459
25.68275374
25.65777983
25.63285097
25.60777342
25.5827053
25.5574943
25.53230567
25.50698833
25.4817598
25.45664653
25.43154337
25.40648093
25.38135416
25.35615213
25.33095424
25.30577874
25.28053996
25.25521203
25.22988974
25.20461755
25.17928236
25.15408652
25.12885725
25.10354966
25.0783569
25.0531274
25.02782102
25.00254643
24.97714368
24.95177089
24.92642615
24.90110122
24.87578967
24.85047936
24.82525557
24.79996116
24.77475449
24.74941667
24.72421844
24.6990144
24.67388449
24.64877338
24.62370004
24.59866436
24.5736904
24.548795
24.52393714
24.49907031
24.47428794
24.44948899
24.42469712
24.39991272
24.37511197
24.35030951
24.32553698
24.30070677
24.27583959
24.25102945
24.22623209
24.2014627
24.17667245
24.15186107
24.12707529
24.10232263
24.07756462
24.05302306
24.02851343
24.00416269
23.97981555
23.95560179
23.93151304
23.90751096
23.88355042
23.85975536
23.83606732
23.81251271
23.78902343
23.76566804
23.74251066
23.71953803
23.69662427
23.67389424
23.65120684
23.6286562
23.60628763
23.5840476
23.56194606
23.53998711
23.51811923
23.49638885
23.47472948
23.45316536
23.43173934
23.41043904
23.38930035
23.36828205
23.34737933
23.32663398
23.30604834
23.28552706
23.26519515
23.24490943
23.22477251
23.20478754
23.18487563
23.1651782
23.14556791
23.12612524
23.1068421
23.08772602
23.06876848
23.0499635
23.03136997
23.01283397
22.99444162
22.97616085
22.95803448
22.94004977
22.92217114
22.9044652
22.88690649
22.86952835
22.85225841
22.83509365
22.81808329
22.80123242
22.78454412
22.7680453
22.75172683
22.73561261
22.71967629
22.70394514
22.68839245
22.67298298
22.65774498
22.6426982
22.62785504
22.61328093
22.59898294
22.58491267
22.57112514
22.55766015
22.54447879
22.5316098
22.51904733
22.50678076
22.49482684
22.48320171
22.47187273
22.46082727
22.45006701
22.43956809
22.42935607
22.41938273
22.4097284
22.40033104
22.39120426
22.3823432
22.37371263
22.36536992
22.35728897
22.34945556
22.34188715
22.33456533
22.32750106
22.3207044
22.31418125
22.30790505
22.30188386
22.2961319
22.29063332
22.28538056
22.28038259
22.27565331
22.27116625
22.26692821
22.26293755
22.25920654
22.25574584
22.25256114
22.2496588
22.24703848
22.24469308
22.24263812
22.24086986
22.23938391
22.23819347
22.23729862
22.23669047
22.23638326
22.23638611
22.23668866
22.23730703
22.23824285
22.23949343
22.2410423
22.24289562
22.24505511
22.24751371
22.25026933
22.25333361
22.25669639
22.260355
22.26430244
22.26854992
22.27308565
22.27791119
22.28304508
22.2884698
22.29420058
22.3002253
22.30656375
22.31316671
22.3200674
22.32725375
22.33474217
22.3425192
22.35056893
22.3589074
22.36753468
22.37643378
22.38561922
22.39509668
22.40484902
22.41488668
22.42519904
22.43577143
22.44664537
22.45774366
22.46911961
22.48072999
22.49259992
22.50473044
22.51708821
22.52968662
22.54251689
22.55557249
22.56882552
22.58229683
22.59594605
22.60982174
22.62386928
22.63807774
22.65250876
22.66710463
22.68189475
22.69685598
22.7120359
22.72738078
22.74289492
22.75862809
22.77450702
22.7905598
22.80677629
22.82321982
22.83982882
22.85662153
22.87355764
22.89065935
22.9079408
22.92538068
22.94297757
22.96077032
22.97878157
22.99700323
23.01539878
23.03399987
23.05273694
23.07160115
23.09062581
23.10973592
23.12901731
23.14845394
23.16802589
23.18774115
23.20762141
23.2277596
23.24805802
23.26851925
23.2891109
23.30988977
23.33073893
23.35171348
23.37285466
23.39424253
23.41576071
23.43743095
23.45927564
23.48133192
23.5035087
23.52584452
23.54826895
23.57086288
23.59353026
23.6162884
23.63917812
23.66215714
23.68531157
23.70862624
23.73204111
23.75557925
23.77934025
23.8031896
23.82714139
23.85130793
23.87559929
23.90008493
23.92474462
23.94954292
23.97445004
23.99950911
24.02464571
24.04989331
24.07538496
24.101053
24.12685646
24.15277339
24.17882871
24.20502198
24.23144198
24.25802098
24.28482391
24.31194088
24.33916213
24.36656065
24.39415975
24.42190823
24.44976799
24.47762613
24.50548315
24.53332494
24.56110867
24.58890132
24.61678814
24.64466845
24.67260284
24.70048791
24.72843341
24.75623072
24.78400634
24.81179749
24.83941604
24.86699385
24.89446798
24.92206945
24.94981847
24.97771918
25.00571482
25.03360182
25.06152972
25.08948186
25.11729614
25.14503057
25.17257566
25.20005808
25.22756872
25.25507627
25.28241447
25.30961506
25.3365895
25.36328635
25.38958226
25.41550385
25.4410842
25.46634757
25.49133674
25.51610782
25.5406224
25.56480046
25.58854623
25.61189888
25.63499965
25.65791647
25.68072038
25.7032908
25.7257964
25.74815878
25.77019798
25.79194096
25.81342804
25.83472588
25.85571205
25.87669145
25.89751273
25.91812975
25.9386663
25.95908194
25.97934863
25.99945378
26.01920547
26.03859923
26.05768391
26.07661988
26.09529794
26.11358171
26.13151213
26.14923928
26.16672378
26.18396502
26.20094564
26.21785667
26.23463033
26.25116079
26.26753965
26.28383561
26.29962317
26.31496285
26.32984578
26.34427442
26.35840978
26.37216026
26.38539333
26.39789399
26.4100864
26.42206099
26.43376776
26.44510264
26.45633804
26.46749473
26.47856782
26.48962037
26.50052215
26.51152367
26.52272468
26.53423325
26.54601763
26.55811611
26.57053535
26.58357802
26.59703486
26.61094014
