0.00500154211
0.01000308422
0.01500462633
0.02000616844
0.02500771055
0.03000925266
0.03501079477
0.04001233688
0.04501387899
0.0500154211
0.05501696321
0.06001850532
0.06502004743
0.07002158954
0.07502313165
0.08002467376
0.08502621587
0.09002775798
0.09502930009
0.1000308422
0.1050323843
0.1100339264
0.1150354685
0.1200370106
0.1250385528
0.1300400949
0.135041637
0.1400431791
0.1450447212
0.1500462633
0.1550478054
0.1600493475
0.1650508896
0.1700524317
0.1750539739
0.180055516
0.1850570581
0.1900586002
0.1950601423
0.2000616844
0.2050632265
0.2100647686
0.2150663107
0.2200678528
0.225069395
0.2300709371
0.2350724792
0.2400740213
0.2450755634
0.2500771055
0.2550786476
0.2600801897
0.2650817318
0.2700832739
0.2750848161
0.2800863582
0.2850879003
0.2900894424
0.2950909845
0.3000925266
0.3050940687
0.3100956108
0.3150971529
0.320098695
0.3251002372
0.3301017793
0.3351033214
0.3401048635
0.3451064056
0.3501079477
0.3551094898
0.3601110319
0.365112574
0.3701141161
0.3751156583
0.3801172004
0.3851187425
0.3901202846
0.3951218267
0.4001233688
0.4051249109
0.410126453
0.4151279951
0.4201295372
0.4251310794
0.4301326215
0.4351341636
0.4401357057
0.4451372478
0.4501387899
0.455140332
0.4601418741
0.4651434162
0.4701449583
0.4751465005
0.4801480426
0.4851495847
0.4901511268
0.4951526689
0.500154211
0.5051557531
0.5101572952
0.5151588373
0.5201603794
0.5251619216
0.5301634637
0.5351650058
0.5401665479
0.54516809
0.5501696321
0.5551711742
0.5601727163
0.5651742584
0.5701758006
0.5751773427
0.5801788848
0.5851804269
0.590181969
0.5951835111
0.6001850532
0.6051865953
0.6101881374
0.6151896795
0.6201912217
0.6251927638
0.6301943059
0.635195848
0.6401973901
0.6451989322
0.6502004743
0.6552020164
0.6602035585
0.6652051006
0.6702066428
0.6752081849
0.680209727
0.6852112691
0.6902128112
0.6952143533
0.7002158954
0.7052174375
0.7102189796
0.7152205217
0.7202220639
0.725223606
0.7302251481
0.7352266902
0.7402282323
0.7452297744
0.7502313165
0.7552328586
0.7602344007
0.7652359428
0.770237485
0.7752390271
0.7802405692
0.7852421113
0.7902436534
0.7952451955
0.8002467376
0.8052482797
0.8102498218
0.8152513639
0.8202529061
0.8252544482
0.8302559903
0.8352575324
0.8402590745
0.8452606166
0.8502621587
0.8552637008
0.8602652429
0.865266785
0.8702683272
0.8752698693
0.8802714114
0.8852729535
0.8902744956
0.8952760377
0.9002775798
0.9052791219
0.910280664
0.9152822061
0.9202837483
0.9252852904
0.9302868325
0.9352883746
0.9402899167
0.9452914588
0.9502930009
0.955294543
0.9602960851
0.9652976272
0.9702991694
0.9753007115
0.9803022536
0.9853037957
0.9903053378
0.9953068799
1.000308422
1.005309964
1.010311506
1.015313048
1.02031459
1.025316133
1.030317675
1.035319217
1.040320759
1.045322301
1.050323843
1.055325385
1.060326927
1.065328469
1.070330012
1.075331554
1.080333096
1.085334638
1.09033618
1.095337722
1.100339264
1.105340806
1.110342348
1.115343891
1.120345433
1.125346975
1.130348517
1.135350059
1.140351601
1.145353143
1.150354685
1.155356227
1.16035777
1.165359312
1.170360854
1.175362396
1.180363938
1.18536548
1.190367022
1.195368564
1.200370106
1.205371649
1.210373191
1.215374733
1.220376275
1.225377817
1.230379359
1.235380901
1.240382443
1.245383985
1.250385528
1.25538707
1.260388612
1.265390154
1.270391696
1.275393238
1.28039478
1.285396322
1.290397864
1.295399407
1.300400949
1.305402491
1.310404033
1.315405575
1.320407117
1.325408659
1.330410201
1.335411743
1.340413286
1.345414828
1.35041637
1.355417912
1.360419454
1.365420996
1.370422538
1.37542408
1.380425622
1.385427164
1.390428707
1.395430249
1.400431791
1.405433333
1.410434875
1.415436417
1.420437959
1.425439501
1.430441043
1.435442586
1.440444128
1.44544567
1.450447212
1.455448754
1.460450296
1.465451838
1.47045338
1.475454922
1.480456465
1.485458007
1.490459549
1.495461091
1.500462633
1.505464175
1.510465717
1.515467259
1.520468801
1.525470344
1.530471886
1.535473428
1.54047497
1.545476512
1.550478054
1.555479596
1.560481138
1.56548268
1.570484223
1.575485765
1.580487307
1.585488849
1.590490391
1.595491933
1.600493475
1.605495017
1.610496559
1.615498102
1.620499644
1.625501186
1.630502728
1.63550427
1.640505812
1.645507354
1.650508896
1.655510438
1.660511981
1.665513523
1.670515065
1.675516607
1.680518149
1.685519691
1.690521233
1.695522775
1.700524317
1.70552586
1.710527402
1.715528944
1.720530486
1.725532028
1.73053357
1.735535112
1.740536654
1.745538196
1.750539739
1.755541281
1.760542823
1.765544365
1.770545907
1.775547449
1.780548991
1.785550533
1.790552075
1.795553618
1.80055516
1.805556702
1.810558244
1.815559786
1.820561328
1.82556287
1.830564412
1.835565954
1.840567497
1.845569039
1.850570581
1.855572123
1.860573665
1.865575207
1.870576749
1.875578291
1.880579833
1.885581376
1.890582918
1.89558446
1.900586002
1.905587544
1.910589086
1.915590628
1.92059217
1.925593712
1.930595254
1.935596797
1.940598339
1.945599881
1.950601423
1.955602965
1.960604507
1.965606049
1.970607591
1.975609133
1.980610676
1.985612218
1.99061376
1.995615302
2.000616844
2.005618386
2.010619928
2.01562147
2.020623012
2.025624555
2.030626097
2.035627639
2.040629181
2.045630723
2.050632265
2.055633807
2.060635349
2.065636891
2.070638434
2.075639976
2.080641518
2.08564306
2.090644602
2.095646144
2.100647686
2.105649228
2.11065077
2.115652313
2.120653855
2.125655397
2.130656939
2.135658481
2.140660023
2.145661565
2.150663107
2.155664649
2.160666192
2.165667734
2.170669276
2.175670818
2.18067236
2.185673902
2.190675444
2.195676986
2.200678528
2.205680071
2.210681613
2.215683155
2.220684697
2.225686239
2.230687781
2.235689323
2.240690865
2.245692407
2.25069395
2.255695492
2.260697034
2.265698576
2.270700118
2.27570166
2.280703202
2.285704744
2.290706286
2.295707829
2.300709371
2.305710913
2.310712455
2.315713997
2.320715539
2.325717081
2.330718623
2.335720165
2.340721708
2.34572325
2.350724792
2.355726334
2.360727876
2.365729418
2.37073096
2.375732502
2.380734044
2.385735587
2.390737129
2.395738671
2.400740213
2.405741755
2.410743297
2.415744839
2.420746381
2.425747923
2.430749466
2.435751008
2.44075255
2.445754092
2.450755634
2.455757176
2.460758718
2.46576026
2.470761802
2.475763344
2.480764887
2.485766429
2.490767971
2.495769513
2.500771055
2.505772597
2.510774139
2.515775681
2.520777223
2.525778766
2.530780308
2.53578185
2.540783392
2.545784934
2.550786476
2.555788018
2.56078956
2.565791102
2.570792645
2.575794187
2.580795729
2.585797271
2.590798813
2.595800355
2.600801897
2.605803439
2.610804981
2.615806524
2.620808066
2.625809608
2.63081115
2.635812692
2.640814234
2.645815776
2.650817318
2.65581886
2.660820403
2.665821945
2.670823487
2.675825029
2.680826571
2.685828113
2.690829655
2.695831197
2.700832739
2.705834282
2.710835824
2.715837366
2.720838908
2.72584045
2.730841992
2.735843534
2.740845076
2.745846618
2.750848161
2.755849703
2.760851245
2.765852787
2.770854329
2.775855871
2.780857413
2.785858955
2.790860497
2.79586204
2.800863582
2.805865124
2.810866666
2.815868208
2.82086975
2.825871292
2.830872834
2.835874376
2.840875919
2.845877461
2.850879003
2.855880545
2.860882087
2.865883629
2.870885171
2.875886713
2.880888255
2.885889798
2.89089134
2.895892882
2.900894424
2.905895966
2.910897508
2.91589905
2.920900592
2.925902134
2.930903677
2.935905219
2.940906761
2.945908303
2.950909845
2.955911387
2.960912929
2.965914471
2.970916013
2.975917556
2.980919098
2.98592064
2.990922182
2.995923724
3.000925266
3.005926808
3.01092835
3.015929892
3.020931434
3.025932977
3.030934519
3.035936061
3.040937603
3.045939145
3.050940687
3.055942229
3.060943771
3.065945313
3.070946856
3.075948398
3.08094994
3.085951482
3.090953024
3.095954566
3.100956108
3.10595765
3.110959192
3.115960735
3.120962277
3.125963819
3.130965361
3.135966903
3.140968445
3.145969987
3.150971529
3.155973071
3.160974614
3.165976156
3.170977698
3.17597924
3.180980782
3.185982324
3.190983866
3.195985408
3.20098695
3.205988493
3.210990035
3.215991577
3.220993119
3.225994661
3.230996203
3.235997745
3.240999287
3.246000829
3.251002372
3.256003914
3.261005456
3.266006998
3.27100854
3.276010082
3.281011624
3.286013166
3.291014708
3.296016251
3.301017793
3.306019335
3.311020877
3.316022419
3.321023961
3.326025503
3.331027045
3.336028587
3.34103013
3.346031672
3.351033214
3.356034756
3.361036298
3.36603784
3.371039382
3.376040924
3.381042466
3.386044009
3.391045551
3.396047093
3.401048635
3.406050177
3.411051719
3.416053261
3.421054803
3.426056345
3.431057888
3.43605943
3.441060972
3.446062514
3.451064056
3.456065598
3.46106714
3.466068682
3.471070224
3.476071767
3.481073309
3.486074851
3.491076393
3.496077935
3.501079477
3.506081019
3.511082561
3.516084103
3.521085646
3.526087188
3.53108873
3.536090272
3.541091814
3.546093356
3.551094898
3.55609644
3.561097982
3.566099524
3.571101067
3.576102609
3.581104151
3.586105693
3.591107235
3.596108777
3.601110319
3.606111861
3.611113403
3.616114946
3.621116488
3.62611803
3.631119572
3.636121114
3.641122656
3.646124198
3.65112574
3.656127282
3.661128825
3.666130367
3.671131909
3.676133451
3.681134993
3.686136535
3.691138077
3.696139619
3.701141161
3.706142704
3.711144246
3.716145788
3.72114733
3.726148872
3.731150414
3.736151956
3.741153498
3.74615504
3.751156583
3.756158125
3.761159667
3.766161209
3.771162751
3.776164293
3.781165835
3.786167377
3.791168919
3.796170462
3.801172004
3.806173546
3.811175088
3.81617663
3.821178172
3.826179714
3.831181256
3.836182798
3.841184341
3.846185883
3.851187425
3.856188967
3.861190509
3.866192051
3.871193593
3.876195135
3.881196677
3.88619822
3.891199762
3.896201304
3.906204388
3.91120593
3.916207472
3.921209014
3.926210556
3.931212099
3.936213641
3.941215183
3.946216725
3.951218267
3.956219809
3.961221351
3.966222893
3.971224435
3.976225978
3.98122752
3.986229062
3.991230604
3.996232146
4.001233688
4.00623523
4.011236772
4.016238314
4.026241399
4.031242941
4.036244483
4.041246025
4.046247567
4.051249109
4.056250651
4.061252193
4.066253736
4.071255278
4.07625682
4.081258362
4.086259904
4.091261446
4.096262988
4.106266072
4.111267614
4.116269157
4.121270699
4.126272241
4.131273783
4.136275325
4.141276867
4.146278409
4.151279951
4.156281493
4.166284578
4.17128612
4.176287662
4.181289204
4.186290746
4.191292288
4.19629383
4.201295372
4.206296915
4.211298457
4.221301541
4.226303083
4.231304625
4.236306167
4.241307709
4.246309251
4.251310794
4.256312336
4.261313878
4.271316962
4.276318504
4.281320046
4.286321588
4.29132313
4.296324673
4.301326215
4.311329299
4.316330841
4.321332383
4.326333925
4.331335467
4.336337009
4.341338552
4.346340094
4.356343178
4.36134472
4.366346262
4.371347804
4.376349346
4.381350888
4.391353973
4.396355515
4.401357057
4.406358599
4.411360141
4.416361683
4.421363225
4.43136631
4.436367852
4.441369394
4.446370936
4.451372478
4.45637402
4.466377104
4.471378646
4.476380189
4.481381731
4.486383273
4.496386357
4.501387899
4.506389441
4.511390983
4.516392525
4.52639561
4.531397152
4.536398694
4.541400236
4.546401778
4.55140332
4.561406404
4.566407947
4.571409489
4.576411031
4.581412573
4.591415657
4.596417199
4.601418741
4.606420283
4.616423368
4.62142491
4.626426452
4.631427994
4.636429536
4.64643262
4.651434162
4.656435704
4.661437247
4.671440331
4.676441873
4.681443415
4.686444957
4.691446499
4.701449583
4.706451126
4.711452668
4.71645421
4.726457294
4.731458836
4.736460378
4.74146192
4.751465005
4.756466547
4.761468089
4.766469631
4.776472715
4.781474257
4.786475799
4.791477341
4.801480426
4.806481968
4.81148351
4.816485052
4.826488136
4.831489678
4.83649122
4.846494305
4.851495847
4.856497389
4.861498931
4.871502015
4.876503557
4.881505099
4.891508184
4.896509726
4.901511268
4.90651281
4.916515894
4.921517436
4.926518978
4.936522063
4.941523605
4.946525147
4.956528231
4.961529773
4.966531315
4.971532857
4.981535942
4.986537484
4.991539026
5.00154211
5.006543652
5.011545194
5.021548279
5.026549821
5.031551363
5.041554447
5.046555989
5.051557531
5.061560615
5.066562158
5.0715637
5.081566784
5.086568326
5.091569868
5.101572952
5.106574494
5.111576037
5.121579121
5.126580663
5.131582205
5.141585289
5.146586831
5.151588373
5.161591458
5.166593
5.171594542
5.181597626
5.186599168
5.196602252
5.201603794
5.206605337
5.216608421
5.221609963
5.226611505
5.236614589
5.241616131
5.251619216
5.256620758
5.2616223
5.271625384
5.276626926
5.28663001
5.291631552
5.296633095
5.306636179
5.311637721
5.316639263
5.326642347
5.331643889
5.341646974
5.346648516
5.3566516
5.361653142
5.366654684
5.376657768
5.38165931
5.391662395
5.396663937
5.401665479
5.411668563
5.416670105
5.426673189
5.431674732
5.441677816
5.446679358
5.4516809
5.461683984
5.466685526
5.476688611
5.481690153
5.491693237
5.496694779
5.506697863
5.511699405
5.516700947
5.526704032
5.531705574
5.541708658
5.5467102
5.556713284
5.561714826
5.571717911
5.576719453
5.586722537
5.591724079
5.601727163
5.606728705
5.611730248
5.621733332
5.626734874
5.636737958
5.6417395
5.651742584
5.656744127
5.666747211
5.671748753
5.681751837
5.686753379
5.696756463
5.701758006
5.71176109
5.716762632
5.726765716
5.731767258
5.741770342
5.746771884
5.756774969
5.761776511
5.771779595
5.776781137
5.786784221
5.791785763
5.801788848
5.811791932
5.816793474
5.826796558
5.8317981
5.841801185
5.846802727
5.856805811
5.861807353
5.871810437
5.876811979
5.886815064
5.891816606
5.90181969
5.911822774
5.916824316
5.9268274
5.931828943
5.941832027
5.946833569
5.956836653
5.966839737
5.971841279
5.981844364
5.986845906
5.99684899
6.001850532
6.011853616
6.021856701
6.026858243
6.036861327
6.041862869
6.051865953
6.061869037
6.06687058
6.076873664
6.081875206
6.09187829
6.101881374
6.106882916
6.116886001
6.121887543
6.131890627
6.141893711
6.146895253
6.156898338
6.16189988
6.171902964
6.181906048
6.18690759
6.196910674
6.206913759
6.211915301
6.221918385
6.226919927
6.236923011
6.246926096
6.251927638
6.261930722
6.271933806
6.276935348
6.286938432
6.296941517
6.301943059
6.311946143
6.321949227
6.326950769
6.336953853
6.346956938
6.35195848
6.361961564
6.371964648
6.37696619
6.386969275
6.396972359
6.401973901
6.411976985
6.421980069
6.426981611
6.436984696
6.44698778
6.456990864
6.461992406
6.47199549
6.481998575
6.487000117
6.497003201
6.507006285
6.517009369
6.522010912
6.532013996
6.54201708
6.547018622
6.557021706
6.567024791
6.577027875
6.582029417
6.592032501
6.602035585
6.61203867
6.617040212
6.627043296
6.63704638
6.642047922
6.652051006
6.662054091
6.672057175
6.682060259
6.687061801
6.697064885
6.70706797
6.717071054
6.722072596
6.73207568
6.742078764
6.752081849
6.757083391
6.767086475
6.777089559
6.787092643
6.797095728
6.80209727
6.812100354
6.822103438
6.832106522
6.842109607
6.847111149
6.857114233
6.867117317
6.877120401
6.887123486
6.892125028
6.902128112
6.912131196
6.92213428
6.932137365
6.937138907
6.947141991
6.957145075
6.967148159
6.977151244
6.987154328
6.99215587
7.002158954
7.012162038
7.022165123
7.032168207
7.042171291
7.052174375
7.057175917
7.067179002
7.077182086
7.08718517
7.097188254
7.107191338
7.117194423
7.127197507
7.132199049
7.142202133
7.152205217
7.162208302
7.172211386
7.18221447
7.192217554
7.202220639
7.207222181
7.217225265
7.227228349
7.237231433
7.247234518
7.257237602
7.267240686
7.27724377
7.287246854
7.297249939
7.307253023
7.317256107
7.322257649
7.332260733
7.342263818
7.352266902
7.362269986
7.37227307
7.382276154
7.392279239
7.402282323
7.412285407
7.422288491
7.432291576
7.44229466
7.452297744
7.462300828
7.472303912
7.482306997
7.492310081
7.502313165
7.512316249
7.522319334
7.532322418
7.53732396
7.547327044
7.557330128
7.567333213
7.577336297
7.587339381
7.597342465
7.607345549
7.617348634
7.627351718
7.637354802
7.647357886
7.657360971
7.672365597
7.682368681
7.692371765
7.70237485
7.712377934
7.722381018
7.732384102
7.742387186
7.752390271
7.762393355
7.772396439
7.782399523
7.792402608
7.802405692
7.812408776
7.82241186
7.832414944
7.842418029
7.852421113
7.862424197
7.872427281
7.887431908
7.897434992
7.907438076
7.91744116
7.927444244
7.937447329
7.947450413
7.957453497
7.967456581
7.977459666
7.98746275
8.002467376
8.01247046
8.022473545
8.032476629
8.042479713
8.052482797
8.062485881
8.072488966
8.08249205
8.097496676
8.10749976
8.117502845
8.127505929
8.137509013
8.147512097
8.157515182
8.172519808
8.182522892
8.192525976
8.202529061
8.212532145
8.222535229
8.237539855
8.24754294
8.257546024
8.267549108
8.277552192
8.287555276
8.302559903
8.312562987
8.322566071
8.332569155
8.34257224
8.357576866
8.36757995
8.377583034
8.387586119
8.397589203
8.412593829
8.422596913
8.432599998
8.442603082
8.452606166
8.467610792
8.477613877
8.487616961
8.497620045
8.512624671
8.522627756
8.53263084
8.542633924
8.55763855
8.567641635
8.577644719
8.587647803
8.602652429
8.612655514
8.622658598
8.632661682
8.647666308
8.657669393
8.667672477
8.682677103
8.692680187
8.702683272
8.712686356
8.727690982
8.737694066
8.747697151
8.762701777
8.772704861
8.782707945
8.797712572
8.807715656
8.81771874
8.832723366
8.842726451
8.852729535
8.867734161
8.877737245
8.88774033
8.902744956
8.91274804
8.922751124
8.937755751
8.947758835
8.957761919
8.972766546
8.98276963
8.992772714
9.00777734
9.017780424
9.027783509
9.042788135
9.052791219
9.067795846
9.07779893
9.087802014
9.10280664
9.112809725
9.127814351
9.137817435
9.147820519
9.162825146
9.17282823
9.187832856
9.19783594
9.212840567
9.222843651
9.232846735
9.247851362
9.257854446
9.272859072
9.282862156
9.297866783
9.307869867
9.317872951
9.332877577
9.342880662
9.357885288
9.367888372
9.382892999
9.392896083
9.407900709
9.417903793
9.43290842
9.442911504
9.45791613
9.467919214
9.482923841
9.492926925
9.507931551
9.517934636
9.532939262
9.542942346
9.557946972
9.567950057
9.582954683
9.592957767
9.607962393
9.617965478
9.632970104
9.642973188
9.657977815
9.667980899
9.682985525
9.697990151
9.707993236
9.722997862
9.733000946
9.748005573
9.758008657
9.773013283
9.788017909
9.798020994
9.81302562
9.823028704
9.838033331
9.848036415
9.863041041
9.878045667
9.888048752
9.903053378
9.913056462
9.928061089
9.943065715
9.953068799
9.968073425
9.983078052
9.993081136
10.00808576
10.01808885
10.03309347
10.0480981
10.05810118
10.07310581
10.08811044
10.09811352
10.11311815
10.12812277
10.13812586
10.15313048
10.16813511
10.17813819
10.19314282
10.20814745
10.21815053
10.23315516
10.24815978
10.25816287
10.27316749
10.28817212
10.30317675
10.31317983
10.32818446
10.34318908
10.35319217
10.36819679
10.38320142
10.39820605
10.40820913
10.42321376
10.43821838
10.45322301
10.46322609
10.47823072
10.49323535
10.50823997
10.51824306
10.53324768
10.54825231
10.56325694
10.57826156
10.58826465
10.60326927
10.6182739
10.63327853
10.64828315
10.65828624
10.67329086
10.68829549
10.70330012
10.71830474
10.72830783
10.74331245
10.75831708
10.77332171
10.78832633
10.80333096
10.81333404
10.82833867
10.84334329
10.85834792
10.87335255
10.88835717
10.9033618
10.91336488
10.92836951
10.94337414
10.95837876
10.97338339
10.98838802
11.00339264
11.01839727
11.03340189
11.04340498
11.05840961
11.07341423
11.08841886
11.10342348
11.11842811
11.13343274
11.14843736
11.16344199
11.17844662
11.19345124
11.20845587
11.2234605
11.23846512
11.25346975
11.26847437
11.283479
11.29348208
11.30848671
11.32349134
11.33849596
11.35350059
11.36850522
11.38350984
11.39851447
11.4135191
11.42852372
11.44352835
11.45853297
11.4735376
11.48854223
11.50354685
11.52355302
11.53855765
11.55356227
11.5685669
11.58357153
11.59857615
11.61358078
11.62858541
11.64359003
11.65859466
11.67359928
11.68860391
11.70360854
11.71861316
11.73361779
11.74862242
11.76862859
11.78363321
11.79863784
11.81364246
11.82864709
11.84365172
11.85865634
11.87366097
11.8886656
11.90867176
11.92367639
11.93868102
11.95368564
11.96869027
11.9836949
12.00370106
12.01870569
12.03371032
12.04871494
12.06371957
12.0787242
12.09873036
12.11373499
12.12873962
12.14374424
12.15874887
12.17875504
12.19375966
12.20876429
12.22376892
12.23877354
12.25877971
12.27378434
12.28878896
12.30379359
12.32379976
12.33880439
12.35380901
12.36881364
12.38881981
12.40382443
12.41882906
12.43383369
12.45383985
12.46884448
12.48384911
12.49885373
12.5188599
12.53386453
12.54886915
12.56887532
12.58387995
12.59888458
12.61889074
12.63389537
12.6489
12.66890616
12.68391079
12.69891542
12.71892159
12.73392621
12.74893084
12.76893701
12.78394163
12.79894626
12.81895243
12.83395705
12.85396322
12.86896785
12.88397248
12.90397864
12.91898327
12.93898944
12.95399407
12.96899869
12.98900486
13.00400949
13.02401565
13.03902028
13.05902645
13.07403108
13.0890357
13.10904187
13.1240465
13.14405267
13.15905729
13.17906346
13.19406809
13.21407425
13.22907888
13.24908505
13.26408968
13.28409584
13.29910047
13.31910664
13.33411127
13.35411743
13.36912206
13.38912823
13.40413286
13.42413902
13.43914365
13.45914982
13.47415444
13.49416061
13.50916524
13.52917141
13.54917758
13.5641822
13.58418837
13.599193
13.61919917
13.63420379
13.65420996
13.67421613
13.68922076
13.70922692
13.72423155
13.74423772
13.76424389
13.77924851
13.79925468
13.81926085
13.83426548
13.85427164
13.87427781
13.88928244
13.90928861
13.92929478
13.9442994
13.96430557
13.98431174
13.99931637
14.01932253
14.0393287
14.05433333
14.0743395
14.09434567
14.10935029
14.12935646
14.14936263
14.1693688
14.18437342
14.20437959
14.22438576
14.24439193
14.25939656
14.27940272
14.29940889
14.31941506
14.33441969
14.35442586
14.37443202
14.39443819
14.40944282
14.42944899
14.44945516
14.46946132
14.48946749
14.50947366
14.52447829
14.54448446
14.56449062
14.58449679
14.60450296
14.62450913
14.63951376
14.65951992
14.67952609
14.69953226
14.71953843
14.7395446
14.75955077
14.77455539
14.79456156
14.81456773
14.8345739
14.85458007
14.87458624
14.8945924
14.91459857
14.93460474
14.95461091
14.97461708
14.99462325
15.01462941
15.03463558
15.04964021
15.06964638
15.08965255
15.10965871
15.12966488
15.14967105
15.16967722
15.18968339
15.20968956
15.22969573
15.24970189
15.26970806
15.28971423
15.3097204
15.32972657
15.35473428
15.37474045
15.39474661
15.41475278
15.43475895
15.45476512
15.47477129
15.49477746
15.51478363
15.53478979
15.55479596
15.57480213
15.5948083
15.61981601
15.63982218
15.65982835
15.67983452
15.69984068
15.71984685
15.73985302
15.75985919
15.7848669
15.80487307
15.82487924
15.8448854
15.86489157
15.88489774
15.90990545
15.92991162
15.94991779
15.96992396
15.98993013
16.01493784
16.034944
16.05495017
16.07495634
16.09996405
16.11997022
16.13997639
16.15998256
16.18499027
16.20499644
16.22500261
16.24500877
16.27001648
16.29002265
16.31002882
16.33003499
16.3550427
16.37504887
16.39505504
16.42006275
16.44006892
16.46007508
16.48508279
16.50508896
16.52509513
16.55010284
16.57010901
16.59511672
16.61512289
16.63512906
16.66013677
16.68014294
16.70014911
16.72515682
16.74516298
16.7701707
16.79017686
16.81018303
16.83519074
16.85519691
16.88020462
16.90021079
16.9252185
16.94522467
16.97023238
16.99023855
17.01524626
17.03525243
17.06026014
17.08026631
17.10527402
17.12528018
17.1502879
17.17029406
17.19530177
17.21530794
17.24031565
17.26032182
17.28532953
17.3053357
17.33034341
17.35034958
17.37535729
17.400365
17.42037117
17.44537888
17.46538505
17.49039276
17.51540047
17.53540664
17.56041435
17.58042052
17.60542823
17.63043594
17.65044211
17.67544982
17.70045753
17.7204637
17.74547141
17.77047912
17.79048529
17.815493
17.84050071
17.86050688
17.88551459
17.9105223
17.93553001
17.95553618
17.98054389
18.0055516
18.02555776
18.05056548
18.07557319
18.1005809
18.12558861
18.14559478
18.17060249
18.1956102
18.22061791
18.24062408
18.26563179
18.2906395
18.31564721
18.34065492
18.36566263
18.3856688
18.41067651
18.43568422
18.46069193
18.48569964
18.51070735
18.53571506
18.55572123
18.58072894
18.60573665
18.63074436
18.65575207
18.68075978
18.70576749
18.7307752
18.75578291
18.78079062
18.80579833
18.83080604
18.85581376
18.88082147
18.90082763
18.92583534
18.95084306
18.97585077
19.00085848
19.02586619
19.0508739
19.08088315
19.10589086
19.13089857
19.15590628
19.18091399
19.2059217
19.23092941
19.25593712
19.28094483
19.30595254
19.33096026
19.35596797
19.38097568
19.40598339
19.4309911
19.46100035
19.48600806
19.51101577
19.53602348
19.56103119
19.5860389
19.61104661
19.64105587
19.66606358
19.69107129
19.716079
19.74108671
19.77109596
19.79610367
19.82111138
19.84611909
19.8711268
19.90113606
19.92614377
19.95115148
19.97615919
20.00616844
20.03117615
20.05618386
20.08619311
20.11120082
20.13620854
20.16121625
20.1912255
20.21623321
20.24124092
20.27125017
20.29625788
20.32126559
20.35127485
20.37628256
20.40129027
20.43129952
20.45630723
20.48631648
20.51132419
20.5363319
20.56634116
20.59134887
20.62135812
20.64636583
20.67637508
20.70138279
20.7263905
20.75639976
20.78140747
20.81141672
20.83642443
20.86643368
20.89144139
20.92145065
20.94645836
20.97646761
21.00147532
21.03148457
21.05649228
21.08650154
21.11651079
21.1415185
21.17152775
21.19653546
21.22654472
21.25155243
21.28156168
21.31157093
21.33657864
21.36658789
21.39659715
21.42160486
21.45161411
21.47662182
21.50663107
21.53664033
21.56664958
21.59165729
21.62166654
21.65167579
21.67668351
21.70669276
21.73670201
21.76170972
21.79171897
21.82172823
21.85173748
21.87674519
21.90675444
21.93676369
21.96677295
21.9967822
22.02178991
22.05179916
22.08180842
22.11181767
22.14182692
22.16683463
22.19684388
22.22685314
22.25686239
22.28687164
22.3168809
22.34689015
22.37189786
22.40190711
22.43191636
22.46192562
22.49193487
22.52194412
22.55195337
22.58196263
22.61197188
22.64198113
22.67199039
22.70199964
22.73200889
22.76201814
22.7920274
22.82203665
22.8520459
22.88205515
22.91206441
22.94207366
22.97208291
23.00209216
23.03210142
23.06211067
23.09211992
23.12212917
23.15213843
23.18214768
23.21215693
23.24716773
23.27717698
23.30718623
23.33719549
23.36720474
23.39721399
23.42722324
23.46223404
23.49224329
23.52225254
23.5522618
23.58227105
23.61728184
23.6472911
23.67730035
23.7073096
23.7423204
23.77232965
23.8023389
23.83234815
23.86735895
23.8973682
23.92737745
23.96238825
23.9923975
24.02240675
24.05741755
24.0874268
24.11743605
24.15244685
24.1824561
24.21246535
24.24747615
24.2774854
24.30749466
24.34250545
24.3725147
24.4075255
24.43753475
24.47254554
24.5025548
24.53256405
24.56757484
24.5975841
24.63259489
24.66260414
24.69761494
24.72762419
24.76263499
24.79264424
24.82765503
24.85766429
24.89267508
24.92768588
24.95769513
24.99270592
25.02271518
25.05772597
25.09273677
25.12274602
25.15775681
25.18776607
25.22277686
25.25778766
25.28779691
25.3228077
25.3578185
25.38782775
25.42283855
25.45784934
25.48785859
25.52286939
25.55788018
25.59289098
25.62290023
25.65791102
25.69292182
25.72793261
25.75794187
25.79295266
25.82796346
25.86297425
25.89798505
25.9279943
25.96300509
25.99801589
26.03302668
26.06803748
26.10304827
26.13805907
26.16806832
26.20307911
26.23808991
26.2731007
26.3081115
26.34312229
26.37813309
26.41314388
26.44815468
26.48316547
26.51817627
26.55318706
26.58819786
26.62320865
26.65821945
26.69323024
26.72824104
26.76325183
26.79826263
26.83327342
26.86828422
26.90329501
26.9383058
26.9733166
27.00832739
27.04833973
27.08335053
27.11836132
27.15337212
27.18838291
27.22339371
27.26340604
27.29841684
27.33342763
27.36843843
27.40344922
27.44346156
27.47847235
27.51348315
27.54849394
27.58350474
27.62351707
27.65852787
27.69353866
27.733551
27.7685618
27.80357259
27.84358493
27.87859572
27.91360652
27.95361885
27.98862965
28.02364044
28.06365278
28.09866357
28.13867591
28.17368671
28.2086975
28.24870984
28.28372063
28.32373297
28.35874376
28.3987561
28.4337669
28.47377923
28.50879003
28.54880236
28.58381316
28.6238255
28.65883629
28.69884863
28.73385942
28.77387176
28.80888255
28.84889489
28.88890723
28.92391802
28.96393036
29.0039427
29.03895349
29.07896583
29.11397662
29.15398896
29.1940013
29.23401363
29.26902443
29.30903677
29.3490491
29.3840599
29.42407223
29.46408457
29.50409691
29.5391077
29.57912004
29.61913238
29.65914471
29.69915705
29.73416784
29.77418018
29.81419252
29.85420486
29.89421719
29.93422953
29.97424187
30.0142542
30.049265
30.08927733
30.12928967
30.16930201
30.20931434
30.24932668
30.28933902
30.32935136
30.36936369
30.40937603
30.44938837
30.4894007
30.52941304
30.56942538
30.60943771
30.64945005
30.68946239
30.72947472
30.7744886
30.81450094
30.85451328
30.89452561
30.93453795
30.97455029
31.01456262
31.0595765
31.09958884
31.13960118
31.17961351
31.21962585
31.26463973
31.30465207
31.3446644
31.38467674
31.42969062
31.46970296
31.50971529
31.54972763
31.59474151
31.63475385
31.67476618
31.71978006
31.7597924
31.80480628
31.84481861
31.88483095
31.92984483
31.96985717
32.01487105
32.05488338
32.09489572
32.1399096
32.17992194
32.22493582
32.26494815
32.30996203
32.34997437
32.39498825
32.43500058
32.48001446
32.5200268
32.56504068
32.61005456
32.65006689
32.69508077
32.73509311
32.78010699
32.82512087
32.86513321
32.91014708
32.95516096
32.9951733
33.04018718
33.08520106
33.1252134
33.17022727
33.21524115
33.26025503
33.30026737
33.34528125
33.39029513
33.43530901
33.48032288
33.52033522
33.5653491
33.61036298
33.65537686
33.70039074
33.74540462
33.7904185
33.83543237
33.87544471
33.92045859
33.96547247
34.01048635
34.05550023
34.10051411
34.14552799
34.19054186
34.23555574
34.28056962
34.3255835
34.37059738
34.41561126
34.46062514
34.51064056
34.55565444
34.60066832
34.6456822
34.69069608
34.73570995
34.78072383
34.82573771
34.87575313
34.92076701
34.96578089
35.01079477
35.05580865
35.10582407
35.15083795
35.19585183
35.24086571
35.29088113
35.33589501
35.38090889
35.43092431
35.47593819
35.52095207
35.57096749
35.61598137
35.66099524
35.71101067
35.75602455
35.80603997
35.85105385
35.90106927
35.94608315
35.99609857
36.04111245
36.08612632
36.13614175
36.18615717
36.23117105
36.28118647
36.32620035
36.37621577
36.42122965
36.47124507
36.52126049
36.56627437
36.61628979
36.66130367
36.71131909
36.76133451
36.80634839
36.85636381
36.90637923
36.95639465
37.00140853
37.05142395
37.10143937
37.15145479
37.19646867
37.24648409
37.29649951
37.34651494
37.39653036
37.44654578
37.49155966
37.54157508
37.5915905
37.64160592
37.69162134
37.74163676
37.79165218
37.8416676
37.89168303
37.94169845
37.99171387
38.04172929
38.09174471
38.14176013
38.19177555
38.24179097
38.29180639
38.34182182
38.39183724
38.44185266
38.49186808
38.54688504
38.59690046
38.64691588
38.69693131
38.74694673
38.80196369
38.85197911
38.90199453
38.95200995
39.00702692
39.05704234
39.10705776
39.15707318
39.21209014
39.26210556
39.31212099
39.36713795
39.41715337
39.47217033
39.52218575
39.57220118
39.62721814
39.67723356
39.73225052
39.78226594
39.83728291
39.88729833
39.94231529
39.99233071
40.04734768
40.0973631
40.15238006
40.20239548
40.25741244
40.31242941
40.36244483
40.41746179
40.46747721
40.52249418
40.57751114
40.6325281
40.68254352
40.73756049
40.79257745
40.84259287
40.89760983
40.9526268
41.00764376
41.06266072
41.11267614
41.16769311
41.22271007
41.27772703
41.332744
41.38776096
41.44277792
41.49779489
41.54781031
41.60282727
41.65784423
41.7128612
41.76787816
41.82289512
41.87791209
41.93292905
41.98794601
42.04296298
42.10298148
42.15799845
42.21301541
42.26803237
42.32304934
42.3780663
42.43308326
42.49310177
42.54811873
42.60313569
42.65815266
42.71316962
42.77318813
42.82820509
42.88322205
42.94324056
42.99825752
43.05327448
43.11329299
43.16830995
43.22332692
43.28334542
43.33836238
43.39337935
43.45339785
43.50841482
43.56843332
43.62345028
43.68346879
43.73848575
43.79850426
43.85352122
43.91353973
43.96855669
44.0285752
44.0885937
44.14361066
44.20362917
44.26364767
44.31866464
44.37868314
44.43870165
44.49371861
44.55373712
44.61375562
44.67377413
44.72879109
44.7888096
44.8488281
44.90884661
44.96886511
45.02388208
45.08390058
45.14391909
45.20393759
45.2639561
45.3239746
45.38399311
45.44401161
45.50403012
45.56404862
45.62406713
45.68408563
45.74410414
45.80412264
45.86414115
45.92415965
45.98417816
46.04419667
46.10421517
46.16923522
46.22925372
46.28927223
46.34929073
46.40930924
46.46932774
46.53434779
46.5943663
46.6543848
46.71940485
46.77942336
46.83944186
46.90446191
46.96448041
47.02449892
47.08951897
47.14953747
47.21455752
47.27457602
47.33459453
47.39961458
47.45963308
47.52465313
47.58467164
47.64969168
47.70971019
47.77473024
47.83975028
47.89976879
47.96478884
48.02980888
48.08982739
48.15484744
48.21986748
48.27988599
48.34490604
48.40992608
48.46994459
48.53496464
48.59998468
48.66500473
48.73002478
48.79004328
48.85506333
48.92008338
48.98510343
49.05012347
49.11514352
49.18016357
49.24518362
49.31020366
49.37522371
49.44024376
49.50526381
49.57028385
49.6353039
49.70032395
49.765344
49.83036404
49.89538409
49.96540568
50.03042573
50.09544577
50.16046582
50.22548587
50.29550746
50.36052751
50.42554755
50.4905676
50.56058919
50.62560924
50.69062929
50.76065088
50.82567092
50.89069097
50.96071256
51.02573261
51.0957542
51.16077424
51.23079583
51.29581588
51.36583747
51.43085752
51.50087911
51.56589916
51.63592074
51.70594233
51.77096238
51.84098397
51.90600402
51.97602561
52.0460472
52.11606879
52.18108883
52.25111042
52.32113201
52.3911536
52.45617365
52.52619524
52.59621683
52.66623842
52.73626001
52.8062816
52.87630319
52.94632478
53.01134482
53.08136641
53.151388
53.22140959
53.29143118
53.36645431
53.4364759
53.50649749
53.57651908
53.64654067
53.71656226
53.78658385
53.85660544
53.93162857
54.00165016
54.07167175
54.14169334
54.21171493
54.28673806
54.35675965
54.42678124
54.50180437
54.57182596
54.64184755
54.71687068
54.78689227
54.86191541
54.931937
55.00696013
55.07698172
55.15200485
55.22202644
55.29704957
55.36707116
55.44209429
55.51711742
55.58713901
55.66216214
55.73218373
55.80720686
55.88223
55.95725313
56.02727472
56.10229785
56.17732098
56.25234411
56.3223657
56.39738883
56.47241197
56.5474351
56.62245823
56.69748136
56.77250449
56.84752762
56.92255075
56.99757389
57.07259702
57.14762015
57.22264328
57.29766641
57.37268954
57.44771268
57.52273581
57.59775894
57.67778361
57.75280675
57.82782988
57.90285301
57.98287768
58.05790081
58.13292395
58.20794708
58.28797175
58.36299488
58.44301956
58.51804269
58.59306582
58.67309049
58.74811363
58.8281383
58.90316143
58.9831861
59.05820924
59.13823391
59.21325704
59.29328172
59.37330639
59.44832952
59.52835419
59.60837887
59.683402
59.76342667
59.84345135
59.92347602
59.99849915
60.07852383
60.1585485
60.23857317
60.31859785
60.39862252
60.4786472
60.55867187
60.633695
60.71371967
60.79374435
60.87376902
60.95879524
61.03881991
61.11884459
61.19886926
61.27889393
61.35891861
61.43894328
61.51896795
61.60399417
61.68401884
61.76404352
61.84406819
61.92909441
62.00911908
62.08914375
62.17416997
62.25419464
62.33421932
62.41924553
62.49927021
62.58429642
62.6643211
62.74934731
62.82937199
62.9143982
62.99442288
63.07944909
63.16447531
63.24449998
63.3295262
63.41455241
63.49457709
63.5796033
63.66462952
63.74965574
63.82968041
63.91470662
63.99973284
64.08475906
64.16978527
64.25481149
64.3398377
64.42486392
64.50989014
64.59491635
64.67994257
64.76496878
64.849995
64.93502122
65.02004743
65.10507365
65.19009986
65.27512608
65.36515384
65.45018005
65.53520627
65.62023248
65.71026024
65.79528646
65.88031267
65.97034043
66.05536665
66.14039286
66.23042062
66.31544684
66.4054746
66.49050081
66.58052857
66.66555479
66.75558254
66.8456103
66.93063652
67.02066428
67.10569049
67.19571825
67.28574601
67.37577377
67.46079998
67.55082774
67.6408555
67.73088325
67.82091101
67.90593723
67.99596499
68.08599274
68.1760205
68.26604826
68.35607602
68.44610378
68.53613153
68.62615929
68.71618705
68.80621481
68.90124411
68.99127187
69.08129962
69.17132738
69.26135514
69.35638444
69.4464122
69.53643996
69.63146926
69.72149701
69.81152477
69.90655407
69.99658183
70.08660959
70.18163889
70.27166665
70.36669595
70.46172525
70.551753
70.64678231
70.73681006
70.83183936
70.92686866
71.01689642
71.11192572
71.20695502
71.29698278
71.39201208
71.48704138
71.58207068
71.67709998
71.77212928
71.86715858
71.96218788
72.05221564
72.14724494
72.24227424
72.34230508
72.43733438
72.53236368
72.62739298
72.72242228
72.81745158
72.91248088
73.00751018
73.10754102
73.20257032
73.29759962
73.39763047
73.49265977
73.58768907
73.68771991
73.78274921
73.88278005
73.97780935
74.07784019
74.17286949
74.27290033
74.36792963
74.46796048
74.56298978
74.66302062
74.76305146
74.85808076
74.9581116
75.05814245
75.15817329
75.25320259
75.35323343
75.45326427
75.55329512
75.65332596
75.7533568
75.85338764
75.95341848
76.05344933
76.15348017
76.25351101
76.35354185
76.45357269
76.55360354
76.65363438
76.75866676
76.85869761
76.95872845
77.05875929
77.16379167
77.26382252
77.36385336
77.46888574
77.56891659
77.67394897
77.77397981
77.8790122
77.97904304
78.08407542
78.18410626
78.28913865
78.38916949
78.49420188
78.59923426
78.70426664
78.80429749
78.90932987
79.01436226
79.11939464
79.22442702
79.32445787
79.42949025
79.53452263
79.63955502
79.7445874
79.84961979
79.95465217
80.05968456
80.16471694
80.27475087
80.37978325
80.48481564
80.58984802
80.6948804
80.80491433
80.90994671
81.0149791
81.12501303
81.23004541
81.33507779
81.44511172
81.55014411
81.66017803
81.76521042
81.87524434
81.98027673
82.09031065
82.20034458
82.30537696
82.41541089
82.52544482
82.6304772
82.74051113
82.85054505
82.96057898
83.07061291
83.18064683
83.28567922
83.39571314
83.50574707
83.615781
83.72581492
83.83584885
83.95088432
84.06091824
84.17095217
84.2809861
84.39102002
84.50105395
84.61608942
84.72612334
84.83615727
84.95119274
85.06122667
85.17126059
85.28629606
85.39632999
85.51136546
85.62139938
85.73643485
85.85147032
85.96150425
86.07653971
86.19157518
86.30160911
86.41664458
86.53168005
86.64671552
86.75674944
86.87178491
86.98682038
87.10185585
87.21689132
87.33192678
87.44696225
87.56199772
87.67703319
87.79206866
87.90710413
88.02714114
88.14217661
88.25721207
88.37224754
88.49228455
88.60732002
88.72235549
88.8423925
88.95742797
89.07246344
89.19250045
89.30753592
89.42757293
89.5426084
89.66264541
89.78268242
89.89771789
90.0177549
90.13779191
90.25782892
90.37286439
90.4929014
90.61293841
90.73297542
90.85301243
90.97304944
91.09308645
91.21312346
91.33316047
91.45319748
91.57323449
91.6932715
91.81330851
91.93334553
92.05838408
92.17842109
92.2984581
92.41849511
92.54353366
92.66357067
92.78860923
92.90864624
93.03368479
93.1537218
93.27876035
93.39879736
93.52383592
93.64387293
93.76891148
93.89395003
94.01898859
94.1390256
94.26406415
94.3891027
94.51414125
94.63917981
94.76421836
94.88925691
95.01429547
95.13933402
95.26437257
95.38941112
95.51444968
95.63948823
95.76452678
95.89456688
96.01960543
96.14464398
96.27468408
96.39972263
96.52476118
96.65480128
96.77983983
96.90987993
97.03491848
97.16495857
97.28999713
97.42003722
97.55007732
97.67511587
97.80515596
97.93519606
98.06523615
98.19527625
98.3203148
98.4503549
98.58039499
98.71043508
98.84047518
98.97051527
99.10055537
99.23559701
99.3656371
99.4956772
99.62571729
99.75575739
99.89079902
100.0208391
100.1508792
100.2859208
100.4159609
100.5510026
100.6810427
100.8160843
100.9461244
101.081166
101.2112061
101.3462478
101.4812894
101.6163311
101.7463711
101.8814128
102.0164544
102.1514961
102.2865377
102.4215793
102.556621
102.6916626
102.8267042
102.9617459
103.0967875
103.2318292
103.3668708
103.506914
103.6419556
103.7769972
103.9170404
104.0520821
104.1871237
104.3271669
104.4622085
104.6022517
104.7372933
104.8773365
105.0173797
105.1524213
105.2924645
105.4325077
105.5725509
105.7075925
105.8476357
105.9876789
106.127722
106.2677652
106.4078084
106.5478516
106.6878948
106.8279379
106.9679811
107.1130258
107.253069
107.3931122
107.5331554
107.6782001
107.8182433
107.9582864
108.1033312
108.2433743
108.3884191
108.5284622
108.673507
108.8185517
108.9585949
109.1036396
109.2486843
109.393729
109.5337722
109.6788169
109.8238617
109.9689064
110.1139511
110.2589958
110.4040405
110.5490853
110.69413
110.8441762
110.989221
111.1342657
111.2793104
111.4293567
111.5744014
111.7194461
111.8694924
112.0145371
112.1645834
112.3096281
112.4596743
112.6097206
112.7547653
112.9048116
113.0548579
113.2049041
113.3499488
113.4999951
113.6500414
113.8000876
113.9501339
114.1001802
114.2502264
114.4002727
114.5503189
114.7053668
114.855413
115.0054593
115.1555055
115.3105533
115.4605996
115.6156474
115.7656937
115.9207415
116.0707877
116.2258356
116.3758818
116.5309296
116.6859774
116.8360237
116.9910715
117.1461193
117.3011671
117.4562149
117.6112627
117.7663105
117.9213583
118.0764061
118.2314539
118.3865017
118.5415496
118.7015989
118.8566467
119.0116945
119.1717439
119.3267917
119.4818395
119.6418888
119.7969366
119.956986
120.1170353
120.2720831
120.4321325
120.5921818
120.7472296
120.907279
121.0673283
121.2273777
121.387427
121.5474764
121.7075257
121.8675751
122.0276244
122.1876737
122.3527246
122.512774
122.6728233
122.8328727
122.9979236
123.1579729
123.3230238
123.4830732
123.648124
123.8081734
123.9732243
124.1382752
124.2983245
124.4633754
124.6284263
124.7934772
124.9585281
125.1185774
125.2836283
125.4486792
125.6137301
125.7837825
125.9488334
126.1138843
126.2789352
126.4439861
126.6140385
126.7790894
126.9491418
127.1141927
127.2792436
127.449296
127.6193485
127.7843994
127.9544518
128.1245042
128.2895551
128.4596076
128.62966
128.7997124
128.9697649
129.1398173
129.3098697
129.4799221
129.6499746
129.820027
129.9900794
130.1651334
130.3351858
130.5052383
130.6802923
130.8503447
131.0253987
131.1954511
131.3705051
131.5405575
131.7156115
131.8906654
132.0607179
132.2357718
132.4108258
132.5858798
132.7609338
132.9359877
133.1110417
133.2860957
133.4611497
133.6362036
133.8162592
133.9913131
134.1663671
134.3414211
134.5214766
134.6965306
134.8765861
135.0516401
135.2316956
135.4117511
135.5868051
135.7668606
135.9469161
136.1269716
136.3020256
136.4820811
136.6621366
136.8421921
137.0222476
137.2073047
137.3873602
137.5674157
137.7474713
137.9275268
138.1125838
138.2926393
138.4776964
138.6577519
138.842809
139.0228645
139.2079216
139.3929786
139.5730341
139.7580912
139.9431482
140.1282053
140.3132624
140.4983194
140.6833765
140.8684335
141.0534906
141.2385476
141.4236047
141.6136633
141.7987204
141.9837774
142.173836
142.3588931
142.5489517
142.7340087
142.9240673
143.1091244
143.299183
143.4892416
143.6793002
143.8693588
144.0544159
144.2444745
144.4345331
144.6295932
144.8196518
145.0097104
145.199769
145.3898276
145.5848877
145.7749463
145.9650049
146.1600651
146.3501237
146.5451838
146.740244
146.9303026
147.1253627
147.3204229
147.5104815
147.7055416
147.9006017
148.0956619
148.290722
148.4857822
148.6808423
148.880904
149.0759641
149.2710243
149.471086
149.6661461
149.8612062
150.0612679
150.2563281
150.4563898
150.6564514
150.8515116
151.0515733
151.251635
151.4516966
151.6517583
151.85182
152.0518817
152.2519434
152.4520051
152.6520667
152.8521284
153.0521901
153.2572533
153.457315
153.6623782
153.8624399
154.0675032
154.2675648
154.4726281
154.6776913
154.877753
155.0828162
155.2878794
155.4929427
155.6980059
155.9030691
156.1081323
156.3131956
156.5182588
156.7283236
156.9333868
157.13845
157.3485148
157.553578
157.7636428
157.968706
158.1787708
158.3888355
158.5938988
158.8039635
159.0140283
159.2240931
159.4341578
159.6442226
159.8542874
160.0643521
160.2744169
160.4844817
160.699548
160.9096128
161.1196775
161.3347438
161.5448086
161.7598749
161.9749412
162.185006
162.4000723
162.6151386
162.8302049
163.0452712
163.2603376
163.4754039
163.6904702
163.9055365
164.1206028
164.3356691
164.555737
164.7708033
164.9858696
165.2059374
165.4210037
165.6410716
165.8611395
166.0762058
166.2962736
166.5163415
166.7364093
166.9564772
167.176545
167.3966129
167.6166807
167.8367486
168.0568164
168.2768843
168.5019537
168.7220215
168.9470909
169.1671588
169.3922282
169.612296
169.8373654
170.0624348
170.2875042
170.5125736
170.7326415
170.9577109
171.1877818
171.4128512
171.6379206
171.86299
172.0880594
172.3181303
172.5431997
172.7732707
172.99834
173.228411
173.4534804
173.6835513
173.9136223
174.1436932
174.3687626
174.5988335
174.8289045
175.0639769
175.2940479
175.5241188
175.7541897
175.9842607
176.2193332
176.4494041
176.6844766
176.9145475
177.14962
177.3846925
177.6147634
177.8498359
178.0849084
178.3199809
178.5550533
178.7901258
179.0251983
179.2602708
179.4953432
179.7354173
179.9704897
180.2105638
180.4456362
180.6857103
180.9207827
181.1608568
181.4009308
181.6360033
181.8760773
182.1161513
182.3562253
182.5962994
182.8363734
183.0814489
183.321523
183.561597
183.801671
184.0467466
184.2868206
184.5318962
184.7769717
185.0170457
185.2621213
185.5071969
185.7522724
185.997348
186.2424236
186.4874991
186.7325747
186.9776502
187.2227258
187.4728029
187.7178785
187.9679556
188.2130311
188.4631083
188.7081838
188.9582609
189.208338
189.4584151
189.7084922
189.9585693
190.2086464
190.4587236
190.7088007
190.9588778
191.2139564
191.4640335
191.7141106
191.9691893
192.2242679
192.474345
192.7294237
192.9845023
193.239581
193.4896581
193.7447367
194.0048169
194.2598956
194.5149742
194.7700529
195.0251315
195.2852117
195.5402903
195.8003705
196.0554492
196.3155294
196.5756096
196.8356897
197.0907684
197.3508486
197.6109288
197.871009
198.1360907
198.3961709
198.6562511
198.9163313
199.181413
199.4414932
199.7065749
199.9716566
200.2317368
200.4968186
200.7619003
201.026982
201.2920638
201.5571455
201.8222272
202.087309
202.3523907
202.622474
202.8875557
203.1526374
203.4227207
203.692804
203.9578857
204.227969
204.4980523
204.7681355
205.0382188
205.3083021
205.5783854
205.8484686
206.1185519
206.3936367
206.66372
206.9338033
207.2088881
207.4839729
207.7540562
208.029141
208.3042258
208.5793106
208.8543954
209.1294802
209.4045651
209.6796499
209.9547347
210.2348211
210.5099059
210.7849907
211.065077
211.3451634
211.6202482
211.9003346
212.1804209
212.4605073
212.7405937
213.02068
213.3007664
213.5808527
213.8609391
214.146027
214.4261133
214.7112012
214.9912876
215.2763755
215.5614634
215.8415498
216.1266377
216.4117256
216.6968135
216.9819014
217.2719908
217.5570787
217.8421666
218.132256
218.4173439
218.7074334
218.9925213
219.2826107
219.5727002
219.8627896
220.1528791
220.4429685
220.7330579
221.0231474
221.3132368
221.6033263
221.8984173
222.1885067
222.4835977
222.7736871
223.0687781
223.3638691
223.6589601
223.9540511
224.249142
224.544233
224.839324
225.134415
225.4345075
225.7295985
226.0246895
226.324782
226.6248746
226.9199655
227.2200581
227.5201506
227.8202431
228.1203356
228.4204282
228.7205207
229.0256148
229.3257073
229.6257998
229.9308939
230.2309864
230.5360805
230.8411745
231.1462686
231.4513627
231.7564568
232.0615508
232.3666449
232.671739
232.976833
233.2869286
233.5920227
233.9021183
234.2072124
234.517308
234.8274036
235.1374992
235.4475948
235.7576904
236.0677861
236.3778817
236.6879773
237.0030744
237.31317
237.6282672
237.9383628
238.25346
238.5685571
238.8836543
239.1987514
239.5138486
239.8289457
240.1440429
240.45914
240.7792387
241.0943359
241.4144346
241.7295317
242.0496304
242.3697291
242.6898278
243.0099265
243.3300252
243.6501239
243.9702226
244.2903213
244.6154215
244.9355202
245.2606205
245.5807191
245.9058194
246.2309196
246.5560199
246.8811201
247.2062203
247.5313206
247.8564208
248.181521
248.5116228
248.8367231
249.1668248
249.4919251
249.8220269
250.1521286
250.4822304
250.8123322
251.142434
251.4725358
251.8076391
252.1377409
252.4678426
252.802946
253.1330477
253.4681511
253.8032544
254.1383577
254.473461
254.8085643
255.1436677
255.478771
255.8188758
256.1539792
256.4890825
256.8291874
257.1692922
257.5093971
257.8445004
258.1846053
258.5247101
258.864815
259.2099214
259.5500263
259.8901311
260.2352375
260.5753424
260.9204488
261.2655552
261.6106616
261.955768
262.3008744
262.6459808
262.9910872
263.3361936
263.6863016
264.031408
264.3815159
264.7266223
265.0767303
265.4268382
265.7769462
266.1270541
266.4771621
266.82727
267.1823795
267.5324875
267.887597
268.2377049
268.5928144
268.9479239
269.2980318
269.6531413
270.0132524
270.3683618
270.7234713
271.0785808
271.4386919
271.7938013
272.1539124
272.5140234
272.8691329
273.2292439
273.589355
273.949466
274.3145786
274.6746896
275.0348006
275.3999132
275.7600242
276.1251368
276.4902494
276.855362
277.2204745
277.5855871
277.9506997
278.3158123
278.6809248
279.0510389
279.4161515
279.7862656
280.1563798
280.5214923
280.8916064
281.2617206
281.6318347
282.0069503
282.3770645
282.7471786
283.1222942
283.4974099
283.867524
284.2426397
284.6177553
284.992871
285.3679866
285.7431023
286.1232195
286.4983352
286.8734508
287.253568
287.6336852
288.0138024
288.3889181
288.7690353
289.154154
289.5342712
289.9143884
290.2945056
290.6796244
291.0597416
291.4448603
291.829979
292.2150978
292.6002165
292.9853353
293.370454
293.7555728
294.145693
294.5308118
294.9209321
295.3110523
295.7011726
296.0862914
296.4814132
296.8715335
297.2616538
297.6517741
298.0468959
298.4370162
298.832138
299.2272598
299.6173801
300.0125019
300.4076238
300.8077471
301.202869
301.5979908
301.9981141
302.393236
302.7933593
303.1934827
303.5936061
303.9937295
304.3938528
304.7939762
305.1940996
305.5992245
305.9993478
306.4044727
306.8095977
307.209721
307.6148459
308.0199708
308.4300973
308.8352222
309.2403471
309.6504736
310.0555985
310.4657249
310.8758514
311.2859778
311.6961043
312.1062308
312.5163572
312.9314852
313.3416117
313.7567397
314.1668661
314.5819941
314.9971221
315.4122501
315.8273781
316.2425061
316.6626356
317.0777636
317.4978931
317.9130211
318.3331507
318.7532802
319.1734098
319.5935393
320.0136688
320.4387999
320.8589294
321.2840605
321.7041901
322.1293211
322.5544522
322.9795833
323.4047144
323.8298455
324.2599781
324.6851092
325.1152418
325.5403729
325.9705055
326.4006381
326.8307707
327.2609033
327.691036
328.1261701
328.5563028
328.9914369
329.4215695
329.8567037
330.2918379
330.726972
331.1621062
331.6022419
332.0373761
332.4725102
332.9126459
333.3527816
333.7929173
334.233053
334.6731888
335.1133245
335.5534602
335.9985974
336.4387331
336.8838704
337.3290076
337.7691433
338.2142806
338.6644194
339.1095566
339.5546939
340.0048326
340.4499699
340.9001087
341.3502475
341.8003863
342.2505251
342.7006638
343.1508026
343.605943
344.0560818
344.5112221
344.9663624
345.4215027
345.8766431
346.3317834
346.7869237
347.2420641
347.702206
348.1623478
348.6174882
349.07763
349.5377719
349.9979138
350.4580557
350.9231991
351.3833409
351.8484844
352.3136278
352.7737697
353.2389131
353.709058
354.1742014
354.6393449
355.1044883
355.5746332
356.0447782
356.5149231
356.9850681
357.4552131
357.925358
358.395503
358.8706495
359.3407944
359.8159409
360.2910874
360.7662339
361.2413804
361.7165269
362.1916734
362.6718215
363.146968
363.627116
364.1072641
364.5874121
365.0675602
365.5477082
366.0278562
366.5130058
366.9931539
367.4783035
367.963453
368.4486026
368.9337522
369.4189018
369.9040514
370.3942025
370.8793521
371.3695032
371.8596543
372.3498055
372.8399566
373.3301077
373.8252604
374.3154115
374.8105642
375.3057169
375.8008695
376.2960222
376.7911749
377.2863275
377.7864817
378.2816344
378.7817886
379.2819428
379.782097
380.2822513
380.7824055
381.2825597
381.7877154
382.2878696
382.7930254
383.2981811
383.8033369
384.3084927
384.8136484
385.3238057
385.8289615
386.3391188
386.849276
387.3594333
387.8695906
388.3797479
388.8899052
389.4050641
389.9152214
390.4303802
390.945539
391.4606979
391.9758567
392.4910155
393.0111759
393.5263348
394.0464951
394.5666555
395.0868159
395.6069763
396.1271367
396.6522986
397.172459
397.6976209
398.2227828
398.7479447
399.2731066
399.7982686
400.3234305
400.853594
401.3787559
401.9089193
402.4390828
402.9692463
403.4994097
404.0345747
404.5647382
405.0999032
405.6300667
406.1652317
406.7003967
407.2355617
407.7757282
408.3108932
408.8510598
409.3912263
409.9263913
410.4665579
411.011726
411.5518925
412.0920591
412.6372272
413.1823953
413.7275633
414.2727314
414.8178995
415.3630676
415.9132372
416.4584053
417.008575
417.5587446
418.1089142
418.6590839
419.2092535
419.7644247
420.3145943
420.8697655
421.4249367
421.9801078
422.535279
423.0954517
423.6506229
424.2107956
424.7709683
425.331141
425.8913138
426.4514865
427.0116592
427.5768334
428.1370062
428.7021804
429.2673547
429.8325289
430.4027047
430.967879
431.5380548
432.1032291
432.6734049
433.2435807
433.8137565
434.3889338
434.9591096
435.5342869
436.1044627
436.6796401
437.2548174
437.8349963
438.4101737
438.9903525
439.5655299
440.1457088
440.7258877
441.3060665
441.891247
442.4714259
443.0566063
443.6367852
444.2219656
444.807146
445.3923264
445.9825084
446.5676888
447.1578708
447.7480528
448.3382347
448.9284167
449.5185987
450.1137822
450.7039642
451.2991477
451.8943312
452.4895147
453.0846982
453.6848833
454.2800668
454.8802518
455.4804369
456.0806219
456.680807
457.280992
457.8861786
458.4913652
459.0915503
459.6967369
460.306925
460.9121116
461.5172982
462.1274863
462.7376745
463.3478626
463.9580508
464.5682389
465.178427
465.7936167
466.4088064
467.0239961
467.6391858
468.2543754
468.8695651
469.4897563
470.1099476
470.7251372
471.3453285
471.9705212
472.5907124
473.2159052
473.8360964
474.4612892
475.086482
475.7116747
476.341869
476.9670618
477.5972561
478.2274504
478.8576447
479.487839
480.1180333
480.7532292
481.388425
482.0186193
482.6538152
483.2940126
483.9292084
484.5644043
485.2046016
485.844799
486.4849964
487.1251938
487.7703927
488.4105901
489.0557891
489.700988
490.3461869
490.9913859
491.6365848
492.2867853
492.9369857
493.5871862
494.2373867
494.8875872
495.5377876
496.1929897
496.8481917
497.5033937
498.1585957
498.8137977
499.4689997
500.1292033
500.7894069
501.4496104
502.109814
502.7700175
503.4352226
504.0954262
504.7606313
505.4258364
506.0910415
506.7612481
507.4264532
508.0966599
508.7668665
509.4370732
510.1072798
510.782488
511.4526946
512.1279028
512.803111
513.4783192
514.1535274
514.8337371
515.5089453
516.189155
516.8693647
517.554576
518.2347857
518.919997
519.6002067
520.285418
520.9706293
521.6608421
522.3460534
523.0362662
523.7214774
524.4116902
525.1069046
525.7971174
526.4923318
527.1825446
527.8777589
528.5729733
529.2731892
529.9684035
530.6686194
531.3688353
532.0690512
532.7692671
533.469483
534.1747004
534.8799179
535.5851353
536.2903528
536.9955702
537.7007876
538.4110066
539.1212256
539.8314446
540.5416635
541.2568841
541.967103
542.6823236
543.3975441
544.1127646
544.8329867
545.5482072
546.2684293
546.9886513
547.7088734
548.434097
549.1543191
549.8795427
550.6047663
551.3299899
552.0552135
552.7854386
553.5106622
554.2408874
554.9711125
555.7013377
556.4365644
557.1667895
557.9020162
558.6372429
559.3724696
560.1126978
560.8479245
561.5881527
562.328381
563.0686092
563.813839
564.5540672
565.299297
566.0445268
566.7897565
567.5399879
568.2852176
569.0354489
569.7856803
570.5359116
571.2861429
572.0413758
572.7966086
573.5518415
574.3070743
575.0623072
575.8225416
576.5777745
577.3380089
578.0982433
578.8634792
579.6237136
580.3889495
581.1541855
581.9194214
582.6846574
583.4548949
584.2251323
584.9953698
585.7656073
586.5358448
587.3110838
588.0863228
588.8615619
589.6368009
590.4120399
591.1922805
591.9675195
592.7477601
593.5330022
594.3132428
595.0984849
595.8787255
596.6639676
597.4542112
598.2394533
599.029697
599.8199406
600.6101843
601.4004279
602.1906716
602.9859168
603.781162
604.5764072
605.3716524
606.1718991
606.9721459
607.7723926
608.5726393
609.3728861
610.1781343
610.9833826
611.7886309
612.5938792
613.3991275
614.2093773
615.0196271
615.8298769
616.6401268
617.4553781
618.2656279
619.0808793
619.8961307
620.7163836
621.5316349
622.3518878
623.1721407
623.9923937
624.8176481
625.637901
626.4631555
627.2884099
628.1186659
628.9439203
629.7741763
630.6044323
631.4346883
632.2649443
633.1002018
633.9354594
634.7707169
635.6059744
636.4462335
637.281491
638.1217501
638.9620092
639.8072698
640.6475289
641.4927895
642.3380501
643.1833107
644.0335729
644.883835
645.7340972
646.5843594
647.4346215
648.2898852
649.1451489
650.0004126
650.8556763
651.71094
652.5712053
653.4314705
654.2917358
655.1570025
656.0172678
656.8825346
657.7478014
658.6180697
659.4833365
660.3536048
661.2238731
662.0941414
662.9694113
663.8396796
664.7149495
665.5902194
666.4704908
667.3507622
668.2260321
669.1063035
669.9915764
670.8718479
671.7571208
672.6423938
673.5276667
674.4179412
675.3082157
676.1984902
677.0887647
677.9790392
678.8743152
679.7695913
680.6648673
681.5601433
682.4604209
683.3606985
684.2609761
685.1612537
686.0665328
686.9668104
687.8720895
688.7823701
689.6876493
690.5979299
691.5082106
692.4184913
693.3337735
694.2440541
695.1593363
696.0746185
696.9949023
697.9101845
698.8304682
699.7557535
700.6760373
701.6013226
702.5216063
703.4518932
704.3771784
705.3074653
706.2327506
707.1680389
708.0983258
709.0286126
709.963901
710.8991894
711.8394793
712.7747677
713.7150576
714.6553475
715.6006389
716.5409289
717.4862203
718.4315118
719.3768032
720.3270962
721.2773892
722.2276822
723.1779752
724.1332698
725.0835628
726.0388573
726.9991534
727.954448
728.914744
729.8750401
730.8403378
731.8006338
732.7659315
733.7312291
734.6965267
735.6668259
736.6371251
737.6074242
738.5777234
739.5530241
740.5283248
741.5036255
742.4789262
743.4592285
744.4395307
745.419833
746.4051368
747.3854391
748.3707428
749.3560466
750.346352
751.3366573
752.3269627
753.317268
754.3075733
755.3028802
756.2981871
757.2984955
758.2938024
759.2941108
760.2944192
761.2947277
762.3000376
763.3053476
764.3106576
765.3159675
766.326279
767.3365905
768.346902
769.3622151
770.3725266
771.3878396
772.4081542
773.4234673
774.4437819
775.4640965
776.484411
777.5097272
778.5350433
779.5603594
780.5906771
781.6159933
782.6463109
783.6766286
784.7119478
785.747267
786.7825863
787.8179055
788.8582262
789.898547
790.9388677
791.9791885
793.0245108
794.0698331
795.1151554
796.1654793
797.2108016
798.2611254
799.3164508
800.3667746
801.4221
802.4824269
803.5377523
804.5980793
805.6584062
806.7187331
807.7840616
808.84939
809.9147185
810.980047
812.050377
813.120707
814.191037
815.2663686
816.3366986
817.4170317
818.4923632
819.5726963
820.6530294
821.7333625
822.8136956
823.8990303
824.9843649
826.0747011
827.1600357
828.2503719
829.3457096
830.4360458
831.5313835
832.6267212
833.7270605
834.8223982
835.9227375
837.0230767
838.1284176
839.2337584
840.3390992
841.44444
842.5547823
843.6651247
844.7804686
845.8908109
847.0061548
848.1214987
849.2418441
850.3621896
851.482535
852.6028804
853.7282274
854.8535744
855.9789213
857.1042683
858.2346168
859.3699669
860.5003154
861.6356655
862.7710155
863.9063656
865.0467172
866.1870688
867.3274204
868.4727735
869.6131251
870.7634798
871.908833
873.0591877
874.2095423
875.359897
876.5152533
877.6706095
878.8259657
879.9863235
881.1466812
882.307039
883.4673968
884.6327561
885.7981154
886.9684763
888.1338356
889.3041964
890.4795588
891.6499197
892.8252821
894.005646
895.1810084
896.3613723
897.5417363
898.7271018
899.9124672
901.0978327
902.2831982
903.4735652
904.6639322
905.8542993
907.0496678
908.2450364
909.4454065
910.6407751
911.8411452
913.0415153
914.2468869
915.4522586
916.6576302
917.8680034
919.0783766
920.2887498
921.499123
922.7144977
923.9298725
925.1502487
926.370625
927.5910013
928.8113776
930.0367554
931.2621332
932.487511
933.7178904
934.9482697
936.1786491
937.41403
938.6494109
939.8897933
941.1251742
942.3655567
943.6059391
944.8513231
946.0967071
947.3420911
948.5924766
949.8428621
951.0932477
952.3486347
953.6040218
954.8594089
956.1197975
957.3801861
958.6405747
959.9059649
961.171355
962.4367452
963.7071369
964.972527
966.2479202
967.5183119
968.7937052
970.0741
971.3494932
972.629888
973.9152843
975.1956791
976.4810754
977.7664717
979.0568696
980.3472675
981.6376653
982.9330647
984.2284641
985.5238635
986.8242645
988.1246654
989.4300679
990.7304689
992.0358714
993.3462754
994.6566794
995.9670835
997.2774875
998.5928931
999.9082986
1001.228706
1002.544111
1003.86952
1005.189927
1006.515336
1007.840744
1009.171155
1010.501565
1011.831975
1013.167387
1014.502799
1015.83821
1017.178624
1018.519037
1019.85945
1021.204865
1022.55028
1023.895695
1025.246111
1026.596527
1027.951945
1029.307363
1030.662781
1032.023201
1033.38362
1034.744039
1036.10946
1037.474881
1038.840302
1040.210725
1041.581148
1042.95157
1044.326994
1045.702418
1047.082844
1048.463269
1049.843695
1051.229122
1052.614549
1053.999977
1055.390405
1056.780834
1058.171263
1059.566693
1060.967125
1062.362555
1063.762987
1065.163419
1066.568852
1067.974285
1069.38472
1070.790153
1072.200588
1073.616025
1075.031461
1076.446898
1077.867336
1079.287773
1080.708211
1082.133651
1083.55909
1084.989531
1086.419973
1087.850414
1089.285856
1090.721299
1092.156741
1093.597185
1095.03763
1096.483075
1097.928521
1099.373967
1100.824414
1102.274861
1103.725308
1105.180757
1106.636206
1108.096656
1109.557106
1111.017557
1112.483008
1113.94846
1115.418914
1116.889367
1118.35982
1119.835275
1121.31073
1122.786185
1124.266642
1125.747098
1127.232556
1128.718014
1130.203472
1131.693932
1133.189393
1134.679852
1136.175313
1137.675776
1139.171237
1140.676701
1142.177164
1143.682628
1145.188092
1146.698558
1148.209024
1149.724491
1151.239958
1152.755426
1154.275894
1155.796363
1157.321833
1158.847304
1160.372774
1161.903246
1163.433718
1164.969191
1166.504665
1168.040138
1169.580613
1171.121088
1172.666565
1174.212041
1175.757518
1177.307996
1178.858474
1180.413953
1181.969433
1183.524913
1185.085394
1186.645875
1188.211358
1189.77684
1191.347324
1192.917809
1194.488293
1196.063779
1197.639264
1199.219752
1200.800239
1202.380726
1203.966215
1205.551704
1207.142194
1208.732685
1210.323175
1211.918667
1213.519161
1215.119654
1216.720148
1218.320641
1219.926136
1221.536633
1223.147129
1224.757626
1226.373124
1227.988622
1229.609122
1231.229621
1232.850121
1234.475622
1236.101123
1237.731626
1239.362129
1240.997633
1242.633137
1244.268642
1245.909147
1247.549653
1249.195161
1250.840668
1252.491177
1254.141686
1255.792195
1257.447705
1259.108217
1260.768729
1262.429241
1264.089753
1265.760268
1267.425781
1269.096297
1270.771813
1272.442328
1274.122846
1275.798363
1277.483883
1279.164401
1280.849921
1282.540442
1284.230963
1285.921484
1287.617007
1289.31253
1291.013054
1292.713578
1294.419104
1296.12463
1297.835158
1299.545685
1301.256212
1302.971741
1304.68727
1306.407801
1308.128331
1309.853863
1311.579395
1313.309929
1315.040462
1316.770996
1318.506531
1320.247068
1321.987604
1323.728141
1325.473679
1327.219217
1328.969757
1330.720297
1332.475838
1334.231379
1335.991922
1337.752465
1339.513008
1341.278552
1343.049098
1344.819644
1346.59019
1348.365737
1350.141285
1351.921834
1353.702383
1355.487933
1357.273484
1359.064036
1360.854588
1362.64514
1364.440694
1366.241249
1368.041804
1369.847361
1371.652918
1373.458474
1375.269032
1377.079591
1378.89515
1380.715712
1382.531272
1384.356834
1386.177396
1388.00796
1389.838525
1391.669089
1393.499653
1395.340221
1397.175787
1399.021356
1400.861923
1402.707492
1404.558063
1406.408634
1408.264206
1410.119778
1411.97535
1413.840925
1415.701499
1417.567074
1419.437651
1421.308228
1423.178804
1425.054383
1426.934962
1428.815542
1430.696122
1432.581704
1434.472286
1436.362869
1438.253452
1440.149037
1442.049623
1443.950209
1445.850795
1447.756382
1449.666971
1451.57756
1453.48815
1455.40374
1457.324332
1459.244924
1461.165517
1463.096112
1465.021706
1466.952301
1468.887898
1470.823494
1472.759091
1474.69969
1476.645289
1478.590889
1480.541491
1482.492092
1484.447695
1486.403298
1488.358901
1490.324507
1492.285112
1494.255719
1496.221325
1498.196934
1500.167542
1502.148153
1504.128763
1506.109374
1508.094986
1510.080599
1512.071212
1514.066828
1516.062443
1518.058058
1520.058675
1522.064293
1524.069912
1526.07553
1528.091152
1530.101772
1532.117393
1534.138016
1536.158639
1538.184264
1540.21489
1542.240514
1544.276142
1546.31177
1548.347397
1550.388026
1552.433657
1554.479288
1556.524919
1558.580552
1560.631185
1562.69182
1564.747454
1566.813091
1568.878728
1570.944364
1573.015003
1575.090643
1577.166283
1579.241923
1581.322564
1583.408207
1585.49385
1587.584495
1589.67514
1591.770786
1593.871433
1595.972081
1598.072729
1600.178378
1602.289029
1604.39968
1606.515332
1608.630984
1610.751638
1612.877293
1615.002949
1617.128604
1619.264263
1621.39492
1623.53558
1625.671238
1627.8169
1629.962561
1632.108223
1634.258886
1636.414551
1638.570215
1640.730882
1642.891548
1645.057215
1647.227885
1649.398554
1651.569223
1653.749896
1655.925566
1658.11124
1660.296914
1662.482588
1664.673264
1666.868941
1669.064618
1671.265296
1673.465975
1675.671655
1677.882336
1680.093018
1682.308701
1684.524384
1686.745069
1688.970755
1691.196441
1693.422128
1695.657817
1697.888505
1700.129196
1702.369886
1704.610577
1706.861271
1709.106964
1711.362659
1713.618355
1715.87405
1718.134747
1720.400446
1722.671146
1724.936844
1727.212546
1729.488248
1731.768951
1734.049654
1736.335359
1738.626065
1740.916772
1743.212479
1745.508187
1747.808897
1750.114607
1752.420318
1754.731031
1757.041743
1759.357457
1761.678173
1763.998888
1766.324605
1768.650323
1770.981041
1773.316761
1775.652481
1777.993203
1780.338926
1782.68465
1785.030373
1787.386099
1789.741826
1792.097552
1794.463281
1796.829011
1799.19474
1801.565471
1803.941204
1806.316936
1808.69767
1811.083406
1813.469141
1815.859878
1818.250616
1820.651356
1823.047095
1825.452836
1827.858578
1830.26432
1832.680065
1835.095809
1837.511554
1839.937302
1842.358049
1844.788798
1847.219548
1849.655299
1852.09105
1854.531802
1856.977556
1859.42331
1861.874066
1864.329823
1866.78558
1869.246339
1871.712099
1874.177859
1876.648621
1879.119383
1881.595146
1884.075911
1886.561678
1889.047444
1891.538212
1894.02898
1896.52475
1899.025521
1901.526292
1904.032064
1906.542838
1909.058614
1911.57439
1914.090166
1916.615944
1919.141723
1921.672503
1924.203284
1926.739066
1929.279849
1931.820632
1934.366417
1936.917204
1939.46799
1942.023778
1944.584568
1947.150359
1949.71615
1952.281941
1954.857735
1957.433529
1960.014325
1962.595121
1965.18592
1967.771717
1970.367517
1972.963318
1975.56412
1978.169923
1980.775726
1983.386531
1986.002338
1988.618145
1991.238953
1993.864762
1996.490572
1999.121383
2001.757196
2004.393008
2007.038824
2009.679638
2012.330456
2014.981273
2017.637092
2020.297912
2022.958733
2025.624555
2028.295378
2030.971203
2033.647028
2036.327855
2039.008681
2041.699511
2044.390341
2047.08117
2049.782003
2052.482836
2055.18867
2057.894504
2060.610342
2063.326179
2066.042016
2068.767857
2071.493697
2074.224539
2076.955381
2079.696226
2082.437071
2085.182918
2087.928765
2090.679613
2093.435463
2096.196314
2098.957165
2101.723018
2104.493872
2107.269728
2110.045584
2112.826441
2115.6123
2118.398159
2121.194021
2123.984882
2126.785745
2129.59161
2132.397476
2135.208342
2138.019209
2140.840079
2143.660948
2146.48682
2149.312691
2152.148565
2154.98444
2157.825316
2160.666192
2163.517071
2166.36795
2169.22383
2172.079711
2174.945594
2177.811478
2180.682363
2183.553248
2186.434137
2189.315025
2192.200915
2195.091806
2197.982697
2200.87859
2203.779485
2206.685381
2209.591276
2212.507176
2215.423075
2218.338974
2221.264876
2224.190778
2227.121682
2230.057587
2232.998494
2235.9394
2238.89031
2241.84122
2244.79213
2247.753043
2250.713956
2253.67987
2256.650786
2259.626704
2262.602621
2265.588542
2268.574463
2271.560383
2274.556307
2277.552231
2280.553156
2283.559083
2286.570011
2289.585941
2292.601871
2295.622802
2298.648735
2301.67967
2304.710604
2307.751542
2310.79248
2313.838419
2316.884358
2319.9403
2322.996242
2326.057186
2329.123131
2332.194078
2335.270027
2338.345975
2341.426925
2344.512876
2347.603829
2350.699784
2353.795739
2356.896695
2360.007654
2363.113612
2366.229572
2369.350535
2372.471497
2375.597461
2378.728426
2381.864393
2385.005361
2388.14633
2391.297301
2394.448273
2397.604246
2400.760219
2403.926195
2407.097173
2410.268151
2413.44413
2416.625111
2419.811093
2422.997075
2426.193061
2429.389046
2432.590033
2435.796021
2439.007012
2442.223003
2445.443996
2448.664989
2451.890984
2455.12198
2458.357978
2461.598977
2464.844978
2468.090979
2471.346983
2474.602987
2477.863992
2481.129999
2484.401008
2487.672016
2490.953028
2494.23404
2497.525054
2500.816069
2504.112085
2507.413103
2510.714121
2514.025142
2517.341164
2520.657186
2523.97821
2527.304236
2530.635263
2533.971292
2537.312322
2540.653352
2544.004385
2547.355418
2550.716455
2554.077491
2557.443529
2560.814568
2564.185607
2567.56665
2570.952694
2574.338738
2577.734785
2581.130832
2584.531881
2587.937931
2591.348983
2594.765036
2598.186091
2601.607146
2605.038203
2608.469261
2611.910322
2615.351383
2618.797446
2622.24851
