592.8303004
394.1041934
314.6801796
269.405374
239.2855363
217.417031
200.6178439
187.1933643
176.1481205
166.8541644
158.8933199
145.8900209
135.6388256
127.2892556
120.318344
111.7305108
104.7607931
98.95804253
92.54466478
86.05661164
80.77647472
75.57467781
70.62714376
66.55074799
62.23162813
58.3119903
54.47847727
51.09132202
47.89044371
44.92132516
42.19902949
39.50748837
37.12062839
34.85540628
32.75076782
30.77461395
28.91460134
27.23043238
25.63861953
24.1686414
22.8153533
21.57500051
20.43339613
19.38453508
18.42653158
17.55915095
16.78239885
16.08931846
15.48326554
14.96131266
14.51989332
14.16207911
13.88659895
13.6926071
13.58111812
13.55196581
13.60507841
13.74042558
13.95771163
14.25771318
14.63943116
15.10387172
15.65139247
16.28261393
16.99874583
17.80183347
18.69302719
19.67584455
20.75285455
21.92800429
23.20522335
24.59002174
26.08721806
27.70300988
29.44388842
31.31747518
33.33149187
35.49426015
37.81558196
40.30542101
42.97433326
45.83418824
48.89736015
52.17753104
55.68907764
59.4473269
63.46899043
67.77169324
72.37468346
77.29803617
82.56371856
88.19490261
