312.9171996
221.1224457
180.5523326
156.3954236
139.92298
127.771276
118.3322308
110.7275019
104.4313994
99.10751261
94.52923574
87.01738666
81.06813218
76.20633982
72.13724173
67.11307618
63.02764956
59.62174957
55.85366901
52.03890272
48.93331603
45.87393886
42.96529233
40.57053553
38.03590838
35.73914956
33.49714949
31.52079786
29.65817001
27.9358331
26.3622835
24.81289316
23.44524283
22.15383436
20.96066333
19.84713518
18.80595232
17.86972885
16.99118268
16.1858206
15.44970623
14.77953111
14.16627308
13.60525926
13.09387479
12.63022271
12.21241168
11.83468007
11.49675865
11.19492977
10.92487663
10.68623992
10.47616561
10.29184447
10.13213884
9.995332895
9.879550267
9.783684427
9.706606261
9.647177452
9.604900571
9.579124115
9.569558014
9.576085902
9.598786591
9.637968811
9.694072551
9.767843275
9.860135918
9.972065721
10.10489386
10.26018413
10.43955652
10.6449034
10.87826169
11.14191373
11.438239
11.76976443
12.13929482
12.54970376
13.00398201
13.50535312
14.05713155
14.66285954
15.32619584
16.05095907
16.84121398
17.70118488
18.63540132
19.64854459
20.74567101
21.93207965
