402.8482438
259.9448781
219.0296974
213.441856
176.1749386
169.6408515
154.9736632
143.2797915
141.811802
129.2365995
125.3625815
113.9645917
106.3267875
101.5313792
96.3052266
89.45330988
81.20238356
77.48186626
71.47036558
66.68599071
62.82189688
58.50596644
54.50630519
51.2346586
47.93337665
44.78326347
41.90649533
39.27391822
36.69936693
34.38149927
32.19963971
30.11100382
28.21535554
26.47550656
24.82009427
23.27241059
21.79872001
20.41865301
19.16366536
18.00968439
16.95992768
16.03649176
15.20051375
14.36023614
13.57121577
12.8297935
12.13061181
11.52297425
11.03614719
10.65294914
10.36016891
10.15298019
9.998799298
9.862550551
9.745759453
9.692261826
9.699053709
9.760358579
9.885754075
10.0293584
10.16041049
10.2873334
10.40358132
10.52279494
10.6702982
10.88319803
11.11044328
11.34560702
11.58100273
11.82632378
12.06977918
12.37297885
12.80892149
13.44875624
14.27894335
15.31144225
16.48429413
17.66032341
18.79264756
19.84547889
20.86174949
21.86105641
22.75324128
23.8621486
25.54632966
27.80268233
30.8289645
34.72061799
39.50841756
44.73092628
50.01134743
55.96394121
61.63840212
