431.4785065
277.0976903
194.3411609
155.1374796
132.2341012
116.3530362
104.6331126
95.75477947
88.72002998
83.01860124
78.22391953
70.70312395
64.88506794
60.14072815
56.37299498
51.91672961
47.29712303
44.54757758
40.92736224
38.1094872
35.83600351
33.25584501
30.93569641
29.11481247
27.23482278
25.43265502
23.90396514
22.50705255
21.14020869
19.95988769
18.8913354
17.90796425
17.01098905
16.20662017
15.45333136
14.77511857
14.1441568
13.56328104
13.0419816
12.54685056
12.08389436
11.65268164
11.25484918
10.88152768
10.56129606
10.26341421
9.988397591
9.745017467
9.519800806
9.31058688
9.137264495
8.999894805
8.907522673
8.849849701
8.812914899
8.783334314
8.773096391
8.786867403
8.836378782
8.915393047
9.010553114
9.116188318
9.22427334
9.332156511
9.432858826
9.496334916
9.488530449
9.399699884
9.250807963
9.082521433
8.990043846
8.994478483
9.117496102
9.366869594
9.674393819
9.990626566
10.28341781
10.51639671
10.68713974
10.78110995
10.76316773
10.60958931
10.22462766
9.646876296
9.182697613
9.245490017
9.725907622
10.37036788
11.28065943
12.25999389
12.80333022
12.76098818
12.47514477
