62.54926308
45.78218157
38.23886717
33.50074134
29.92530558
26.9660818
24.59062711
22.85524704
21.57647205
20.53495811
19.68987635
19.02797285
18.50217039
18.02048959
17.51714631
16.9885904
16.47547943
16.00997912
15.59647461
15.2221794
14.87121287
14.53675606
14.21530724
13.89373499
13.56296802
13.2267482
12.89088614
12.56359113
12.25993927
11.98634466
11.73555649
11.49572878
11.26392783
11.04586717
10.84467293
10.65208961
10.46469277
10.29002543
10.13518381
10.00121493
9.878311586
9.756550992
9.638592012
9.532404565
9.43504154
9.337101576
9.234419345
9.133202937
9.041581207
8.957671915
8.873870828
8.78842478
8.708833042
8.638736056
8.575571386
8.512998119
8.448267472
8.385762928
8.32881849
8.275312367
8.221261216
8.169046106
8.122086187
8.080695077
8.040774059
7.99851307
7.952499051
7.903461687
7.850334372
7.793167386
7.733875553
7.674487741
7.616900843
7.56091253
7.504849035
7.447795599
7.389319246
7.327922834
7.264332217
7.200851161
7.140619958
7.085198946
7.034274725
6.987828451
6.945749878
6.905947646
6.864814867
6.821024878
6.776313757
6.73377714
6.694739288
6.658216936
6.623430321
6.591378686
6.562224009
6.533385049
6.501946826
6.467025599
6.431357019
6.39809582
6.367502434
6.338748331
6.312532871
6.289616494
6.268604205
6.247278124
6.22384292
6.199187465
6.175537733
6.153910668
6.133141832
6.113159442
6.094593401
6.077177574
6.059189685
6.038329672
6.014353346
5.988744791
5.962539256
5.935770511
5.909037136
5.882487701
5.856394102
5.830205975
5.803006282
5.77433476
5.745047533
5.716060592
5.68767119
5.660142516
5.634076889
5.61018096
5.588044622
5.566479919
5.544956641
5.523985873
5.503658966
5.483642437
5.464095458
5.445247951
5.427366453
5.410096361
5.392709848
5.375219079
5.358153861
5.341613725
5.325250295
5.308847747
5.292674611
5.277604047
5.263557244
5.249346548
5.234855839
5.221320773
5.209342419
5.198263861
5.187219887
5.175972749
5.165120701
5.154653991
5.143598761
5.131196595
5.117840478
5.104501962
5.091665519
5.078710246
5.064649088
5.049717706
5.03460218
5.018869911
5.001922153
4.98394902
4.965952308
4.94893079
4.932898925
4.917389109
4.902135554
4.88724888
4.872742025
4.858350689
4.843947339
4.829639495
4.816178471
4.803930549
4.792657443
4.782009311
4.77160958
4.760927207
4.749629703
4.737872203
4.72610187
4.714649542
4.703447265
4.692696577
4.682815199
4.6738451
4.665070939
4.655835913
4.646046453
4.636383748
4.62750428
4.619377705
4.611647949
4.60453381
4.598354891
4.592791575
4.586794668
4.579573191
4.5714748
4.563345761
4.555311995
4.546914277
4.538013035
4.529032759
4.520193215
4.511192332
4.501112716
4.489669881
4.477658885
4.465921229
4.45461044
4.443475833
4.432456965
4.421862305
4.41189035
4.402118188
4.39217167
4.382127141
4.372337472
4.363082766
4.354378643
4.346129436
4.338168923
4.330383317
4.322557048
4.314537602
4.306354991
4.298096944
4.289900471
4.28191565
4.27432983
4.267203943
4.260371139
4.253420658
4.24636416
4.239580676
4.233190061
4.226995679
4.220941498
4.215231929
4.210198359
4.205758079
4.201210141
4.196177784
4.19083375
4.185573711
4.180422516
4.174966222
4.168950652
4.162758179
4.156676547
4.150382811
4.14337061
4.135636134
4.127585239
4.119610483
4.111690318
4.103515418
4.095152987
4.086960504
4.07904954
4.071180862
4.063152449
4.055174962
4.047631167
4.040593044
4.033844315
4.027255111
4.020831356
4.014554842
4.008284072
4.001955505
3.995577627
3.989339939
3.983398792
3.977683419
3.972159442
3.966754976
3.961319049
3.955728703
3.950029811
3.944415693
3.939173057
3.934278756
3.929580805
3.925202352
3.921243552
3.917515767
3.913661726
3.909498064
3.905166639
3.901005026
3.897087468
3.893201206
3.889220641
3.885167268
3.880989566
3.876451227
3.871216893
3.865309141
3.859181391
3.853116769
3.847035409
3.840881334
3.834741045
3.828735851
3.822723967
3.816432223
3.809713168
3.802921461
3.79646493
3.790473541
3.784914071
3.779665861
3.774727576
3.770057486
3.765382715
3.76041889
3.755227147
3.750054169
3.745041258
3.740267886
3.735742587
3.731460312
3.727376039
3.723249735
3.718886727
3.714320287
3.709726554
3.705285726
3.701108983
3.697215306
3.693692483
3.690579303
3.687649339
3.684693255
3.681646697
3.678546646
3.675407594
3.672198462
3.668944091
3.665771535
3.662688771
3.659455446
3.655854391
3.65186685
3.647601764
3.643118564
3.638355803
3.633290987
3.628084214
3.622960827
3.617908601
3.612760571
3.607460702
3.602179485
3.597092087
3.592154927
3.587210174
3.582335999
3.577716457
3.573378515
3.569152055
3.564902157
3.560660328
3.556614415
3.552777122
3.548981378
3.545080866
3.541148035
3.537308573
3.533537148
3.52970708
3.525821252
3.522077884
3.518611099
3.515343775
3.512175421
3.509056885
3.505959396
3.50289619
3.499862838
3.496898366
3.494084622
3.491480111
3.489044186
3.486703632
3.484371707
3.48189273
3.479132691
3.475995899
3.472538348
3.46897981
3.465404334
3.461787551
3.458130299
3.454423041
3.450629081
3.446631472
3.442265317
3.437571324
3.432811943
3.428208354
3.423818133
3.419616189
3.415625752
3.411948262
3.408483247
3.40495352
3.401174014
3.397271376
3.393510406
3.389988299
3.386671242
3.38348318
3.380458539
3.377601922
3.374773149
3.371740598
3.368471268
3.365105845
3.361831085
3.358738697
3.355817908
3.353089176
3.35059453
3.348238526
3.345863937
3.343384882
3.34082334
3.338291151
3.335869549
3.333569407
3.331391583
3.329319426
3.327274182
3.325108651
3.32274423
3.32015188
3.317336438
3.314310806
3.311108059
3.307858059
3.30463465
3.301364412
3.297937016
3.294364641
3.290725953
3.28708329
3.283409283
3.279669489
3.275965875
3.272460818
3.269189524
3.266035244
3.262906109
3.259834501
3.256919967
3.254143049
3.251353369
3.24850991
3.245702324
3.242990869
3.240346187
3.237681914
3.23498251
3.232361945
3.22988147
3.227475459
3.225041485
3.222574817
3.220138618
3.217772841
3.215438201
3.213111123
3.210881863
3.20885408
3.207000464
3.205254074
3.20353745
3.201776691
3.199926369
3.197938962
3.195816306
3.193624208
3.191425613
3.189217738
3.186975518
3.184659919
3.182227216
3.179605134
3.176716736
3.17357133
3.170320141
3.167108272
3.163983679
3.160942989
3.157994208
3.155140575
3.152355452
3.149521564
3.146573133
3.143596979
3.140730675
3.138042656
3.135526264
3.133165492
3.130965853
3.128876684
3.126746766
3.124435459
3.121968709
3.119471248
3.117061765
3.114761018
3.112543505
3.110445115
3.108487552
3.106590377
3.104622849
3.102546021
3.100427108
3.098379344
3.096456982
3.094670374
3.093017335
3.091520742
3.09011596
3.088671551
3.087087572
3.085357536
3.083535511
3.081653993
3.079703347
3.077707089
3.075698456
3.073659604
3.071512096
3.069201739
3.066711417
3.064103848
3.061426606
3.058696304
3.055963296
3.053297125
3.050711366
3.048179374
3.045664479
3.043176991
3.040759673
3.03842652
3.036134621
3.033886959
3.031725143
3.029667908
3.027656891
3.025626105
3.023567185
3.021542833
3.019562786
3.017591114
3.015591784
3.013607593
3.011666032
3.009751912
3.00780738
3.005844344
3.003956866
3.002201406
3.000546555
2.998933744
2.997359565
2.995855204
2.994414041
2.99294983
2.991421279
2.989879998
2.98839187
2.986960044
2.985506422
2.983960268
2.98231894
2.98057425
2.978695571
2.97663632
2.974440161
2.972184918
2.969938516
2.967705421
2.96547339
2.963215354
2.960932446
2.958607167
2.956224069
2.953831902
2.951502427
2.949283049
2.947198726
2.945237702
2.943367399
2.941536746
2.939682611
2.937752291
2.935771991
2.933795672
2.931862433
2.929976346
2.928144595
2.926396599
2.924719465
2.923041121
2.92126864
2.919422022
2.91758767
2.915843191
2.914191469
2.912613732
2.91113987
2.909806856
2.908559496
2.907304042
2.905964646
2.904572614
2.903191708
2.901842447
2.900498376
2.899138828
2.897779687
2.896408097
2.894949592
2.89331863
2.891518213
2.889615322
2.887671243
2.88569242
2.88367827
2.881661747
2.879652653
2.877646825
2.875604525
2.873510655
2.871403454
2.869332238
2.86733143
2.865419526
2.863605937
2.861870756
2.860178618
2.858486586
2.856786002
2.855093791
2.853417488
2.851735979
2.850068319
2.848448134
2.846887869
2.845353122
2.843784931
2.842181207
2.840589123
2.839048439
2.837549814
2.836075277
2.834656286
2.833321698
2.832069056
2.830845852
2.829604183
2.828378312
2.827211042
2.826086802
2.824957953
2.823804965
2.822628168
2.821435276
2.820175712
2.818801975
2.8173207
2.815783951
2.814212228
2.812596502
2.810906159
2.809142251
2.807332573
2.805479587
2.803557908
2.801588295
2.799626836
2.797718329
2.795874376
2.794081515
2.792341861
2.790652157
2.788987652
2.787316956
2.785652001
2.784024194
2.782460012
2.780956927
2.779502529
2.778082448
2.776687715
2.775280306
2.7738229
2.772322625
2.770819713
2.769365456
2.76796898
2.766623638
2.765341911
2.76412746
2.762951139
2.761756768
2.760540128
2.759330901
2.758190894
2.757128385
2.756115768
2.755129118
2.754174409
2.753213125
2.752181854
2.751025327
2.749757525
2.748423874
2.747058977
2.745667946
2.74423981
2.742788322
2.741311595
2.73977245
2.73812818
2.736373506
2.73457644
2.73279706
2.73106215
2.729382247
2.726264327
2.724810158
2.723361157
2.721886569
2.720400494
2.718949111
2.71754082
2.716172112
2.71485655
2.713597739
2.712374306
2.711137927
2.70985537
2.708536622
2.707213184
2.705904762
2.70462177
2.703386443
2.702216704
2.701115065
2.698989065
2.697934923
2.696909267
2.695919777
2.694957444
2.694021323
2.693119712
2.692245186
2.691350624
2.690403178
2.689396865
2.688345196
2.687243576
2.684821593
2.683520747
2.682187037
2.68080655
2.679348176
2.677830972
2.676296271
2.6747754
2.673254296
2.671725855
2.670202189
2.667276027
2.66585231
2.664447394
2.663085639
2.661791995
2.66055836
2.659355557
2.658160364
2.656974491
2.654598027
2.65338328
2.652165123
2.650981441
2.649848632
2.64874895
2.647665828
2.646595297
2.644465932
2.643391495
2.642333195
2.641322863
2.640388829
2.639524547
2.63871347
2.637937773
2.636354369
2.635474943
2.634543325
2.633593422
2.632638875
2.631663447
2.62964939
2.628596188
2.627462089
2.626211781
2.62485717
2.623449381
2.622033709
2.619246473
2.617898296
2.616600474
2.615328834
2.614038284
2.612711408
2.610110539
2.608891049
2.607722027
2.606612075
2.605563102
2.60455479
2.602486927
2.601382678
2.600266168
2.599166655
2.598097718
2.596071027
2.595115417
2.594175411
2.593226899
2.592264501
2.590378246
2.589474142
2.588619901
2.587822606
2.587079282
2.585626511
2.584862258
2.584068031
2.583244004
2.582377158
2.580529982
2.579574594
2.578586474
2.577535419
2.576424193
2.574083301
2.572859905
2.571604614
2.570336012
2.567847171
2.566613164
2.565377906
2.564169991
2.561908683
2.560823458
2.559753117
2.558710025
2.556691822
2.555678793
2.554670276
2.553687496
2.552743452
2.550901814
2.549980364
2.549061504
2.547199992
2.546262986
2.545357977
2.544510334
2.542952049
2.542218862
2.541503065
2.540782674
2.539288348
2.538538662
2.537813743
2.537103732
2.535679094
2.534925947
2.534111086
2.532214697
2.531171887
2.530109237
2.529030187
2.526852495
2.525764772
2.524662808
2.522344178
2.52115421
2.519997779
2.517846514
2.516858654
2.515930674
2.515039728
2.513225347
2.512281286
2.51133818
2.509505448
2.508624322
2.507777069
2.506138811
2.505287695
2.504405189
2.502651991
2.50181705
2.50101888
2.499574086
2.498912988
2.498260077
2.496925205
2.496257895
2.495591415
2.49425627
2.493587388
2.492898525
2.491367603
2.490513731
2.489616287
2.48771074
2.486708739
2.485692302
2.483615634
2.482547523
2.48147634
2.479384551
2.478370962
2.476433838
2.475522861
2.474626926
2.472850649
2.471992039
2.471154797
2.469488859
2.468663213
2.467028267
2.466191477
2.465348167
2.463732563
2.462964106
2.461497573
2.460804909
2.46012522
2.458771589
2.458116989
2.456919689
2.456343772
2.455763309
2.454557332
2.453899449
2.452417322
2.451627808
2.450821371
2.449148834
2.448271302
2.446414094
2.445425586
2.444410603
2.442405367
2.441446015
2.439623692
2.438750199
2.436999556
2.436118894
2.434417544
2.433601681
2.432813714
2.431302637
2.430549535
2.42897029
2.428171365
2.426634818
2.425901393
2.424530812
2.423886437
2.423236635
2.421919171
2.421290052
2.420107504
2.4195417
2.418445196
2.417867945
2.416566097
2.415857175
2.414372665
2.413594607
2.411978482
2.411126247
2.409294901
2.408342567
2.406442754
2.40551214
2.403723328
2.402865132
2.401171279
2.400345278
2.398752901
2.397985467
2.396517099
2.395794226
2.394310146
2.393566475
2.392108656
2.391388239
2.390011476
2.389354006
2.388047591
2.387412625
2.386238182
2.385683166
2.384617794
2.384099181
2.383002809
2.381818944
2.381206852
2.379902861
2.379201177
2.377695666
2.376879326
2.37515947
2.374291689
2.372563535
2.370859821
2.370018481
2.36834846
2.367543409
2.366031758
2.365318661
2.363949039
2.363268013
2.36186659
2.360478326
2.359806099
2.358519348
2.357897845
2.356652806
2.355397818
2.354806556
2.35371764
2.353217911
2.352289986
2.351311557
2.350779087
2.349683966
2.34912245
2.347951109
2.346677924
2.345967051
2.344419337
2.343620025
2.342021515
2.340455689
2.339680224
2.338110008
2.336570175
2.335836517
2.334453796
2.333164619
2.332523857
2.331218186
2.330562418
2.329275417
2.328055323
2.327468624
2.326295037
2.32515136
2.324603817
2.323560379
2.322621766
2.322170064
2.321253559
2.320321659
2.319834502
2.318802005
2.317680494
2.317068118
2.315752984
2.314362517
2.313636649
2.312162112
2.310683289
2.309947229
2.308541982
2.307242326
2.306010459
2.305410696
2.304211053
2.303043911
2.302487522
2.301405912
2.300332278
2.299223528
2.298666922
2.297622002
2.296683972
2.296248042
2.295394529
2.294523246
2.293674472
2.293261546
2.292431637
2.291518804
2.290426432
2.289831506
2.288591039
2.287316749
2.286024371
2.285348884
2.283959157
2.282616999
2.281378639
2.280803889
2.279690321
2.278552032
2.277430565
2.27688634
2.275842612
2.274832964
2.273794874
2.272752526
2.272247105
2.271300822
2.270435069
2.269600444
2.268784817
2.268376359
2.267556764
2.266704251
2.265746473
2.264697813
2.264136788
2.262947767
2.261702723
2.260399578
2.259103252
2.258473786
2.257244578
2.256079036
2.254938554
2.253844982
2.252817689
2.252312953
2.25130655
2.25028371
2.249258666
2.248293839
2.247386355
2.246510915
2.246074447
2.24523317
2.244468204
2.243750817
2.24300039
2.242135346
2.241182819
2.240172134
2.239649253
2.23855239
2.237334765
2.236068771
2.234843506
2.233693809
2.232604142
2.231512373
2.230465211
2.22995995
2.228985213
2.228041949
2.227057418
2.226067824
2.225117108
2.224229518
2.223392147
2.222576107
2.221812586
2.221107434
2.220418609
2.220057365
2.219278624
2.218425689
2.217507407
2.216520371
2.215445506
2.214312681
2.21316808
2.21204968
2.210975019
2.209925644
2.20893541
2.207989563
2.207074051
2.206151959
2.205223211
2.204337951
2.203477592
2.202646465
2.201825285
2.201059331
2.200367153
2.199724359
2.199072514
2.198369889
2.197634854
2.196855453
2.19600431
2.195038826
2.193992003
2.192925775
2.191874807
2.190831184
2.189788786
2.188800183
2.187878866
2.18702144
2.186166524
2.185298628
2.184458626
2.183653439
2.182882873
2.182103635
2.181352218
2.180670141
2.180062088
2.179483141
2.178878594
2.177922101
2.177231211
2.176457531
2.175575389
2.174619897
2.173632223
2.172643451
2.171651114
2.170675063
2.169753713
2.168895715
2.168079563
2.166856415
2.166058073
2.165281592
2.164531521
2.163775031
2.163047131
2.162375059
2.1617642
2.161193687
2.160339702
2.159762358
2.159143432
2.158456399
2.157672299
2.156823506
2.155936275
2.154551341
2.153607197
2.152699136
2.151852847
2.151061016
2.150282717
2.149146919
2.148427618
2.147735664
2.147040666
2.14633781
2.145682334
2.144802543
2.14425657
2.14370578
2.143180536
2.142662983
2.141827665
2.141158954
2.140418548
2.13963633
2.138821349
2.13751647
2.136639907
2.135812084
2.135053375
2.133972691
2.133271378
2.132591197
2.13194395
2.131307234
2.130339485
2.129715994
2.129134385
2.128593635
2.127831446
2.127351946
2.126867815
2.126356664
2.125466613
2.124805488
2.124087469
2.122909359
2.122084209
2.12128356
2.120517277
2.119422109
2.118721971
2.118062896
2.117128409
2.11650027
2.115858185
2.114949101
2.114389865
2.113850929
2.113319614
2.112602132
2.112172002
2.11172753
2.110942409
2.110362077
2.109745584
2.108722362
2.107962932
2.106828973
2.106116036
2.105434064
2.104440268
2.103823571
2.103245247
2.102392043
2.101812392
2.101244279
2.100447054
2.099941165
2.099233515
2.098800363
2.098398589
2.097765752
2.097299208
2.096510787
2.095918715
2.095259396
2.094210987
2.093506943
2.092482404
2.091824635
2.09121833
2.090378212
2.089836435
2.089011816
2.088486237
2.087728018
2.087223128
2.086743376
2.086116705
2.085751042
2.085177445
2.084769218
2.084109424
2.083610025
2.082714033
2.082070352
2.081098336
2.080454595
2.07949356
2.078901988
2.078091221
2.077560723
2.076753536
2.076233088
2.075492998
2.075009091
2.07432652
2.073924874
2.073374877
2.073005462
2.072422142
2.071997824
2.071253089
2.070688351
2.069773532
2.069141652
2.068179931
2.067282775
2.066728866
2.065933693
2.065409845
2.064663445
2.06418244
2.063460282
2.062999583
2.062381486
2.06182127
2.061459849
2.060933975
2.060564669
2.059898374
2.059103137
2.058527552
2.057610733
2.056971598
2.056060149
2.055240575
2.054718173
2.053961983
2.053247951
2.052779074
2.052059376
2.051390268
2.05099002
2.05043288
2.050078267
2.049568099
2.049009232
2.048564261
2.047814909
2.046998195
2.046411544
2.045521259
2.044684739
2.0441668
2.043414703
2.042707262
2.042028583
2.041572106
2.040903456
2.040282523
2.039896801
2.039353497
2.038855631
2.038334881
2.037939045
2.037269735
2.036509371
2.035938633
2.035051781
2.034202219
2.033397589
2.032884994
2.032175259
2.03150518
2.030820372
2.030165592
2.029756826
2.029168593
2.028627593
2.028149645
2.027827902
2.027277369
2.026657109
2.025952365
2.025140593
2.024581359
2.023776885
2.023008692
2.02229093
2.021631496
2.020986825
2.020552157
2.019918248
2.019324434
2.018761124
2.018258838
2.017794981
2.017470987
2.016941683
2.01633633
2.015628024
2.014858872
2.014081089
2.013317108
2.012612106
2.012178425
2.011545639
2.010917771
2.010322245
2.00974081
2.009169112
2.008665779
2.00821497
2.007752905
2.007266953
2.006713351
2.006278242
2.005560652
2.004819326
2.004064898
2.003345643
2.002701954
2.002094277
2.001491151
2.000905506
2.000332801
1.99978285
1.999290453
1.998852439
1.998428891
1.99798534
1.997474478
1.99686893
1.996202113
1.995498965
1.994800698
1.994158801
1.993562333
1.992988275
1.992445327
1.991910571
1.991377265
1.99089794
1.990470738
1.9900635
1.989680342
1.989265002
1.988754299
1.988173046
1.987316832
1.986635279
1.98599852
1.985416382
1.984851734
1.984313231
1.983797288
1.98328159
1.982795919
1.982363165
1.98196585
1.981479391
1.981093301
1.98063322
1.980101393
1.979503188
1.978863846
1.978239005
1.977465681
1.976931157
1.976426168
1.975920197
1.975422847
1.974961033
1.974531332
1.974018747
1.973675798
1.973293975
1.972853013
1.972349484
1.97155435
1.970929896
1.970340213
1.969781137
1.969267319
1.968641009
1.968168827
1.967714165
1.96729124
1.966764235
1.966424097
1.966100896
1.965740123
1.965172301
1.964656724
1.96408149
1.963497386
1.962750943
1.962244753
1.96177733
1.961159751
1.960711723
1.960278749
1.959860608
1.95937727
1.959042129
1.958691055
1.958162721
1.95767578
1.95712436
1.956357607
1.955782142
1.955251026
1.954614282
1.954142486
1.953683451
1.953096972
1.952671817
1.952180611
1.951846496
1.951506932
1.951005513
1.950544631
1.950025179
1.949293123
1.948741014
1.94806419
1.947597794
1.946994269
1.946559873
1.94613072
1.945593157
1.945237549
1.944798312
1.944475367
1.943976101
1.943522281
1.943014902
1.942279919
1.941739004
1.941078521
1.940608023
1.940017526
1.939578432
1.93900096
1.938611813
1.938135982
1.937809307
1.937366668
1.936965409
1.936345
1.935826167
1.935109099
1.934454565
1.933994398
1.933414604
1.93299168
1.932431255
1.932043036
1.931577531
1.931264079
1.930851374
1.930362093
1.929928516
1.929263019
1.928740539
1.928073636
1.927455373
1.927032394
1.926479083
1.926070738
1.925565589
1.925097697
1.924792553
1.924392395
1.923925866
1.92352331
1.922891937
1.922228935
1.921751829
1.921157658
1.920624933
1.92023269
1.919718651
1.919233055
1.918894296
1.918499197
1.918110667
1.917660228
1.917255874
1.916642689
1.916005738
1.915546415
1.914995122
1.914480158
1.913983485
1.913628071
1.913167542
1.912775869
1.912414935
1.912030869
1.911696561
1.911152729
1.910557818
1.909943892
1.909383991
1.909003633
1.908504615
1.908031699
1.907569932
1.907150351
1.906870832
1.906506461
1.906107021
1.905616743
1.905044127
1.90444064
1.903875217
1.903488955
1.903001889
1.902533551
1.902066516
1.901639405
1.901264262
1.900919879
1.900540794
1.90006743
1.899523589
1.898935069
1.898515828
1.898004048
1.897525559
1.897076245
1.896624041
1.896213377
1.895845762
1.895511046
1.895153156
1.894722885
1.894219826
1.893666629
1.893134607
1.892649106
1.892202718
1.891767831
1.891348413
1.89095928
1.890614531
1.89030118
1.889953585
1.889538687
1.889034996
1.888500849
1.887860792
1.887399306
1.886966243
1.886534498
1.886131027
1.885752155
1.885425194
1.885098313
1.884719135
1.884260214
1.88373083
1.883067909
1.882578879
1.882137877
1.881711975
1.881300836
1.880911821
1.880493676
1.880189661
1.879860269
1.879456575
1.878979554
1.878474438
1.877866236
1.877436276
1.877023636
1.876631678
1.876241292
1.875812607
1.875503943
1.875189635
1.874817538
1.87423522
1.873728324
1.873227213
1.872775836
1.872243606
1.871837309
1.871439601
1.870986304
1.87066197
1.870333139
1.869948305
1.869367157
1.868847601
1.868341736
1.86775968
1.867330981
1.866917169
1.866413463
1.866050621
1.865632036
1.865301085
1.864904858
1.864328066
1.863814844
1.863327067
1.862769094
1.862352147
1.861841404
1.861449942
1.861009469
1.860691406
1.860357037
1.859852034
1.859372884
1.858741931
1.85826354
1.857720867
1.857306772
1.856804248
1.856429237
1.856013083
1.855702773
1.855263029
1.854839552
1.854236485
1.853759594
1.853203719
1.852799436
1.852300406
1.851921004
1.851482714
1.851172571
1.85077147
1.850289938
1.849833965
1.849232935
1.848778177
1.848265846
1.847777208
1.847399523
1.846956815
1.846644565
1.846260462
1.845816821
1.845386342
1.844803655
1.844232758
1.843818107
1.843316289
1.842832898
1.842463226
1.842054021
1.84166287
1.841318078
1.840796027
1.840215734
1.839640345
1.839218804
1.838723818
1.838246048
1.837796172
1.837471126
1.83709182
1.836662058
1.836149021
1.835687116
1.8351237
1.834607814
1.834129725
1.833659381
1.833308882
1.832908838
1.83253885
1.832109665
1.831596475
1.831028302
1.830592232
1.830086288
1.8296112
1.829145142
1.828711028
1.828325751
1.827940081
1.827491994
1.826957597
1.826511686
1.825980093
1.825501405
1.825039041
1.824599974
1.824193117
1.823834004
1.823451504
1.822996701
1.822466782
1.821935004
1.821446927
1.820994997
1.820556094
1.820139062
1.819767581
1.819410019
1.81900432
1.818517952
1.81799312
1.817493954
1.817037994
1.816603162
1.816181358
1.81572644
1.815378368
1.815002855
1.814540594
1.814024907
1.813514929
1.813054035
1.812613312
1.812181957
1.811699174
1.811340636
1.810977166
1.810543625
1.810042692
1.809527966
1.808962778
1.808527404
1.808101207
1.807705942
1.807349346
1.806930853
1.806512803
1.806028543
1.805526317
1.804966911
1.804536891
1.804121379
1.803735261
1.803317805
1.802977512
1.802576704
1.802005835
1.801513738
1.801060778
1.800565041
1.80016474
1.79978625
1.799387355
1.799055055
1.798670273
1.798122777
1.797664497
1.797165215
1.796777945
1.79640284
1.795986412
1.795682554
1.795295515
1.794904872
1.794461233
1.793936849
1.793543422
1.793097861
1.792743472
1.792365614
1.792079644
1.791694722
1.791296286
1.790775625
1.790368788
1.789920904
1.789562146
1.789156098
1.788861499
1.788515558
1.788093247
1.787676597
1.787167305
1.786783641
1.786355159
1.786011127
1.785637101
1.785303781
1.785001787
1.784558597
1.784059769
1.783673186
1.783251412
1.782850967
1.782540138
1.782209165
1.781886244
1.781558254
1.78109057
1.780623898
1.78027109
1.779872701
1.779493514
1.779161228
1.778903414
1.778543722
1.778101251
1.777641084
1.777290393
1.776902632
1.776535286
1.776204187
1.775913893
1.775647013
1.775246978
1.77480272
1.774394016
1.774026262
1.773679099
1.773365508
1.773134463
1.772835411
1.772450299
1.772018195
1.771615577
1.771248096
1.77090143
1.770589933
1.770316069
1.770018547
1.76963772
1.76921639
1.768828428
1.768476019
1.768142182
1.767839185
1.767568708
1.767264046
1.766879276
1.766460395
1.76607773
1.765727621
1.765387714
1.765084148
1.76480951
1.764494132
1.764108031
1.763700143
1.763330577
1.762935522
1.762617018
1.762338037
1.762076033
1.761757402
1.761369037
1.760913721
1.760568145
1.760242569
1.759935973
1.759670182
1.75940653
1.759019602
1.758633278
1.75826836
1.757941364
1.757576443
1.757292824
1.757040953
1.756706839
1.756346629
1.755973319
1.755639955
1.75528399
1.75499827
1.754749293
1.754465206
1.754158839
1.753799618
1.753396771
1.75308879
1.752751403
1.752489865
1.752257115
1.751945977
1.751604719
1.751187274
1.750867214
1.750519086
1.750244003
1.749967617
1.749722726
1.749357526
1.749003435
1.748624564
1.748331562
1.748007781
1.7477667
1.747503325
1.747222587
1.746827521
1.746504714
1.746179036
1.745917042
1.745642789
1.745402098
1.74515492
1.744791888
1.744430798
1.744158872
1.743861835
1.743594328
1.743395425
1.743124904
1.742773312
1.742460603
1.742135337
1.741834238
1.741595667
1.741354684
1.741085801
1.740733386
1.740415757
1.74008782
1.739787467
1.739508406
1.739267487
1.739036235
1.738691464
1.73832727
1.738003866
1.737700997
1.737428475
1.737225164
1.736960389
1.736621631
1.736272191
1.735963928
1.735679598
1.73542824
1.735212001
1.734950766
1.734621963
1.734304
1.734026768
1.733769487
1.733550802
1.733355257
1.733101993
1.732788892
1.732493686
1.732231815
1.731990909
1.731787694
1.731587974
1.731320836
1.731014541
1.730739681
1.730492677
1.730265664
1.730078582
1.729846142
1.729567587
1.729279139
1.729031429
1.72880425
1.728604752
1.728408265
1.728185879
1.727905094
1.727636274
1.727366461
1.727149047
1.72696268
1.726773595
1.726478454
1.72619315
1.725944086
1.725687848
1.72548795
1.725314106
1.725058969
1.724770957
1.724498604
1.724224712
1.724002146
1.723817546
1.723603652
1.723347572
1.72303256
1.722792686
1.722569844
1.722341846
1.722163988
1.721900477
1.721617138
1.721321066
1.721089
1.720847017
1.720670122
1.720434492
1.720161676
1.71985119
1.719578718
1.719358004
1.719146444
1.71896102
1.718673191
1.718362714
1.718123961
1.717873579
1.717656781
1.717477232
1.717206519
1.716898173
1.716659314
1.716407361
1.716187718
1.716016875
1.715764676
1.71545655
1.715179232
1.714958149
1.714730425
1.714532234
1.714283471
1.713976733
1.71372883
1.713478862
1.713255786
1.713065428
1.712833249
1.712539427
1.712266231
1.712051263
1.711827662
1.711640164
1.711411941
1.711122915
1.710851959
1.710609917
1.710390997
1.710206213
1.70998287
1.709703669
1.709445736
1.709216697
1.709007923
1.708829917
1.708609088
1.708336072
1.708089814
1.707844302
1.707654524
1.707489413
1.707267635
1.707004126
1.70677154
1.70656414
1.706364827
1.706198233
1.70596948
1.705718479
1.705503401
1.705287029
1.705130321
1.704965376
1.704732892
1.704463464
1.704256426
1.704071334
1.703899617
1.703714086
1.703471613
1.70321626
1.703018405
1.702843976
1.702672365
1.702466628
1.702195711
1.701989418
1.701803321
1.701629652
1.701475927
1.701233555
1.701012478
1.700795971
1.700623052
1.700462331
1.700283326
1.700025379
1.699819331
1.699614077
1.699440765
1.699297848
1.699067624
1.698848643
1.698634726
1.698443575
1.698303735
1.69811165
1.697860046
1.697655999
1.697450148
1.697274118
1.69712572
1.696894099
1.696650244
1.696441647
1.696270674
1.696109892
1.695905753
1.695653573
1.695456136
1.695257059
1.695092909
1.694922366
1.694687131
1.694461016
1.694266485
1.694100251
1.693972645
1.693774831
1.69354961
1.693356299
1.693182721
1.693040723
1.692863612
1.692636809
1.692436001
1.69225612
1.692107047
1.691947771
1.691729158
1.691520859
1.691322381
1.69117381
1.691031341
1.690827273
1.690620599
1.690442537
1.690287059
1.690137809
1.689946038
1.689737985
1.689559281
1.689399603
1.689251064
1.689070134
1.68885662
1.688676716
1.688501497
1.688372793
1.688206376
1.687975594
1.687798424
1.687640139
1.687494478
1.687332174
1.687126448
1.686928738
1.686768991
1.686620856
1.686463168
1.686235769
1.686052434
1.685869753
1.685733438
1.685553045
1.685345557
1.685144975
1.684984223
1.684835145
1.684677469
1.684453062
1.684258484
1.68410573
1.683968283
1.68381826
1.68360298
1.683417422
1.683273503
1.683144924
1.682974484
1.682764868
1.682604116
1.682450295
1.682324338
1.682149326
1.681968363
1.68179735
1.681650015
1.681523292
1.681338422
1.681146327
1.680997787
1.680856818
1.680723833
1.680530529
1.680344961
1.680185227
1.680054312
1.679914289
1.679720305
1.679548061
1.679397994
1.679276213
1.679122836
1.678928996
1.678760836
1.678614779
1.678491646
1.678321202
1.678117187
1.677961441
1.677833364
1.677707844
1.677530221
1.677364343
1.677210209
1.677100781
1.676964201
1.676788772
1.676629645
1.67650914
1.676407971
1.676239393
1.676078941
1.675945748
1.675829969
1.675719125
1.675559275
1.675405005
1.675285095
1.675179233
1.675039189
1.674880611
1.674738391
1.674632877
1.674515771
1.674357123
1.674200031
1.674078267
1.673970283
1.673823658
1.673671154
1.673538365
1.673440969
1.673336767
1.673176328
1.673046664
1.672929382
1.6728399
1.672718808
1.672561167
1.672427844
1.672320829
1.672214725
1.672047048
1.671901193
1.671778698
1.671674897
1.671532385
1.671373991
1.671241914
1.671138418
1.671006006
1.670839678
1.670701674
1.670588564
1.670475154
1.670312635
1.670171201
1.670053039
1.66995428
1.669802568
1.669649775
1.669524287
1.669423291
1.669288422
1.669125138
1.668989671
1.6688797
1.668764766
1.668587732
1.668444371
1.668318925
1.66820437
1.668039947
1.667870425
1.667736447
1.667624352
1.667448071
1.667280564
1.667133381
1.666999267
1.6668412
1.666664697
1.66649886
1.666372405
1.666226963
1.666028955
1.665870306
1.665722957
1.665579755
1.665375809
1.66520905
1.665052522
1.664912695
1.66471
1.664526664
1.664378393
1.664225532
1.664037096
1.663846091
1.66368071
1.663541857
1.663338205
1.66314332
1.662971928
1.662830832
1.662628467
1.662432548
1.662260522
1.662121972
1.661924035
1.66172969
1.66155795
1.661402971
1.661200428
1.661003036
1.660828511
1.660669509
1.660479861
1.660275625
1.660093419
1.659931129
1.65972265
1.659505356
1.659329419
1.659166867
1.658957392
1.658763568
1.658596212
1.658436574
1.658231417
1.658040533
1.657858179
1.657689804
1.657477879
1.657284813
1.657101437
1.65692397
1.656712238
1.656525816
1.65634818
1.656169153
1.655963121
1.655766022
1.655609865
1.655406249
1.65520378
1.655010297
1.654854069
1.654641357
1.654445921
1.654260444
1.654102987
1.653885075
1.653695758
1.653514751
1.653347234
1.653123843
1.652922546
1.652760384
1.652567825
1.652351115
1.652172353
1.652001754
1.651797522
1.651589707
1.651417286
1.651245635
1.651031917
1.650832184
1.650658704
1.650479524
1.650284557
1.650097494
1.649934558
1.649744732
1.649541383
1.649362103
1.649200987
1.648997474
1.648805358
1.648641042
1.648472615
1.648267338
1.64806914
1.64790732
1.647710966
1.647510691
1.647334536
1.647170886
1.646952443
1.6467682
1.646608429
1.646430322
1.646218807
1.646045388
1.64589041
1.64568064
1.64549677
1.645336012
1.645156248
1.644964957
1.644783868
1.644637071
1.644455301
1.644267084
1.644116347
1.643950974
1.643752219
1.64358783
1.643435512
1.643260344
1.643076115
1.642919712
1.642771684
1.642584315
1.64242364
1.642293321
1.642114048
1.641941674
1.641793076
1.641641118
1.641454708
1.641292778
1.641148044
1.640966506
1.640802676
1.640663852
1.640511679
1.640333706
1.640177012
1.640028081
1.639841532
1.639673889
1.639530675
1.639356996
1.639173126
1.639027181
1.63886969
1.638689439
1.638532438
1.638387667
1.638205913
1.638030465
1.637890857
1.637720718
1.637550556
1.637393232
1.637239732
1.637062926
1.636898237
1.636756472
1.636565892
1.636403653
1.63626299
1.636082067
1.635915773
1.63576448
1.635610774
1.635431273
1.635285424
1.63513311
1.634949753
1.634799249
1.634655779
1.634478435
1.634327797
1.634190566
1.634020901
1.633863744
1.633721462
1.633563252
1.633392307
1.633248329
1.633111358
1.632938556
1.632789024
1.632650262
1.632479947
1.632329335
1.632198144
1.632031974
1.631880204
1.631752105
1.631593241
1.631441299
1.631315625
1.631169066
1.631017238
1.630879992
1.630736901
1.630583077
1.630454858
1.630324681
1.630163974
1.63003693
1.629915095
1.629759562
1.629635637
1.629520005
1.62936699
1.629246539
1.629130243
1.62899007
1.628856954
1.628747109
1.62859867
1.628476133
1.628364557
1.628229284
1.628100702
1.628001311
1.627864209
1.627735947
1.627632401
1.627489621
1.627356854
1.627246962
1.627115395
1.626986642
1.626878728
1.626738833
1.626610038
1.626500952
1.626361446
1.626231969
1.626129698
1.625990458
1.625862199
1.625751244
1.625601766
1.625473252
1.625361729
1.625218521
1.625088614
1.624974201
1.624827371
1.624695988
1.624572236
1.624425563
1.624298564
1.624183488
1.624032658
1.623907608
1.623788298
1.623637784
1.623518264
1.623388616
1.623247856
1.623120507
1.622989455
1.622838602
1.62271987
1.622575635
1.622437136
1.622313355
1.622167647
1.622034849
1.621914217
1.621767887
1.621641268
1.621521321
1.621373668
1.621245615
1.621132739
1.620987029
1.620862809
1.620735009
1.620592271
1.620470542
1.620335246
1.62020063
1.620087836
1.619948214
1.61982012
1.619709216
1.619569962
1.619447802
1.619332907
1.619188471
1.619074925
1.618955366
1.618828764
1.618725026
1.618596844
1.61848149
1.618384857
1.618256294
1.618151736
1.618047793
1.617930957
1.617835659
1.617724757
1.617615796
1.617523519
1.617407014
1.61730669
1.617212941
1.617099647
1.616998592
1.616892885
1.616781893
1.616687129
1.616571598
1.616460975
1.61637049
1.616248381
1.616145474
1.616041148
1.615923023
1.615826226
1.615707817
1.615596413
1.615495801
1.615370447
1.615264025
1.615147382
1.61502245
1.614917127
1.614789347
1.614671266
1.614553853
1.614423023
1.614313672
1.614189971
1.614062565
1.613958721
1.613830728
1.613715126
1.613598834
1.6134673
1.613360522
1.613224228
1.613109076
1.61298945
1.61286048
1.612746679
1.612621906
1.612502588
1.612393378
1.612270778
1.612165257
1.612044624
1.611929589
1.611832504
1.611708049
1.611604564
1.6114897
1.611377866
1.611282232
1.611167546
1.61107389
1.610969004
1.610863731
1.610770623
1.610658409
1.610565164
1.61046083
1.610359007
1.610268286
1.610151264
1.610055996
1.609947401
1.60984411
1.609744807
1.609632979
1.609539386
1.609423428
1.609322899
1.609223592
1.609118147
1.609026964
1.608919764
1.608819259
1.608721232
1.608611436
1.608517418
1.608408162
1.608313152
1.608207819
1.608110621
1.608019441
1.607912225
1.607824785
1.607718785
1.607626362
1.607534073
1.60743416
1.607352758
1.607245997
1.607153874
1.607054309
1.606960455
1.606871421
1.606771231
1.606688406
1.606587679
1.606502541
1.606404721
1.606312776
1.606229627
1.606130811
1.606054013
1.605960795
1.605879593
1.605794174
1.605706983
1.605629835
1.605535138
1.605464804
1.605374042
1.605299977
1.605218515
1.605139524
1.60506349
1.604981747
1.604911623
1.604824806
1.604757229
1.604675565
1.604607917
1.604534987
1.604459341
1.604393139
1.604314426
1.604253747
1.604173892
1.604110724
1.604034215
1.603970694
1.603901699
1.603828492
1.603764294
1.603684666
1.603624761
1.603547181
1.603487168
1.603410051
1.60334876
1.603281084
1.603218883
1.60315753
1.603091046
1.603034709
1.602966132
1.602912058
1.602841487
1.6027885
1.602717677
1.602656853
1.602593247
1.602529697
1.602470593
1.602405997
1.602351793
1.602286071
1.602234438
1.602165396
1.602110029
1.602039591
1.601984059
1.60191667
1.601859051
1.601795977
1.601737196
1.601677606
1.601619815
1.601567736
1.601507754
1.601457559
1.601398188
1.601353338
1.601295593
1.601250159
1.601193685
1.601152154
1.60110055
1.601062019
1.601015749
1.600977794
1.600931662
1.60089526
1.600854104
1.600816618
1.600781727
1.600749712
1.600723366
1.60069186
1.600669781
1.600641966
1.600626475
1.600600408
1.600584947
1.600556207
1.600541628
1.600514694
1.600501089
1.600473109
1.600456681
1.600427615
1.600412949
1.600384789
1.60037587
1.600355878
1.600350326
1.600333875
1.600332196
1.60031757
1.600315932
1.600299308
1.600296823
1.600281731
1.600282354
1.600271198
1.600273165
1.600263333
1.600266439
1.600257431
1.600261975
1.600254571
1.600260889
1.600253942
1.60026012
1.600256464
1.600267166
1.60026627
1.600280494
1.600283641
1.600301245
1.600307185
1.600327579
1.600337629
1.600355945
1.600364882
1.600382586
1.600392013
1.600409232
1.600420083
1.600438328
1.60045295
1.600471026
1.600484955
1.600498139
1.600512052
1.600524653
1.600544035
1.600558893
1.600579551
1.600592059
1.600614295
1.600627415
1.60065373
1.60066969
1.600697984
1.600717521
1.600749704
1.600776187
1.600811157
1.600840551
1.60087384
1.60090609
1.600935649
1.600967664
1.600993455
1.601025511
1.601048944
1.601081499
1.601101845
1.601132582
1.60115331
1.601180506
1.6011995
1.601221832
1.601241839
1.601259006
1.60128119
1.601298967
1.601326675
1.601347007
1.601377553
1.601399655
1.601429448
1.601452664
1.601483238
1.601513512
1.601540353
1.601573264
1.601601621
1.601639226
1.60166752
1.601706653
1.601738351
1.601776298
1.601812215
1.601847691
1.601888928
1.601920821
1.601965489
1.602003358
1.602045324
1.602083346
1.602122604
1.602163716
1.602198949
1.602241322
1.602273425
1.602312554
1.602345361
1.602382795
1.602421804
1.602455122
1.602496227
1.602531182
1.602571626
1.602604746
1.602638679
1.602673039
1.602701737
1.602741291
1.602770995
1.60281025
1.602847429
1.60288085
1.602918816
1.602949126
1.602984815
1.603012962
1.603044913
1.603079319
1.603110242
1.60314772
1.603177789
1.603213893
1.603248211
1.603278611
1.603314836
1.603344111
1.603379531
1.603409682
1.603442876
1.603478725
1.603508884
1.603548184
1.603581835
1.60361765
1.603655645
1.603690168
1.603732014
1.603769857
1.603807252
1.603848722
1.603882648
1.603924673
1.603966294
1.604007477
1.604054777
1.604096404
1.60414306
1.60418876
1.604230205
1.604278315
1.604320862
1.604366829
1.604415172
1.604455609
1.604500264
1.604540335
1.604579213
1.604625007
1.604667076
1.604711264
1.604756761
1.604797341
1.604841552
1.60488252
1.604922316
1.604963158
1.604998025
1.605036205
1.605072884
1.605104619
1.605142391
1.605176944
1.605211257
1.605250992
1.605283482
1.605316593
1.60535078
1.605378322
1.605411445
1.60544381
1.605471663
1.605502406
1.605528804
1.605552503
1.605580073
1.605601709
1.605623425
1.605646241
1.605664077
1.605684499
1.605705297
1.605720935
1.605740478
1.605761406
1.605777619
1.605796244
1.605812807
1.60582464
1.605840205
1.605851344
1.605857715
1.6058669
1.605874189
1.605879957
1.60589064
1.605898498
1.605902491
1.605908536
1.60590943
1.605909323
1.605912599
1.60591461
1.605916498
1.605922774
1.605927374
1.605930727
1.605937991
1.605945033
1.605951086
1.605959577
1.60596609
1.605970684
1.605979112
1.605985679
1.605988659
1.605993693
1.605997604
1.605996473
1.605997946
1.605998595
1.605995076
1.60599339
1.605992097
1.605985671
1.605978688
1.605972416
1.605963495
1.605953637
1.60594847
1.605942361
1.605932791
1.605925704
1.605919544
1.605908745
1.605897651
1.605886859
1.605871847
1.605856618
1.605844039
1.60583046
1.605814221
1.605799236
1.605785703
1.605769494
1.60575715
1.605747866
1.605737365
1.605726017
1.60571831
1.605710574
1.605699656
1.605691377
1.605685484
1.605677856
1.605668989
1.605662907
1.605655706
1.605646584
1.60563846
1.605631139
1.605622067
1.605609572
1.60559784
1.605584594
1.605569171
1.605553937
1.605540244
1.605526966
1.605510637
1.605492226
1.605473974
1.60545356
1.605428225
1.605403764
1.605380411
1.605354527
1.60532655
1.60529893
1.605274182
1.605246849
1.60521985
1.605191551
1.605163535
1.605132716
1.605099081
1.605064623
1.605029188
1.604992919
1.604953871
1.604916515
1.60487879
1.604840215
1.604801129
1.60476423
1.604729553
1.604694596
1.604657889
1.604621288
1.60458748
1.604554114
1.604517342
1.604482334
1.604449189
1.604418917
1.604386695
1.604354735
1.604323918
1.604292911
1.604262593
1.604231497
1.604202515
1.604174449
1.604144168
1.604114497
1.604085116
1.604056439
1.604028298
1.603999181
1.603968545
1.603938958
1.603908926
1.603877842
1.603845628
1.603811652
1.603781081
1.603752695
1.603722452
1.60368972
1.603655632
1.603623938
1.603594569
1.603564568
1.603534227
1.603503531
1.603472687
1.603443977
1.603416848
1.603386805
1.603357567
1.603330165
1.603306393
1.603282753
1.603260554
1.603238131
1.603216463
1.603195891
1.603174133
1.603151357
1.603126126
1.603099375
1.603071622
1.603045065
1.603019355
1.602993121
1.602965488
1.602936986
1.602910378
1.602883792
1.602856758
1.602829196
1.602798546
1.602767255
1.602737888
1.602708308
1.602677823
1.60264718
1.602616201
1.602587111
1.602557568
1.60252722
1.602495064
1.602462981
1.602431018
1.602399209
1.602366009
1.602332231
1.602295679
1.60226078
1.602226196
1.602190892
1.602153914
1.602119086
1.602084893
1.602049526
1.602012518
1.601975127
1.601937827
1.60189896
1.60185965
1.601819935
1.60177942
1.601738627
1.601697537
1.601655094
1.601615929
1.601577183
1.601540231
1.601503643
1.601466196
1.601430675
1.601397699
1.601365918
1.601334869
1.601303563
1.601272164
1.601241974
1.601213225
1.601184425
1.601157937
1.601132892
1.601107007
1.601081542
1.601054244
1.601027588
1.600998819
1.600969855
1.600940552
1.600908769
1.600875625
1.600842294
1.600810122
1.600776499
1.600744485
1.600715272
1.600685366
1.600657417
1.600630315
1.600604061
1.60057983
1.600556431
1.600534772
1.600512485
1.600490435
1.600470189
1.600449432
1.600430777
1.60041368
1.600398218
1.600383867
1.600369621
1.600355155
1.600341028
1.600326501
1.60031324
1.600301403
1.600289393
1.600276626
1.600263954
1.600250569
1.60023736
1.600224416
1.600212261
1.600201489
1.600189837
1.600178102
1.600167512
1.600159668
1.600153438
1.600147386
1.60014098
1.60013451
1.600127907
1.600123004
1.600119693
1.600114599
1.600109692
1.600106769
1.600104781
1.600104803
1.600106646
1.600110909
1.600117618
1.600127806
1.600137363
1.600148335
1.600161362
1.600177324
1.600196355
1.600217664
1.600240931
1.600264816
1.600291115
1.600319249
1.600346936
1.600374841
1.600403984
1.60043532
1.60046771
1.600501281
1.600534593
1.600569295
1.600602496
1.600636034
1.60066983
1.600705713
1.600742925
1.600779198
1.600816505
1.600856011
1.60089684
1.600937493
1.600980259
1.601024176
1.601067601
1.601108498
1.601148855
1.601190037
1.601229355
1.601269121
1.601308434
1.601348082
1.601384831
1.601421404
1.601460621
1.601500046
1.601543399
1.601589353
1.601635059
1.601681258
1.601728658
1.601775718
1.601822415
1.601871382
1.601921775
1.601971639
1.602023408
1.602076223
1.60213061
1.602188689
1.602246568
1.602305035
1.602363009
1.602421837
1.602481744
1.602542196
1.602601484
1.602660877
1.602718769
1.602778699
1.602838296
1.602902417
1.602969104
1.603036657
1.603104883
1.603174367
1.603245517
1.603315607
1.603386788
1.603457426
1.603532152
1.603608898
1.603684842
1.603763263
1.603841419
1.603918928
1.60399636
1.604078107
1.604159547
1.604240926
1.604325545
1.604407837
1.604491576
1.604573932
1.604657187
1.604738366
1.604819614
1.604897332
1.604976023
1.60505496
1.605134122
1.605213728
1.605292258
1.605372619
1.60545142
1.605529961
1.605609571
1.605686587
1.605762954
1.60584057
1.60591575
1.60599372
1.606072422
1.606153153
1.606235647
1.606319937
1.606405641
1.60649262
1.606578707
1.606665199
1.606755672
1.606845842
1.606937325
1.607027955
1.60712265
1.607216637
1.607312238
1.607409421
1.60750705
1.60760386
1.607700229
1.607794361
1.60789206
1.607991
1.608090851
1.608193307
1.608295883
1.608401391
1.608506015
1.608609817
1.608713251
1.608820142
1.608927555
1.609037587
1.609148424
1.609260273
1.609371009
1.609486714
1.609602931
1.609721374
1.609841952
1.609961854
1.610084723
1.610209193
1.610334963
1.610464098
1.610594042
1.610724587
1.610859809
1.610993194
1.611127415
1.611265311
1.611403499
1.611538228
1.611677826
1.611818787
1.611960338
1.612102367
1.612243239
1.612386299
1.61253126
1.612679369
1.612825574
1.612974951
1.613125466
1.613279669
1.613432285
1.613587126
1.613744538
1.61390435
1.614065819
1.614229153
1.614395045
1.61455893
1.614726347
1.614897853
1.61506892
1.615243167
1.615417889
1.615593166
1.615773998
1.615955914
1.616139729
1.616327066
1.616511273
1.6166981
1.616885205
1.617080155
1.617273811
1.617471917
1.617670245
1.617870748
1.618070666
1.618275497
1.6184843
1.618688223
1.618891072
1.619093445
1.619299648
1.619503136
1.619710393
1.619915652
1.620123753
1.620331522
1.6205389
1.620746877
1.620956501
1.621163519
1.621370563
1.621579688
1.62178593
1.621995632
1.622203221
1.622412696
1.622621196
1.622829005
1.623031299
1.623241819
1.62344928
1.623655947
1.623861918
1.624071885
1.624277651
1.624486648
1.624692153
1.624898244
1.625102278
1.625308292
1.625514468
1.625719133
1.625923476
1.626126947
1.626334498
1.626537727
1.626743522
1.626946147
1.627150617
1.627353485
1.627556249
1.627758171
1.627958852
1.628157799
1.628355429
1.628555277
1.628750487
1.628947187
1.629139409
1.62933071
1.629518258
1.629702487
1.629886255
1.630070071
1.63025433
1.630437254
1.63062128
1.63080818
1.630992673
1.631180499
1.63136789
1.631555069
1.631736038
1.631918832
1.63210432
1.63228705
1.632471066
1.632651756
1.63283125
1.63300796
1.63318916
1.63336958
1.633548346
1.633724006
1.633898454
1.634071196
1.634245041
1.634417548
1.634592101
1.634763477
1.634937883
1.635111634
1.635281612
1.635452433
1.635625497
1.635798081
1.635969628
1.6361429
1.636311438
1.636482027
1.636651087
1.636821849
1.636991413
1.637158697
1.637328927
1.637499965
1.637672997
1.637843933
1.638016351
1.638191837
1.638365392
1.638540928
1.638713951
1.638889129
1.639064159
1.639237825
1.639411109
1.639585231
1.639761405
1.639935745
1.640111776
1.640284117
1.640457953
1.640631781
1.640805932
1.640979466
1.641152446
1.641326784
1.641501068
1.641677441
1.641848484
1.64201821
1.642185593
1.642351781
1.642512212
1.642671528
1.64283043
1.642985364
1.643140188
1.643296979
1.643451918
1.643607858
1.643762001
1.643917523
1.644072857
1.644229113
1.64438527
1.644543386
1.644697982
1.644851763
1.645005745
1.645158749
1.645309766
1.645462293
1.645614157
1.645765473
1.645916271
1.646067532
1.646215611
1.646365469
1.646512137
1.646660189
1.646806271
1.646949147
1.647089749
1.647229797
1.647369729
1.64750809
1.647646792
1.647783279
1.647921099
1.648058212
1.648192857
1.648329206
1.648468138
1.648604516
1.648738425
1.648872894
1.649012274
1.649153071
1.649293187
1.649437111
1.649582602
1.649729966
1.649877965
1.650027528
1.650180405
1.65033232
1.650487702
1.650644902
1.65079973
1.650955111
1.651109812
1.651265018
1.651421857
1.651576185
1.651731172
1.651888441
1.652043445
1.652195718
1.652346682
1.652498477
1.652651563
1.652802933
1.652953523
1.653105522
1.653255482
1.653406178
1.653554905
1.653704063
1.653853394
1.654001081
1.654149529
1.654295124
1.654439517
1.65458103
1.654725176
1.654871946
1.655021139
1.655170326
1.655321591
1.655474145
1.65562758
1.655780031
1.65593463
1.656087205
1.656242552
1.656395963
1.656548525
1.656698394
1.656848602
1.656997537
1.657147467
1.657293166
1.657437042
1.657577578
1.657717324
1.6578561
1.657992544
1.658127598
1.658258511
1.658387982
1.658515098
1.658642646
1.658768555
1.658890243
1.659009125
1.659128308
1.65924428
1.659360221
1.659477038
1.659594996
1.659711534
1.659826504
1.659941968
1.660055336
1.660166354
1.660277193
1.660387079
1.660493043
1.660596593
1.660698284
1.660798151
1.660898186
1.660996947
1.661091075
1.66118436
1.66127371
1.661360486
1.661445329
1.661527117
1.661605161
1.661685627
1.661766608
1.661851596
1.661935854
1.662020271
1.662103183
1.662186013
1.662267898
1.662347933
1.66242929
1.662507416
1.662586935
1.662665461
1.662742718
1.662819644
1.662896997
1.662973224
1.663048733
1.663126156
1.663207136
1.663290083
1.66337428
1.663457989
1.663541577
1.663625443
1.663710648
1.663797367
1.66388221
1.663966577
1.664050458
1.664134449
1.664220228
1.664308486
1.66439696
1.66448583
1.664576385
1.66466469
1.664751185
1.664835958
1.664919921
1.665003226
1.665085523
1.665165757
1.665245913
1.665326568
1.665407886
1.66549106
1.665574909
1.665658551
1.665740153
1.665825429
1.66591219
1.666001316
1.666093856
1.666187425
1.666283058
1.666379393
1.666479608
1.666581011
1.666680555
1.666781119
1.666882236
1.666983198
1.667082804
1.667182961
1.667283142
1.667385919
1.667490501
1.667596186
1.667699943
1.667800733
1.667901355
1.668004041
1.668106788
1.668207212
1.668307565
1.668406447
1.668504777
1.668603138
1.668700241
1.66879579
1.668889765
1.668982031
1.669072283
1.669161942
1.669247785
1.669333138
1.66941947
1.669504576
1.669587901
1.669670155
1.66975222
1.669832531
1.669911364
1.669987465
1.670062294
1.670134321
1.670206051
1.67027805
1.670349093
1.670419019
1.670485238
1.670550727
1.670616429
1.670681321
1.670742937
1.670801522
1.67085828
1.670913482
1.670965102
1.671012749
1.671055229
1.671093633
1.671129676
1.671166337
1.671201803
1.671234624
1.671264301
1.671292416
1.671322002
1.671350594
1.671378091
1.671403187
1.671426925
1.671449743
1.671473145
1.671496548
1.671518465
1.671539383
1.671558856
1.671575171
1.67158793
1.67159859
1.671608783
1.671620938
1.671634058
1.671648408
1.671661668
1.671673257
1.671683714
1.671692659
1.671700091
1.671708093
1.671715789
1.67172239
1.671727385
1.671730455
1.671732777
1.671733935
1.671733638
1.671731363
1.671729729
1.671731437
1.671734769
1.671739332
1.671743946
1.671750395
1.671756323
1.671761085
1.671767673
1.671775388
1.671782763
1.671788368
1.671791985
1.671793658
1.671794462
1.671794659
1.671794886
1.671796637
1.671797767
1.671797729
1.671797119
1.671795153
1.67179319
1.671789282
1.671785421
1.671782282
1.671779328
1.671777222
1.671775903
1.671774659
1.67177313
1.671770726
1.671765919
1.671759654
1.671752407
1.671743743
1.671733148
1.671721142
1.671708202
1.671693863
1.671679662
1.67166493
1.671651637
1.671635759
1.671618341
1.671600531
1.671581833
1.671562465
1.671540577
1.671517167
1.671491347
1.671463865
1.671435611
1.671404926
1.671374362
1.671344569
1.671314527
1.671282372
1.67124954
1.671215967
1.671180822
1.671143503
1.671105969
1.671064633
1.671024023
1.670981719
1.670940439
1.670898658
1.670856254
1.670809754
1.670762264
1.6707147
1.670667003
1.670621538
1.670574981
1.670531843
1.670488563
1.670444413
1.670400097
1.670356838
1.670313215
1.670271343
1.670232645
1.670197015
1.670165218
1.670135466
1.670108585
1.670086348
1.67006713
1.670048193
1.670030346
1.670016232
1.670002545
1.669988788
1.669976088
1.66996458
1.669954912
1.669945945
1.669939003
1.66993421
1.669932052
1.669930744
1.669932138
1.669936134
1.669942772
1.669953769
1.669966718
1.669979842
1.669995187
1.670010212
1.670026661
1.670045603
1.670066788
1.670087926
1.670112839
1.670140072
1.670166018
1.670191723
1.670217585
1.670243306
1.670268584
1.670294626
1.670322134
1.670350497
1.670380257
1.670410716
1.670440129
1.670467828
1.670497913
1.670531363
1.67056687
1.670604256
1.670643985
1.670684341
1.670724489
1.670765904
1.670809312
1.670852063
1.67089321
1.67093152
1.670968086
1.671000254
1.67102991
1.671058774
1.671086563
1.671114858
1.671143488
1.671172898
1.671202699
1.67123391
1.671264713
1.671295689
1.671325847
1.671354625
1.671383953
1.671412751
1.671439858
1.671465293
1.671490419
1.671516556
1.671542922
1.671568063
1.671591824
1.67161367
1.671636965
1.671659578
1.671682193
1.671702596
1.671721386
1.671738035
1.671754645
1.671768608
1.671780385
1.671790443
1.671798643
1.671806284
1.671811616
1.671814603
1.671816473
1.6718184
1.671818202
1.671816573
1.671815173
1.671815381
1.671815882
1.671814545
1.671812019
1.671808224
1.671804838
1.671801095
1.671797107
1.67179184
1.671785431
1.671777206
1.671769178
1.671760846
1.671751675
1.671740505
1.67172802
1.671711987
1.671692811
1.671670017
1.671644246
1.671615363
1.671583681
1.671550957
1.671517634
1.671484397
1.671452861
1.671424112
1.671397335
1.671371011
1.671343314
1.671315317
1.671283861
1.671249597
1.671215693
1.671181061
1.671148129
1.671116604
1.671085365
1.671053646
1.671021458
1.670989358
1.670958413
1.670927094
1.670896314
1.67086903
1.670843597
1.670820221
1.670797345
1.670775297
1.670752441
1.670729378
1.670706209
1.670681323
1.670655718
1.670628446
1.670599899
1.670572051
1.670544882
1.67051932
1.67049511
1.670472175
1.670450254
1.670428582
1.670408072
1.670387676
1.670365915
1.670343518
1.670320558
1.670297496
1.670273265
1.670250415
1.670225832
1.670198677
1.670172488
1.670145108
1.670116726
1.670088813
1.670059506
1.670028735
1.669997508
1.669965112
1.669933271
1.669901517
1.669871203
1.669839922
1.669808672
1.669775209
1.669739476
1.669703483
1.669665651
1.669622497
1.669577851
1.669532242
1.669487775
1.669444827
1.669403323
1.669362881
1.669322923
1.669285273
1.669247571
1.669210514
1.669175286
1.669142868
1.669112596
1.669084304
1.669057359
1.669031497
1.669006701
1.66898404
1.668963818
1.668943451
1.668922133
1.668900423
1.668878915
1.668857584
1.668838
1.668819856
1.668803379
1.668787939
1.668774399
1.668761753
1.668750622
1.668741586
1.66873646
1.668733003
1.668731452
1.668730423
1.668729773
1.668730948
1.668733984
1.668738209
1.668745121
1.668752324
1.668761597
1.66877381
1.668788443
1.6688055
1.668822873
1.668842722
1.668865293
1.668889842
1.668915871
1.668943059
1.668971479
1.668999629
1.669029563
1.669061138
1.669093461
1.669125609
1.669158124
1.669190313
1.669223296
1.669256784
1.669292177
1.669328501
1.669365214
1.669401548
1.66943737
1.669472885
1.669509206
1.669545909
1.669581993
1.669618596
1.669655343
1.669692858
1.66973047
1.66976828
1.669806296
1.669843906
1.669881479
1.669919836
1.669959745
1.669999717
1.670039624
1.670080402
1.670120558
1.670160153
1.67019915
1.670238588
1.67027761
1.670316708
1.67035565
1.670394407
1.670431714
1.670469433
1.670506733
1.670543793
1.670581442
1.670618283
1.670654966
1.670691789
1.670727247
1.670761788
1.670795227
1.670828024
1.670859834
1.670890239
1.670919198
1.67094732
1.67097637
1.671006527
1.671037215
1.671068836
1.671100557
1.671134943
1.671171132
1.671208136
1.671246691
1.67128616
1.671326504
1.671367795
1.671410628
1.671455058
1.671501453
1.671549721
1.671599327
1.671650075
1.671700911
1.671751351
1.671801439
1.671851441
1.671902239
1.671954303
1.672005884
1.672056662
1.67210772
1.672158291
1.672208562
1.672258819
1.672308526
1.672357693
1.672405772
1.672453271
1.672499371
1.672544939
1.672589595
1.672635135
1.672680349
1.672723707
1.672766867
1.672809655
1.67285082
1.6728903
1.672927515
1.67296421
1.673001031
1.673037857
1.673074738
1.673111392
1.673147663
1.673183622
1.673219432
1.67325413
1.673287907
1.673321558
1.673355314
1.673388977
1.673422445
1.673457274
1.673492782
1.673528109
1.673563545
1.673599577
1.673636149
1.673673629
1.673712507
1.673752058
1.673792285
1.6738321
1.673872132
1.67391215
1.673953357
1.67399542
1.674038108
1.674081023
1.674124273
1.674168823
1.674215288
1.674264739
1.674315614
1.674366602
1.674419475
1.67447286
1.674527168
1.674581513
1.674635925
1.67468978
1.674744102
1.67479868
1.674853466
1.674908846
1.674964632
1.675020721
1.675076862
1.675132506
1.675189082
1.67524658
1.675305459
1.675365457
1.675425633
1.675486114
1.67554607
1.675605551
1.675665499
1.675725312
1.675785551
1.675845467
1.675905769
1.675965804
1.676025048
1.676083977
1.676142131
1.676200142
1.67625714
1.676313479
1.676369127
1.67642504
1.676480712
1.676536076
1.676591552
1.676646515
1.676701319
1.676755463
1.676809589
1.676863218
1.676916721
1.676970492
1.677025562
1.677081177
1.67713718
1.677192279
1.677246868
1.67730031
1.677353106
1.677405943
1.677458063
1.677510312
1.677561575
1.677611705
1.677660739
1.677710081
1.677759493
1.677808583
1.677857241
1.677905327
1.677953061
1.678000972
1.678049119
1.678098029
1.678146323
1.67819453
1.678242202
1.678289146
1.678335369
1.67838155
1.67842799
1.678474187
1.67851835
1.678560823
1.678601924
1.678643997
1.6786863
1.678728334
1.678768951
1.678808574
1.678846329
1.67888183
1.678916081
1.678949413
1.678980359
1.679010361
1.679038901
1.679066353
1.679093354
1.679120307
1.679145877
1.67916985
1.679192136
1.679212909
1.679232113
1.679248906
1.679263952
1.679277337
1.679287334
1.679294543
1.679298939
1.679300696
1.679300606
1.679298205
1.67929382
1.679287651
1.679277767
1.679264869
1.679249226
1.679230778
1.67920986
1.679186597
1.679160113
1.679130816
1.679099731
1.679068279
1.679034902
1.679000224
1.678966306
1.678930915
1.678894642
1.678856469
1.678815384
1.678771883
1.678725004
1.678675965
1.678626303
1.678573868
1.678517126
1.678457524
1.678394812
1.678328478
1.678257785
1.678181527
1.678102188
1.678019484
1.677933672
1.677847206
1.677762089
1.677676595
1.677590076
1.677502154
1.677410327
1.677316744
1.677220851
1.677121287
1.677021821
1.676922282
1.676821635
1.676721127
1.676621283
1.676520523
1.67641839
1.676312303
1.676204571
1.676093872
1.675979705
1.675863383
1.675746281
1.675627073
1.675506569
1.675386848
1.675270492
1.675156362
1.675043203
1.67493041
1.674818102
1.674708111
1.674598345
1.674488512
1.674375723
1.674260669
1.674146161
1.674028611
1.673909811
1.673788324
1.673664521
1.673539276
1.673416007
1.673294712
1.673175072
1.673057717
1.672939993
1.672822559
1.672707951
1.67259374
1.672479498
1.67236363
1.672247658
1.672130989
1.672011443
1.671891292
1.671769607
1.671645345
1.671521658
1.671401648
1.671281468
1.671161105
1.671041304
1.670923051
1.670805159
1.670688465
1.670572263
1.670456848
1.670345502
1.670236679
1.67013312
1.670031823
1.66993413
1.669837656
1.669738519
1.669639992
1.669544161
1.669450937
1.669362208
1.669276824
1.669193334
1.669114176
1.669037134
1.668961946
1.668892406
1.668827352
1.668766137
1.668709062
1.668654154
1.668603294
1.66855792
1.668517667
1.668482554
1.668453673
1.668428457
1.668407031
1.668390403
1.668377835
1.668368976
1.668361972
1.668360261
1.668364105
1.668370558
1.66838066
1.668392322
1.668409512
1.668432836
1.668460887
1.668492994
1.668529716
1.668570872
1.668611713
1.668653561
1.668697909
1.668745822
1.668795584
1.668846187
1.668896029
1.668947501
1.669000847
1.669054888
1.669108934
1.669160817
1.669212269
1.669266
1.66932102
1.669376822
1.669432854
1.669488146
1.669543998
1.669598859
1.669655264
1.669712129
1.66976795
1.669821651
1.669872769
1.66992171
1.669968503
1.670013161
1.670054919
1.670096978
1.670140356
1.670184607
1.670226988
1.670269378
1.670309412
1.670348143
1.670388104
1.670429663
1.670471093
1.67050972
1.670547263
1.670580855
1.670613445
1.670643927
1.670675594
1.670709887
1.670744255
1.670777947
1.670813282
1.67085102
1.670889435
1.670930716
1.670975205
1.671020709
1.671069733
1.671122551
1.67117449
1.671227972
1.67128537
1.671344824
1.671406598
1.671467755
1.671529982
1.67159161
1.671653596
1.671719576
1.671787902
1.671861504
1.671941355
1.672025957
1.672108021
1.672191205
1.672277284
1.672365328
1.672455498
1.672550847
1.672652458
1.672756248
1.672860696
1.672964261
1.673070558
1.673181692
1.67329725
1.673416775
1.673538933
1.673662188
1.673781948
1.673908722
1.674040144
1.674176266
1.674314
1.674452559
1.674597045
1.674747732
1.674904903
1.675066458
1.675231245
1.675397708
1.67556524
1.675737394
1.675916198
1.676102498
1.676292609
1.676484779
1.676677363
1.676873315
1.677071595
1.677269758
1.677471855
1.677675464
1.677877528
1.678078356
1.678278754
1.678479468
1.678679229
1.678882984
1.679090584
1.679299142
1.679508179
1.679719015
1.679931221
1.680145755
1.680361422
1.680579944
1.6807994
1.681018351
1.68123896
1.681459535
1.681681735
1.681907976
1.682136081
1.682365814
1.682600074
1.682836458
1.683072771
1.68331019
1.683550375
1.68379469
1.684044991
1.684305336
1.684568619
1.684831419
1.685098231
1.685369959
1.685646141
1.685930374
1.686222787
1.686516899
1.686810104
1.687101231
1.687397827
1.687691796
1.687985667
1.688287077
1.688593705
1.688899023
1.689204692
1.689507056
1.689807974
1.690111185
1.690421591
1.690735952
1.691051022
1.691364741
1.691677774
1.691993501
1.692310709
1.692632217
1.692954011
1.693277207
1.693600144
1.693924566
1.694256213
1.694590626
1.694930119
1.695275565
1.695622772
1.695971928
1.696325931
1.696688834
1.697058011
1.69743337
1.697816636
1.698203645
1.698596485
1.698993681
1.699395636
1.699799919
1.700209104
1.700624125
1.701038424
1.701457886
1.701872816
1.702292391
1.70271601
1.703142699
1.703574114
1.704012018
1.704457534
1.704909276
1.705369747
1.705835271
1.706304177
1.706777215
1.707257092
1.707744322
1.708239676
1.70873227
1.709228097
1.70972485
1.710219921
1.710719502
1.711216571
1.711717416
1.71222516
1.712737824
1.713250944
1.713767201
1.714286633
1.714809821
1.715337216
1.715870965
1.716413589
1.716961549
1.717513261
1.71807205
1.718637464
1.719210289
1.719787469
1.720369263
1.720953404
1.721534552
1.722114286
1.722695214
1.723278337
1.723867977
1.724460741
1.725056824
1.725651335
1.726244164
1.72684163
1.72743849
1.728038967
1.72864583
1.729256446
1.729867707
1.730478789
1.731091834
1.731709123
1.732327835
1.732951368
1.733579568
1.734216391
1.734854158
1.735500073
1.736154031
1.736811255
1.737476464
1.738148969
1.738829235
1.739516564
1.74021502
1.740916716
1.741627752
1.742344789
1.74306793
1.743796312
1.744527917
1.745261834
1.746000426
1.746742187
1.747483924
1.748229375
1.748977573
1.749734691
1.750496715
1.751264302
1.752040084
1.752821457
1.753608746
1.754399827
1.755192388
1.755990498
1.756797196
1.757599831
1.75840568
1.759211268
1.760019798
1.76083153
1.761648157
1.762465221
1.763285056
1.764108684
1.764936889
1.76576386
1.76659313
1.76742323
1.76825755
1.769097902
1.769947929
1.770807163
1.771673783
1.772547198
1.773425331
1.774308783
1.77519451
1.776089279
1.776987335
1.777886414
1.778787877
1.779692072
1.780598212
1.78150495
1.782415048
1.78333352
1.784257367
1.785182787
1.786116712
1.787050416
1.787990172
1.78893453
1.789884937
1.790838425
1.791797041
1.79276077
1.793727897
1.794698556
1.795673013
1.796646376
1.797623726
1.798599438
1.799578948
1.80056319
1.801552466
1.802546058
1.803540146
1.804542034
1.805550734
1.806561025
1.807577516
1.808594987
1.809609456
1.810625369
1.811637827
1.812646868
1.813658578
1.814671259
1.815684228
1.816701065
1.817719307
1.818737151
1.819761636
1.820783324
1.821804838
1.822827045
1.823850216
1.824875542
1.825901704
1.826928444
1.827956462
1.82898753
1.830022763
1.831065384
1.832113082
1.833166259
1.834222216
1.835283909
1.836345565
1.837412821
1.838479081
1.839547167
1.8406186
1.841690155
1.842766468
1.843850439
1.844933391
1.846014476
1.847094321
1.848167966
1.849239781
1.850308215
1.851378828
1.852447761
1.853517073
1.854588157
1.855655538
1.856719259
1.857777714
1.858828867
1.859878896
1.860931152
1.861981483
1.86302557
1.864063537
1.865090449
1.866111358
1.867126064
1.868129799
1.869130614
1.870120209
1.871095829
1.872063722
1.873020162
1.873969033
1.874914089
1.875853634
1.876788355
1.877717975
1.878644014
1.879572172
1.880500291
1.881426125
1.882347812
1.883275157
1.884208316
1.885141447
1.886071637
1.886999224
1.887917747
1.888829662
1.889743406
1.89065705
1.891566684
1.89246573
1.893361869
1.894256893
1.895147326
1.896039682
1.89692454
1.897813097
1.898699834
1.899588055
1.900480944
1.901369543
1.902258013
1.903147333
1.904039203
1.904928528
1.905822644
1.906718356
1.907618945
1.908522698
1.909426798
1.910330073
1.91122686
1.912124112
1.913025426
1.913931423
1.914837698
1.915743479
1.916656147
1.917572323
1.918493413
1.919413877
1.920335411
1.921255886
1.922175296
1.923095118
1.92401152
1.924934647
1.925856954
1.926776276
1.927699318
1.928624792
1.929552264
1.930480632
1.931415965
1.932357465
1.933301717
1.934251669
1.935208478
1.936170614
1.937141866
1.938115625
1.939098946
1.94008703
1.941085577
1.942090464
1.943105635
1.944128212
1.945156044
1.946182813
1.947208637
1.948232912
1.949261843
1.950297458
1.951332768
1.952368103
1.953404106
1.95444538
1.955486863
1.956528632
1.957571496
1.958609914
1.959643906
1.960687522
1.96173453
1.962788702
1.963844616
1.964906034
1.965966133
1.967027451
1.968089312
1.969153903
1.970220756
1.971289576
1.972353418
1.973409676
1.974465606
1.975524871
1.976588395
1.977651926
1.978721663
1.97979377
1.980873393
1.98195699
1.983042951
1.984129615
1.985216178
1.986306104
1.987398686
1.988495188
1.989591031
1.990683645
1.991783591
1.992883254
1.993993521
1.995115872
1.996241303
1.997369115
1.998496659
1.999620828
2.000741305
2.001852962
2.002966736
2.004074791
2.005175993
2.006279176
2.007381799
2.008484293
2.009583138
2.010678579
2.011778167
2.0128749
2.013964878
2.015047875
2.016125444
2.017197359
2.018267966
2.01933399
2.020396095
2.02145841
2.022526723
2.023600838
2.024682932
2.025769705
2.026863828
2.027961929
2.029059606
2.030157479
2.031263151
2.032367358
2.033474789
2.03457112
2.035659953
2.036746472
2.03783816
2.038933711
2.040023278
2.041107054
2.042183711
2.043253703
2.044325141
2.045396569
2.046452822
2.047504089
2.048546769
2.049585688
2.050618983
2.051646465
2.052665315
2.053667314
2.054650062
2.05561748
2.056570603
2.057511736
2.058431568
2.059341366
2.060231978
2.061114219
2.061981875
2.062844743
2.063714086
2.064584658
2.065448096
2.066312282
2.067177913
2.06804383
2.068912882
2.069792309
2.070674415
2.071555512
2.072428495
2.073301014
2.074174906
2.075049934
2.075920388
2.076785625
2.077637984
2.078489679
2.07933476
2.080182837
2.081032769
2.081867538
2.082687117
2.083496115
2.084283669
2.085057504
2.085817789
2.086557471
2.087281184
2.087990569
2.088684619
2.089378908
2.090068772
2.090750307
2.091425482
2.092095244
2.092763615
2.093430253
2.09410592
2.094784295
2.095462036
2.096137427
2.096805578
2.097467172
2.0981258
2.098781214
2.099441945
2.100111743
2.100786796
2.101466657
2.102153496
2.102840784
2.103527991
2.104217314
2.104908547
2.105584907
2.106254241
2.10692049
2.107583804
2.1082505
2.108917367
2.109596302
2.110287164
2.11098536
2.111687352
2.112392848
2.113090906
2.113783984
2.114486134
2.115197845
2.115916461
2.116643303
2.117375426
2.118116982
2.118864509
2.119616047
2.120366694
2.121114547
2.121860902
2.12262157
2.123381843
2.124137464
2.124889916
2.125639086
2.12638784
2.127131933
2.127868505
2.128601934
2.129340468
2.130081372
2.130844143
2.131614505
2.132391497
2.133188527
2.134006523
2.134837812
2.135673734
2.136510183
2.13734058
2.138180214
2.139024515
2.139868178
2.140719944
2.141578286
2.14243842
2.143303273
2.144176044
2.145070822
2.145974779
2.146886665
2.147807822
2.148740614
2.149694058
2.150658174
2.151636907
2.152613514
2.153605355
2.154599425
2.155592197
2.156587297
2.157577024
2.15855948
2.159531896
2.160497689
2.16146712
2.162422599
2.163358832
2.1642904
2.165220009
2.166151379
2.167090899
2.168025851
2.168957408
2.169886993
2.170816491
2.171742527
2.17266583
2.173595826
2.174530432
2.175458471
2.17638326
2.177298451
2.178200428
2.179093873
2.179988495
2.180892836
2.181804899
2.182715496
2.183624529
2.18452957
2.185423735
2.186298426
2.187161877
2.188015656
2.188853267
2.189674923
2.190485965
2.191305792
2.192124482
2.192941401
2.19374309
2.194534056
2.195320228
2.196105654
2.19688509
2.197657616
2.198423999
2.199182929
2.199944324
2.200713509
2.201478971
2.202240778
2.202994904
2.203746958
2.204495877
2.205226013
2.205943256
2.206662664
2.20738016
2.208113099
2.208856953
2.209612179
2.210367583
2.211125104
2.211879557
2.212620573
2.213349129
2.214054045
2.21475281
2.215462307
2.216171679
2.216872363
2.217579126
2.218289177
2.218986701
2.219657507
2.220306022
2.220941443
2.221562409
2.222160567
2.222745344
2.223326357
2.223899866
2.224457206
2.225003508
2.225542829
2.226087164
2.226619199
2.22713567
2.227642862
2.228145031
2.228654209
2.229165991
2.229659273
2.230138848
2.23061046
2.231078802
2.231536535
2.231988387
2.232440353
2.232890605
2.233317044
2.233720698
2.234133773
2.234560199
2.234980739
2.235399567
2.235810874
2.236199704
2.236557885
2.236892281
2.237211729
2.237516848
2.237800115
2.238076457
2.238346517
2.238590585
2.238798656
2.238998566
2.239193519
2.239378455
2.23954738
2.239694151
2.239826723
2.239948765
2.240044925
2.240119067
2.240191426
2.240253894
2.240325992
2.24041848
2.240523246
2.240643655
2.240773962
2.240900169
2.241018387
2.241119324
2.24119913
2.241257859
2.241295202
2.241328754
2.241362505
2.241396337
2.241419724
2.241430266
2.241432069
2.241426897
2.241395852
2.24135041
2.241276805
2.241157868
2.241010023
2.240837856
2.240638335
2.240430212
2.240224467
2.240018722
2.239820744
2.239625476
2.23942965
2.23923536
2.239029065
2.238812874
2.238600983
2.238401951
2.238216745
2.238043357
2.237878332
2.23773431
2.237586163
2.237425551
2.237228839
2.237013147
2.236772732
2.236513976
2.23623663
2.235945344
2.235625747
2.235290199
2.234950065
2.234629659
2.234333626
2.23406361
2.233796415
2.233543079
2.233301171
2.233063721
2.232839274
2.232615925
2.232412283
2.232241242
2.232086815
2.231937122
2.231804286
2.231680206
2.231546951
2.231386276
2.231214251
2.231021209
2.230827796
2.230637564
2.230455209
2.230269354
2.23008583
2.229913231
2.229766295
2.229648635
2.229546774
2.229433862
2.229324376
2.229220609
2.22912518
2.22903676
2.228960847
2.228899395
2.228845259
2.228801244
2.228752259
2.228701461
2.22862767
2.228514104
2.228377161
2.228234154
2.228072147
2.227906501
2.227735763
2.227556403
2.227377266
2.227208621
2.227047719
2.226902444
2.226750604
2.226604121
2.226433452
2.226258961
2.22608041
2.22591282
2.225738535
2.22554848
2.225333978
2.225095572
2.224824718
2.224543562
2.224238067
2.223908779
2.223580122
2.223258158
2.22292637
2.222590464
2.222239718
2.221881987
2.221507311
2.221128181
2.220743115
2.220334841
2.219914193
2.219494929
2.219073099
2.218664883
2.218230497
2.217784259
2.217337837
2.216882572
2.216403174
2.215892612
2.215368602
2.2148032
2.214195141
2.213584726
2.212966107
2.212347208
2.211726744
2.211096351
2.210459594
2.209822399
2.20918876
2.20856351
2.207944572
2.207317694
2.206677387
2.20604586
2.20539058
2.204733145
2.204059493
2.2033841
2.2026945
2.201960935
2.201201648
2.200435353
2.199685055
2.198939354
2.198196047
2.197442079
2.196672331
2.19590212
2.195123371
2.194332192
2.193536402
2.192733918
2.19194961
2.191173697
2.190392784
2.189594554
2.188766725
2.187915038
2.18706113
2.186194837
2.185313074
2.184440007
2.183595515
2.182754777
2.181918804
2.181063182
2.180205072
2.179352479
2.17850001
2.177669504
2.176858755
2.176068505
2.175288556
2.174528156
2.173787563
2.173055249
2.172327929
2.171599967
2.170889313
2.170186246
2.1695082
2.16885916
2.168230238
2.167605792
2.166985461
2.166368114
2.165760416
2.165154472
2.164562591
2.163982852
2.163423649
2.16287405
2.162315235
2.161742635
2.161139928
2.160504198
2.159828903
2.159113624
2.158377222
2.157650974
2.156903737
2.156113498
2.155316096
2.154503861
2.153700125
2.152901284
2.152119936
2.151352133
2.150619858
2.149917381
2.149232632
2.148574904
2.147929968
2.147289216
2.146649045
2.146039698
2.145448934
2.144883195
2.144341777
2.143803049
2.143238481
2.142687297
2.142175015
2.141695072
2.141256201
2.140871362
2.140534128
2.140229363
2.139964762
2.139749953
2.139578869
2.139425237
2.13926915
2.139088861
2.138901569
2.138733045
2.138551255
2.138334597
2.138091755
2.137819345
2.137508077
2.137189703
2.136890272
2.136575757
2.136248232
2.135925776
2.135608073
2.135284081
2.134974182
2.134675206
2.134357034
2.134030647
2.133677046
2.133300348
2.132921343
2.13253908
2.132155705
2.13180396
2.131445662
2.131088694
2.130723573
2.13037497
2.130044821
2.129726015
2.129403035
2.129070876
2.128720961
2.128398824
2.128101902
2.12781881
2.127541238
2.127256402
2.12697138
2.126673157
2.126350897
2.126043688
2.125753766
2.125469198
2.125195986
2.124950238
2.124725687
2.124477105
2.124190698
2.123866632
2.123538285
2.123196706
2.122831559
2.122456509
2.122115647
2.121783589
2.121444522
2.121084833
2.120690509
2.120311531
2.119953328
2.119569112
