466.3658805
378.4237048
222.5932181
204.7644636
217.2511382
170.7156622
155.1845998
160.7962743
145.4009592
131.6471571
131.0858945
128.3755575
116.9075304
113.4121927
114.9497884
106.3177078
102.3681076
103.6882599
98.46871325
94.68132301
94.31741698
92.55738435
88.42247549
87.16145788
87.39747814
83.29548565
81.8591337
82.4156798
79.40995346
77.61361066
77.7368447
76.32751838
74.03697556
73.60267889
73.55776101
71.0442022
70.21131539
70.71787368
68.62568366
67.50736087
67.72228029
66.69727481
65.18212366
64.91277712
64.87787798
63.14004316
62.57436786
62.87437673
61.4563816
60.63467256
60.77591427
60.00754968
58.95601969
58.7831944
58.61138276
57.46918714
57.03439658
57.18006555
56.13250764
55.57186145
55.66955753
54.96163195
54.27560942
54.15811341
53.91665786
53.06116072
52.79965021
52.85063249
51.97963221
51.60856466
51.69800142
51.0649001
50.52452257
50.50614949
50.23562181
49.53681334
49.36378585
49.38989399
48.66205727
48.34517467
48.45498808
47.9085609
47.45478572
47.45217052
47.22374582
46.65262531
46.50048365
46.51440371
45.93607521
45.65907982
45.72361672
45.29289847
44.91567972
44.89600674
44.67667007
44.24098193
44.09872918
44.05091138
43.60773751
43.37669067
43.39186273
43.01237494
42.73901689
42.70693182
42.46848715
42.14365941
42.03939525
41.94980811
41.57519444
41.4250414
41.41026888
41.0586438
40.85566581
40.84310555
40.59761264
40.32033103
40.26935171
40.15793989
39.8247112
39.7146457
39.70334607
39.38003061
39.20286289
39.21215329
38.97974707
38.73346104
38.69972834
38.59724598
38.3034564
38.20515373
38.19199124
37.91171476
37.74970478
37.75201576
37.54765202
37.33290799
37.29759051
37.19157977
36.94697837
36.85407847
36.82136923
36.58126721
36.44286957
36.43114683
36.2387127
36.06498262
36.02866166
35.91408909
35.70857016
35.63704933
35.5895783
35.37495741
35.26841228
35.24990117
35.06786691
34.9203013
34.89670195
34.77746713
34.59377997
34.53988676
34.4839417
34.28843324
34.19416466
34.17759488
34.00749754
33.8745239
33.8562951
33.74275529
33.5801627
33.53101927
33.47685697
33.30506146
33.21898803
33.19659364
33.04637154
32.92955803
32.90612793
32.8003041
32.66268639
32.61655533
32.55591522
32.41117777
32.33777636
32.30495013
32.16979942
32.07445553
32.04641557
31.93949186
31.82577812
31.78736084
31.71822303
31.59045297
31.53554964
31.49619517
31.36794312
31.29099588
31.26608608
31.15806078
31.05649477
31.02907317
30.95468409
30.8340239
30.78906445
30.74951444
30.62598635
30.55491457
30.53417984
30.42921573
30.33379797
30.31013884
30.24009919
30.12798914
30.08495043
30.04714593
29.93348976
29.86567716
29.8426639
29.74708509
29.65876118
29.63174047
29.56436473
29.46395744
29.42083205
29.37906628
29.27880943
29.21701636
29.18827143
29.09978663
29.0228287
28.99322053
28.92519562
28.83823936
28.79935469
28.75298629
28.6621988
28.6097923
28.57748457
28.49280617
28.42647806
28.39866379
28.32969015
28.25098622
28.21733599
28.16812129
28.08291937
28.036737
28.00431747
27.92302624
27.86294648
27.83716545
27.77031183
27.69817742
27.66725069
27.61971129
27.54169925
27.49980718
27.46742562
27.39243097
27.33795451
27.3110967
27.24773219
27.18253332
27.15220349
27.10424722
27.03379838
26.99525145
26.9603724
26.89124556
26.84295677
26.81454172
26.75288907
26.69553003
26.66706231
26.61807038
26.55441015
26.52113777
26.48495896
26.41947608
26.37778884
26.35034333
26.29008782
26.23826055
26.21293269
26.16402558
26.10391038
26.07428041
26.03854237
25.97558485
25.93666435
25.91028913
25.85223847
25.80291497
25.77863606
25.7318571
25.67500668
25.64610685
25.61176533
25.55300707
25.51547608
25.48889584
25.43508974
25.38868044
25.36328814
25.31902654
25.26696655
25.23788089
25.20318556
25.15008567
25.11482494
25.08648074
25.03678851
24.99533723
24.96903099
24.92561946
24.87924722
24.85149234
24.81575924
24.76735362
24.736099
24.70691955
24.6599437
24.62374598
24.59826525
24.55557261
24.51361476
24.48824201
24.45198479
24.4061317
24.37767041
24.3482337
24.30218849
24.26829867
24.24339088
24.201346
24.16185855
24.13799565
24.10282968
24.05947531
24.03277032
24.00431343
23.96092613
23.92916386
23.90484014
23.86518378
23.82842605
23.8050979
23.77111776
23.73091401
23.70527306
23.67676579
23.63619131
23.60636787
23.58162106
23.54341462
23.5091695
23.48584806
23.45206132
23.41455395
23.39001124
23.36103634
23.3222664
23.29437027
23.26945268
23.23222579
23.20030461
23.1778548
23.1446722
23.10938003
23.08643176
23.05820245
23.02140405
22.99539133
22.97144427
22.93584773
22.90568375
22.88386728
22.85197634
22.81838973
22.79577247
22.768094
22.73289035
22.70734124
22.68331454
22.64944672
22.62048817
22.59835597
22.56768069
22.53616754
22.51373207
22.48674062
22.45442141
22.43013243
22.40608219
22.37443347
22.34768004
22.32541707
22.29573917
22.2667394
22.24473406
22.21760371
22.18730563
22.1643628
22.13997871
22.1094532
22.08457225
22.06241355
22.03301484
22.00595098
21.98486972
21.95781179
21.92884756
21.90725145
21.8832155
21.85350457
21.82995217
21.80831893
21.77943194
21.75338066
21.73303263
21.70669618
21.67866084
21.65778048
21.63444199
21.60592673
21.58335427
21.56255724
21.5352328
21.51051891
21.49080102
21.46579261
21.43954715
21.41941704
21.39692588
21.3701976
21.34863451
21.32817261
21.30223317
21.27902821
21.25967143
21.23562766
21.21113733
21.19163211
21.16961663
21.14449612
21.12420755
21.10420784
21.07956852
21.05805094
21.03939392
21.01617902
20.99329603
20.97493023
20.95380322
20.93013385
20.91104598
20.89173088
20.86817022
20.8478541
20.82977787
20.80743274
20.78565427
20.76779706
20.74723971
20.72460577
20.70622702
20.68736905
20.66488394
20.64530005
20.62747384
20.60606987
20.58545508
20.56803057
20.54813613
20.52675609
20.50884874
20.49025077
20.46885066
20.45022158
20.43257928
20.41186917
20.39234553
20.37506527
20.35540004
20.33508287
20.3178555
20.29944759
20.2788705
20.2612776
20.24398943
20.22383544
20.20535045
20.18872915
20.16950322
20.15011984
20.13375052
20.1157628
20.09577429
20.0788291
20.06190309
20.04212857
20.02423933
20.00805044
19.98934045
19.97057519
19.95461522
19.93716385
19.91788643
19.90142913
19.88498715
19.86597891
19.84854714
19.83264194
19.81450758
19.79630594
19.78046697
19.76338538
19.74489356
19.72869807
19.71254015
19.69436466
19.67777219
19.66233943
19.64502432
19.62788037
19.61255906
19.59606018
19.57856891
19.56311966
19.54733339
19.52993824
19.51403184
19.4987898
19.48186607
19.46540717
19.45042299
19.43407801
19.41713509
19.4020851
19.3864925
19.36948051
19.35398469
19.33892133
19.32224955
19.30624074
19.29159477
19.27569193
19.25928248
19.2445692
19.22921606
19.21267269
19.1975316
19.1827122
19.16649541
19.15086402
19.13636246
19.12066958
19.10475369
19.09022337
19.0750963
19.05909932
19.04435804
19.02979381
19.01404183
18.99896795
18.9847073
18.96941377
18.95410498
18.93994679
18.92514732
18.9097724
18.89559313
18.88129011
18.86600945
18.8514991
18.83759396
18.82258368
18.80776654
18.79408688
18.77959619
18.76466638
18.75086575
18.7368643
18.72190998
18.70782303
18.69433078
18.6797362
18.66533846
18.65196055
18.63778297
18.62314436
18.60958271
18.59587145
18.58130565
18.567455
18.55414385
18.53989732
18.52584331
18.51266882
18.49883265
18.48467823
18.47137973
18.45795609
18.44383529
18.4303242
18.41717706
18.40322493
18.38947853
18.37645177
18.36290756
18.34918129
18.33620675
18.3230535
18.30941133
18.29631273
18.28341964
18.2698828
18.25664321
18.24398067
18.2307205
18.21740642
18.20471338
18.19172684
18.17838981
18.1655755
18.15292975
18.13967434
18.12678261
18.11441701
18.101486
18.08855894
18.07615312
18.06343499
18.05040901
18.03790372
18.02554572
18.0127039
18.00018535
17.9880455
17.97541254
17.9628429
17.95072371
17.93831996
17.92569972
17.91355207
17.90151232
17.88907809
17.87694716
17.86506427
17.85275157
17.84057338
17.82879365
17.81677858
17.80468094
17.79300322
17.78124496
17.76918362
17.757446
17.74591875
17.73397119
17.72220054
17.7108449
17.69914299
17.68732469
17.67590352
17.66442043
17.65261306
17.64113489
17.62982641
17.61810344
17.60653262
17.5953239
17.58384092
17.57221764
17.5609676
17.5496667
17.53808229
17.52674546
17.51555321
17.50405995
17.49265768
17.48158672
17.47032963
17.45898095
17.44796084
17.43689507
17.4256188
17.41453562
17.40358641
17.39245503
17.38136065
17.37052547
17.35958267
17.34855148
17.33778659
17.32693488
17.31596283
17.30515445
17.29438351
17.28349227
17.27264451
17.26195264
17.25112978
17.24032592
17.22981606
17.21922652
17.20856845
17.19812763
17.18773226
17.17723854
17.16681642
17.15651752
17.14610219
17.13564843
17.12539762
17.11502636
17.10459121
17.09435291
17.08403836
17.07369762
17.06341578
17.05322647
17.04299029
17.03273792
17.02270332
17.0125599
17.00239921
16.992423
16.98235648
16.97225353
16.96221202
16.95219986
16.94213439
16.93207292
16.92222165
16.91225519
16.90222289
16.89236573
16.8823753
16.87235571
16.86245224
16.85262737
16.84276295
16.83290211
16.82326467
16.81352258
16.80372459
16.79414804
16.77486105
16.76529931
16.75579279
16.74622095
16.7365711
16.72712406
16.71762733
16.70802323
16.69866375
16.6893031
16.679947
16.67067667
16.66142788
16.65216682
16.64277941
16.63355565
16.62431077
16.61494452
16.60574388
16.59648348
16.57799595
16.56879798
16.55967109
16.55050031
16.54145744
16.53241751
16.52329793
16.51433393
16.50532257
16.4963022
16.48734783
16.47837398
16.46949336
16.45168902
16.44285486
16.43393325
16.4251678
16.41638219
16.40756229
16.39882248
16.39009661
16.38145279
16.37276456
16.36414515
16.34704298
16.33858788
16.33014037
16.32168699
16.31331577
16.30494718
16.29665736
16.28836201
16.28011683
16.26366181
16.25552759
16.24739996
16.23921092
16.23108254
16.22291738
16.21478018
16.20667297
16.1905547
16.18245892
16.17447313
16.16650661
16.15849559
16.15060936
16.14269508
16.134761
16.11908766
16.11128994
16.10339573
16.09557377
16.08776708
16.0798887
16.06441312
16.05661253
16.04881967
16.04110664
16.03339255
16.02557495
16.01783463
16.00227237
15.9945181
15.98684425
15.97911652
15.97140644
15.96379638
15.94856261
15.94096862
15.93344151
15.92579815
15.91820201
15.91064647
15.89540891
15.8878614
15.88035505
15.87278408
15.86526459
15.85028801
15.84281297
15.83542251
15.8280111
15.82062326
15.80600852
15.79867575
15.79141639
15.78419692
15.77687089
15.76231664
15.75498975
15.74769416
15.74046836
15.73323245
15.71873038
15.71153613
15.70422375
15.69697276
15.68979378
15.675407
15.66829808
15.66115624
15.65396295
15.6396983
15.63247068
15.62531829
15.61820246
15.6038167
15.59668687
15.58950329
15.58228497
15.56800017
15.56080957
15.5537137
15.54665744
15.53948171
15.52525566
15.51807943
15.51089074
15.49672192
15.48957194
15.48253083
15.47553765
15.46141574
15.45447685
15.44747313
15.44044906
15.42657018
15.41949642
15.4125337
15.40565783
15.39172422
15.38489476
15.3780018
15.364225
15.35738358
15.35038055
15.34348822
15.32975294
15.3228456
15.31602615
15.30224259
15.29543017
15.28864985
15.27496417
15.2682025
15.26134902
15.25458195
15.24110312
15.2343481
15.2276522
15.2141556
15.20745278
15.20077475
15.1872567
15.18054573
15.17375979
15.16031356
15.15357487
15.14677283
15.13346776
15.12672669
15.12015066
15.10696617
15.10037151
15.09384618
15.08068867
15.07423274
15.06778469
15.05472295
15.04828758
15.04174431
15.02879635
15.0223285
15.01580481
15.00295605
14.99643891
14.99003732
14.97719552
14.97078873
14.95805651
14.9516763
14.94540865
14.93286226
14.92668406
14.92051166
14.90804248
14.90188485
14.88946133
14.88334418
14.87719829
14.86492635
14.85892916
14.84682091
14.8408322
14.83476331
14.82279911
14.81687004
14.8048968
14.79901475
14.79300895
14.78116318
14.77519095
14.76331411
14.75741166
14.75145332
14.73970585
14.73375404
14.72203834
14.71613907
14.71030277
14.69864752
14.69277329
14.68111913
14.67524807
14.66367551
14.65783057
14.64627976
14.64045124
14.63462854
14.62307576
14.61722857
14.60575873
14.59995397
14.58860018
14.58289603
14.57159838
14.56596491
14.56026368
14.54908851
14.54340567
14.53219586
14.52656205
14.51533417
14.50973966
14.49847591
14.49287347
14.48169922
14.47614879
14.46507861
14.45956684
14.44852857
14.44306999
14.4320861
14.42666967
14.41576903
14.41035271
14.39954511
14.39410391
14.38328633
14.37780443
14.3670077
14.36154614
14.3507789
14.34542241
14.33468046
14.32935694
14.3186596
14.31333588
14.30266219
14.29733616
14.28675662
14.28146816
14.27096426
14.26576514
14.25536686
14.24503964
14.23987294
14.2295778
14.2244443
14.21429062
14.20923247
14.19916608
14.19415052
14.18415485
14.17423967
14.16925572
14.15943351
14.15443294
14.14457506
14.13960298
14.12973865
14.12483369
14.11493113
14.10505737
14.10017397
14.09037299
14.08547002
14.07575051
14.06601917
14.06122061
14.051566
14.04672949
14.03712501
14.02753071
14.02271817
14.01314585
14.00834892
13.99889802
13.98953217
13.98484142
13.97551276
13.97084242
13.96152349
13.95224301
13.94758332
13.93830421
13.92909475
13.9245126
13.91537865
13.9063168
13.90176714
13.89267195
13.88814465
13.87904882
13.87003527
13.86553441
13.85651051
13.84756198
13.84310024
13.8341327
13.82522091
13.82078889
13.81190764
13.8031131
13.7987026
13.78992605
13.78119583
13.7768543
13.76814394
13.75948409
13.7551397
13.74646735
13.73781179
13.73346848
13.72476476
13.71603793
13.70731557
13.70292724
13.69428248
13.68562033
13.6812894
13.6726948
13.66414717
13.65556144
13.65128747
13.64276675
13.63429099
13.63004513
13.6216484
13.61317544
13.60471548
13.60052899
13.59214323
13.58374504
13.57536522
13.57119491
13.56286528
13.55460909
13.54633751
13.54219425
13.53390997
13.5256444
13.51728609
13.51311984
13.50475735
13.49644198
13.48812095
13.48399127
13.47560637
13.46721871
13.45886495
13.45050366
13.44632943
13.43799192
13.42975076
13.42154099
13.41338734
13.40931702
13.40126275
13.39317017
13.38502404
13.37693864
13.37290766
13.36489187
13.35683787
13.34885632
13.34082626
13.33683743
13.32884433
13.32086399
13.31282561
13.3048192
13.29691437
13.29293718
13.28501712
13.27710829
13.26925812
13.26140676
13.25358517
13.24579886
13.24192777
13.23415052
13.2263901
13.21871312
13.21106222
13.20341809
13.19581082
13.1881958
13.18444986
13.17684829
13.16928326
13.1616806
13.15413624
13.14656803
13.13895105
13.13136355
13.12373055
13.11994554
13.11229643
13.10470692
13.09712561
13.08956336
13.08206189
13.07454067
13.06713616
13.05973762
13.05230635
13.0449857
13.03759962
13.03397571
13.02660141
13.01930962
13.01200079
13.00470817
12.99741214
12.99005255
12.98274599
12.97535173
12.96796965
12.96058791
12.95318041
12.94585344
12.93853605
12.93124699
12.92400471
12.91671765
12.90951116
12.90228362
12.89506874
12.88795899
12.88076523
12.87366768
12.86657418
12.85945351
12.85239367
12.84525512
12.83820818
12.83114019
12.82405895
12.81707909
12.81004802
12.80309264
12.79617104
12.78919529
12.78230292
12.77535609
12.76846067
12.76158601
12.75469914
12.74791839
12.7410823
12.73426341
12.72741315
12.72047023
12.71357839
12.7066207
12.69968048
12.68929009
12.68234262
12.67535205
12.66839331
12.66134507
12.6543575
12.64738091
12.64034854
12.6334055
12.62640523
12.61947019
12.61253008
12.60200534
12.59498213
12.58809378
12.58114516
12.57432337
12.56747474
12.56065712
12.5539368
12.54713418
12.53705955
12.53037315
12.52363165
12.51694243
12.51029273
12.50357863
12.49694614
12.48691202
12.48014632
12.47347442
12.46682822
12.46013983
12.45355483
12.44364466
12.43704953
12.43057382
12.42405831
12.41751125
12.41100744
12.40120956
12.39465598
12.3882026
12.38166113
12.37519532
12.36555578
12.35912832
12.3527003
12.3463649
12.33992074
12.33033919
12.32400116
12.31759038
12.31122554
12.30171452
12.29536016
12.28898341
12.2827029
12.27635701
12.26695084
12.26073886
12.25445846
12.24816381
12.23876362
12.23249236
12.22620577
12.22003237
12.21071934
12.20445534
12.19827708
12.18895913
12.18269169
12.17648842
12.17031161
12.16109158
12.15497391
12.14892346
12.13983529
12.13379531
12.12787113
12.11890998
12.11292528
12.10704292
12.10116015
12.09235073
12.08651231
12.08070315
12.07193943
12.06605073
12.06020381
12.05133954
12.04540442
12.03654084
12.03067706
12.02477056
12.01601913
12.01024705
12.00443261
11.99570312
11.98991633
11.98414511
11.97546915
11.9696618
11.96100941
11.95520647
11.94938389
11.94071542
11.93497952
11.92631915
11.9205733
11.91489872
11.90638648
11.90073073
11.89225441
11.88659485
11.88088093
11.87233391
11.86665661
11.85816225
11.85250109
11.84400897
11.83836738
11.83271489
11.82428745
11.81867122
11.81028308
11.80469003
11.79634463
11.79078326
11.78245973
11.77689448
11.76858125
11.7630453
11.7547597
11.74919924
11.7408802
11.73534101
11.72710723
11.72160827
11.713426
11.70800134
11.69988673
11.69447472
11.68634324
11.68090069
11.67272564
11.66728207
11.65908056
11.65362057
11.64547457
11.64008916
11.63203704
11.62396832
11.61859179
11.61052723
11.60513166
11.59708617
11.59175606
11.58380144
11.57849355
11.5705372
11.56260155
11.55730665
11.54936357
11.54406653
11.53613773
11.52823228
11.52298815
11.51517182
11.50996861
11.50221779
11.49450909
11.48941064
11.48175406
11.47414442
11.46909791
11.46157716
11.45410203
11.44911239
11.44163345
11.43667431
11.42928021
11.42190671
11.41697743
11.40958434
11.40218845
11.3972853
11.38987954
11.38245669
11.37748944
11.37008933
11.36271771
11.35538225
11.35052362
11.34325433
11.33601431
11.33121229
11.3240649
11.31693579
11.3097864
11.30501529
11.29793015
11.29085441
11.28614522
11.27898991
11.27184371
11.26471748
11.25999201
11.25295101
11.24595739
11.23896202
11.23198983
11.22731872
11.22033933
11.21335505
11.20637688
11.2017495
11.19482105
11.18786152
11.18088692
11.17396737
11.16938528
11.16248315
11.15564224
11.14883656
11.14205197
11.13528041
11.13078241
11.12404517
11.1173734
11.11071632
11.10407932
11.09742744
11.09300538
11.08643908
11.07985529
11.07324711
11.06666775
11.06010492
11.05355252
11.04700445
11.04264149
11.03608252
11.0295219
11.02293879
11.01636953
11.00978132
11.00316507
10.99654916
10.98995744
10.98337953
10.9768246
10.97247513
10.96593808
10.95942218
10.95289454
10.94638389
10.93991424
10.93348614
10.92706154
10.92063622
10.91419352
10.90775453
10.90132946
10.89491253
10.88854516
10.88218021
10.87582814
10.8694965
10.86317708
10.85687991
10.85061123
10.84434081
10.83807082
10.83180452
10.82553605
10.81924676
10.81296057
10.80670603
10.80049433
10.794268
10.78802521
10.78180369
10.77561054
10.76945847
10.76128066
10.75515162
10.74901833
10.74289674
10.73674177
10.73059652
10.72446508
10.71831347
10.71215896
10.706018
10.69985177
10.69157268
10.68536279
10.67915736
10.67294719
10.66675188
10.66056233
10.65438809
10.64621191
10.64005216
10.63391472
10.62779159
10.62165955
10.61552822
10.60940941
10.60125505
10.59514472
10.58905187
10.58298344
10.57693482
10.56881947
10.56277914
10.55677434
10.55076189
10.54472275
10.53662261
10.53056235
10.52449821
10.51843331
10.51037812
10.50436809
10.49839684
10.49245381
10.48457716
10.47864168
10.4726817
10.46673914
10.45887439
10.45297474
10.4470707
10.43922909
10.43336031
10.42750348
10.42163987
10.41390716
10.40810209
10.40231553
10.39466469
10.3889124
10.38314524
10.37551625
10.36977816
10.36406769
10.3565219
10.35086249
10.34518497
10.33762932
10.3319485
10.32438753
10.31875316
10.31310524
10.30562266
10.30006599
10.2945391
10.28720463
10.28172267
10.27436207
10.26887976
10.26155984
10.25607556
10.25060577
10.24330836
10.23787449
10.23059684
10.22514423
10.21786021
10.21241099
10.20700304
10.19981115
10.19441414
10.18723965
10.18184614
10.1747129
10.16932884
10.16218629
10.1568451
10.14976962
10.14447432
10.13737213
10.13211132
10.12510745
10.11989988
10.11295607
10.1060146
10.10081066
10.09392084
10.08879335
10.08207118
10.07699372
10.07028255
10.06524106
10.05853138
10.05175866
10.04668081
10.03988795
10.03478903
10.02798273
10.02118131
10.01607555
10.00932624
10.00422633
9.997490368
9.990764268
9.985740531
9.979026416
9.972313803
9.967313443
9.960661079
9.954082326
9.949137218
9.94259947
9.936080614
9.931194046
9.924681962
9.918182565
9.913336033
9.906881371
9.900448533
9.894069928
9.889266417
9.882916499
9.876568851
9.871858425
9.865520562
9.859259615
9.853041508
9.848352492
9.84215989
9.835990928
9.829856513
9.823758219
9.819213978
9.813163486
9.807190769
9.801294165
9.795395961
9.790986802
9.785075878
9.779170863
9.77330202
9.767437461
9.763029625
9.757157326
9.751266536
9.745373095
9.7395262
9.733720067
9.727944239
9.723592582
9.717825684
9.712035475
9.706326713
9.700644447
9.695004325
9.689414363
9.683859148
9.678302698
9.672768801
9.66723576
9.663055411
9.657498755
9.651908346
9.646334301
9.640773003
9.635219769
9.62970961
9.624186522
9.618656749
9.613140799
9.607617386
9.602078178
9.596538599
9.591046722
9.585567594
9.580120955
9.574714755
9.56931413
9.56388829
9.558508771
9.553206091
9.547909208
9.542616504
9.537326951
9.530729674
9.525441267
9.520158491
9.514873696
9.509613261
9.504373978
9.499167108
9.493995972
9.488894606
9.483822587
9.478764199
9.472485429
9.467495014
9.462499568
9.457518861
9.452566748
9.447653111
9.441515541
9.436609067
9.431728682
9.426891574
9.422077088
9.417301828
9.411384925
9.406713893
9.402071002
9.397413037
9.39277104
9.387020114
9.382428366
9.377850823
9.373308677
9.367668242
9.363130615
9.358598548
9.354073471
9.348425081
9.343909504
9.339440583
9.333899057
9.329493902
9.325113988
9.32074994
9.315308383
9.310981169
9.306665748
9.301259702
9.296918343
9.292563227
9.287145738
9.282853049
9.277524381
9.273287348
9.269060327
9.263794565
9.259595924
9.255384053
9.250088274
9.245851588
9.240553264
9.236320376
9.231060219
9.226863246
9.222699191
9.217508704
9.213356503
9.208178107
9.204061563
9.198909053
9.194782407
9.189686267
9.185638097
9.180579538
9.176589077
9.171608587
9.167645759
9.162731269
9.158796306
9.153898542
9.149979325
9.145094857
9.141226113
9.136458847
9.132665326
9.127918095
9.123182861
9.119413012
9.11470113
9.110954096
9.106292975
9.101610401
9.097846848
9.093175007
9.089421013
9.084664591
9.079909618
9.076104713
9.071356434
9.066630618
9.06286161
9.058205576
9.053564928
9.049896042
9.045333401
9.040754
9.037128563
9.032562579
9.02796674
9.023327302
9.019645982
9.015099388
9.010505384
9.00595686
9.002330297
8.997865617
8.993344112
8.988887946
8.985305314
8.980813516
8.97633252
8.971841336
8.967354065
8.963765419
8.959312648
8.954851914
8.950411592
8.945990951
8.941629209
8.938131516
8.933769241
8.929454444
8.925134124
8.920868283
8.916586389
8.912347942
8.908073491
8.90381319
8.900401198
8.89613699
8.891841119
8.88756807
8.883280653
8.879046974
8.874766008
8.870514201
8.866267226
8.862099581
8.857921232
8.853786805
8.849629068
8.84553485
8.841400565
8.83729423
8.833169301
8.829059421
8.824921987
8.820837013
8.816756994
8.812772183
8.808785876
8.804842467
8.800109059
8.796160407
8.792248689
8.788335365
8.784460617
8.780571109
8.776721226
8.772870307
8.769066486
8.764487571
8.760664547
8.756855802
8.753066763
8.749332639
8.745623181
8.741174697
8.73747454
8.733808292
8.730141149
8.726458146
8.721968438
8.718210474
8.714490889
8.710755217
8.706309681
8.702590736
8.698837993
8.695088889
8.690589988
8.686846821
8.68314153
8.678737702
8.675088237
8.671433385
8.667103493
8.663504774
8.659935151
8.655662471
8.652084088
8.64851175
8.644213624
8.640630676
8.636370749
8.632849198
8.62933691
8.625138522
8.621631795
8.617360226
8.613760732
8.610144111
8.605809398
8.602229135
8.597940966
8.59436748
8.590091738
8.586521801
8.582219763
8.578640075
8.574340591
8.570771877
8.56649597
8.562919367
8.55860708
8.555040342
8.550742879
8.54644637
8.542870398
8.538566
8.53497928
8.530673004
8.527098644
8.522776364
8.518486926
8.514949881
8.510702301
8.506476811
8.502992585
8.498810893
8.494670471
8.491260314
8.487149845
8.483058906
8.47968456
8.475682934
8.471657531
8.468311448
8.464364029
8.460446398
8.456514445
8.453222024
8.449322317
8.445440766
8.441555508
8.438331609
8.434517895
8.430723533
8.426922704
8.423142828
8.420038178
8.416274934
8.41250935
8.408748526
8.40497827
8.401229716
8.397457165
8.394276829
8.390513986
8.386760985
8.383010031
8.379308928
8.375565486
8.371835773
8.368141398
8.364489408
8.360819796
8.357156011
8.353508933
8.349900112
8.346296136
8.34269277
8.339091858
8.335495964
8.331908936
8.328326416
8.324757
8.321187346
8.317617894
8.31406717
8.310537226
8.307021775
8.303503727
8.300010885
8.296545669
8.293074694
8.288990362
8.285501742
8.281998184
8.278496974
8.275013917
8.271534065
8.267546406
8.264165542
8.260789719
8.257423107
8.254051462
8.250682943
8.246797928
8.243494792
8.240194004
8.236904764
8.233090062
8.229865423
8.226683044
8.223007082
8.219869451
8.21676991
8.213679409
8.210095311
8.207054839
8.204047033
8.20057372
8.197629867
8.194706198
8.191281158
8.188365539
8.18498991
8.182106865
8.179251851
8.17592663
8.173090932
8.169801335
8.166994521
8.163741789
8.160945879
8.157711007
8.154932967
8.151673748
8.148850379
8.145538584
8.142721095
8.13947256
8.136699695
8.133480724
8.130719229
8.127537645
8.124833525
8.121754204
8.119090025
8.11596038
8.112861302
8.110158193
8.106960665
8.103756282
8.101004243
8.097773619
8.094577462
8.091843792
8.088674033
8.085540765
8.082879854
8.079786998
8.076716393
8.074102886
8.071094601
8.068120727
8.065136638
8.062599001
8.059665018
8.056716239
8.053744938
8.050776537
8.048269407
8.045389694
8.042525147
8.039681962
8.036878568
8.0340853
8.03169938
8.028905742
8.026108489
8.023350005
8.020597719
8.017806992
8.015014448
8.012219384
8.009448626
8.006688839
8.003921703
8.00119239
7.998476602
7.995790264
7.993102698
7.990403142
7.987716013
7.985037379
7.982311356
7.979600647
7.976891004
7.974176868
7.971476671
7.96879779
7.966133592
7.963499592
7.960844335
7.958215288
7.955227857
7.952626069
7.950029114
7.947463935
7.944922429
7.942382554
7.939514154
7.936995598
7.934492859
7.932013186
7.929152521
7.926646372
7.924140156
7.92161683
7.918781457
7.916309647
7.913856994
7.911089179
7.908666761
7.906227557
7.903481858
7.901097804
7.898716989
7.895990246
7.893570498
7.89115623
7.888386755
7.885966899
7.883229183
7.880831362
7.878449729
7.875702847
7.87327177
7.870438941
7.867987241
7.865161834
7.862701968
7.859914404
7.857442335
7.854616933
7.852125765
7.849277516
7.846427308
7.843956702
7.841146709
7.838677722
7.835883021
7.833125821
7.830738115
7.828016597
7.825299844
7.822941568
7.820261273
7.817576611
7.8152499
7.812632255
7.809988747
7.807663084
7.804997934
7.802339562
7.799685317
7.797362411
7.794670882
7.791989564
7.789301226
7.786589747
7.784231308
7.781544351
7.778842655
7.776136744
7.773453968
7.770762988
7.768064965
7.765686188
7.762985136
7.760277443
7.757532707
7.754798292
7.752080546
7.749388031
7.746734379
7.74410669
7.741486992
7.738862066
7.736233495
7.733596854
7.730945815
7.728312373
7.725716226
7.723142534
7.720539416
7.717589044
7.714987271
7.712417425
7.709860243
7.707321121
7.70478541
7.702262783
7.699429874
7.696907485
7.694399817
7.691891943
7.689364057
7.686527064
7.683990943
7.681465308
7.678936349
7.676134624
7.673649524
7.671178711
7.668389152
7.665934154
7.663486829
7.660733075
7.658269867
7.65579912
7.652990116
7.650490433
7.647663416
7.645158704
7.642677624
7.639872428
7.637380603
7.63455577
7.632030623
7.629188019
7.626678889
7.623859708
7.62136469
7.61856827
7.616075801
7.613280864
7.610458099
7.607943833
7.605110293
7.602588535
7.599745672
7.596905968
7.594365074
7.591535411
7.588715032
7.5862142
7.58343121
7.580651708
7.578169233
7.575363538
7.572538293
7.569708904
7.567198645
7.564416837
7.561653906
7.558932069
7.556502447
7.55375837
7.551022508
7.548305585
7.545580555
7.542823383
7.540083595
7.537331855
7.534892195
7.532156434
7.529454935
7.526751647
7.524043463
7.521331698
7.518628494
7.515894235
7.513183927
7.510465617
7.507737988
7.505036544
7.502320607
7.499601719
7.496572813
7.49386765
7.49115583
7.488448297
7.485736835
7.483011122
7.480279447
7.477210026
7.474404469
7.47157404
7.468753532
7.46595019
7.462811044
7.460005328
7.457221334
7.454453429
7.451337195
7.448499576
7.445633016
7.442467285
7.43958811
7.436709404
7.433474748
7.430583588
7.427716598
7.424523801
7.421682645
7.418562423
7.415770668
7.412667334
7.409876466
7.406813036
7.404076317
7.401055077
7.398345467
7.395374226
7.392686921
7.389726499
7.387069324
7.384125148
7.381205536
7.378595721
7.375699036
7.373075912
7.370142365
7.367227322
7.364627297
7.361754734
7.358899583
7.356053905
7.353483581
7.350622227
7.347760249
7.344878943
7.342306705
7.339470371
7.336655296
7.333863583
7.331124575
7.328378939
7.325908339
7.323160823
7.320396231
7.317660765
7.314961978
7.312275256
7.30958842
7.306929665
7.304283457
7.301624562
7.298986204
7.296369965
7.29375872
7.291171031
7.288639692
7.286139745
7.283671362
7.281235313
7.278499136
7.276010642
7.273540238
7.271086701
7.268618663
7.266146527
7.263433196
7.260986872
7.258545109
7.256105999
7.253413688
7.250933339
7.248450797
7.245730492
7.243244995
7.240764147
7.238040845
7.235589834
7.233137308
7.230455402
7.228017412
7.22534559
7.222924701
7.220516113
7.217871811
7.215475969
7.212851816
7.210473834
7.207884183
7.205536817
7.202952615
7.200367225
7.198043467
7.195470656
7.193108702
7.190501421
7.187903204
7.185548775
7.182951378
7.180330676
7.17792694
7.175318636
7.172730629
7.170148858
7.167790496
7.165185606
7.162591933
7.159991332
7.157372322
7.154993222
7.152403695
7.149834181
7.14727005
7.144691525
7.142097735
7.139512768
7.136940677
7.134387206
7.131861117
7.129344315
7.126836124
7.124351445
7.121860944
7.119416868
7.116988413
7.11456048
7.112120923
7.109659503
7.107180087
7.104716697
7.102275263
7.099614463
7.097190826
7.094775991
7.092353896
7.089908554
7.087254003
7.084838156
7.082415207
7.079784282
7.07735288
7.074891655
7.072197838
7.069752444
7.067296222
7.064621667
7.062196852
7.059784078
7.057122086
7.054698149
7.052046631
7.049648117
7.047043286
7.044667418
7.042078408
7.039721317
7.037142373
7.034568704
7.032215561
7.029652433
7.027308713
7.024770787
7.022264069
7.019985814
7.017523411
7.01510091
7.012697794
7.010536585
7.008209492
7.005927974
7.003653931
7.001573289
6.999292371
6.997046099
6.994841758
6.992635635
6.990406295
6.988189932
6.985968308
6.983731441
6.981668996
6.979429424
6.977199492
6.974980697
6.972789067
6.970460593
6.968338952
6.9662358
6.964145726
6.962061805
6.959997967
6.957926505
6.955852807
6.953790036
6.951583916
6.949559279
6.947564375
6.945587301
6.94344793
6.941499865
6.939557062
6.937602702
6.935486104
6.933532551
6.931579999
6.92946896
6.927533679
6.92546404
6.923597371
6.921591257
6.919758641
6.917801032
6.916009511
6.91407167
6.912280527
6.910347343
6.908566038
6.906623775
6.904836416
6.902909183
6.900999159
6.899255495
6.897362448
6.895472885
6.893709993
6.89178712
6.889880138
6.887971964
6.886218462
6.88432278
6.882415493
6.880551822
6.878721883
6.876894914
6.875228115
6.873435603
6.871659899
6.869884247
6.868127476
6.86637455
6.864633037
6.862892738
6.861156139
6.859410795
6.857661521
6.85587335
6.85394727
6.852149509
6.850368691
6.848571437
6.846816749
6.845085488
6.843216121
6.84151507
6.839846022
6.838179513
6.836416316
6.83478081
6.833134784
6.831361
6.829714328
6.828047872
6.826256839
6.824585927
6.822804786
6.821159494
6.819496169
6.81768681
6.816008097
6.814194552
6.81233986
6.810613329
6.808787497
6.80709246
6.805250329
6.803372056
6.801627274
6.799752018
6.797884065
6.796165861
6.794336891
6.792509253
6.790699321
6.789021649
6.787237226
6.785491448
6.78376677
6.782055599
6.78032209
6.778585108
6.776994252
6.775278011
6.773600482
6.771919265
6.770241125
6.768532659
6.766812189
6.765111406
6.763308286
6.761600281
6.759870741
6.758152044
6.756425641
6.754699195
6.752975251
6.751120398
6.749417474
6.747719238
6.746023893
6.744185132
6.742472043
6.740728031
6.738857936
6.737114942
6.735230205
6.733496674
6.731795949
6.730000862
6.728362832
6.726627659
6.725020126
6.723320301
6.721742861
6.72008492
6.718440835
6.716889421
6.715278205
6.713678002
6.712187644
6.710582145
6.708970848
6.707465292
6.705883518
6.704306082
6.702724309
6.70115203
6.699670614
6.698050793
6.696403856
6.6947703
6.69315184
6.691553833
6.689957431
6.688362712
6.68676378
6.685152154
6.683556478
6.681968351
6.680375456
6.678792349
6.677209708
6.675540502
6.673960297
6.672368908
6.670763995
6.669142906
6.667413783
6.665819632
6.664234034
6.662552999
6.660981548
6.659428333
6.657796828
6.656256372
6.654628758
6.653116651
6.651531521
6.650060577
6.6485054
6.64705828
6.645562547
6.644175041
6.642701618
6.641325381
6.639849467
6.638415825
6.637117753
6.635775325
6.634439336
6.633123063
6.631889168
6.630584784
6.629282971
6.627993151
6.626728322
6.62549457
6.624251015
6.623003105
6.621837028
6.620594343
6.619354986
6.618107618
6.616808156
6.615604689
6.614421278
6.613241925
6.612063228
6.610893441
6.609728966
6.608564625
6.607316889
6.606123616
6.604947368
6.603785536
6.602542519
6.60136499
6.600193333
6.598941625
6.597747555
6.596474332
6.595272405
6.593996061
6.592822884
6.591577575
6.590396805
6.589174635
6.588015401
6.58677913
6.585557829
6.584422837
6.58324315
6.582094434
6.58101685
6.579876793
6.578759772
6.57766107
6.576676178
6.57565809
6.574645483
6.573644123
6.572630686
6.571647472
6.570703887
6.56978362
6.568888577
6.567996488
6.567096656
6.566214531
6.565342153
6.564472902
6.563618898
6.562733426
6.56191683
6.561085375
6.560267487
6.559462892
6.558612277
6.55780439
6.557004742
6.556152522
6.555333936
6.554446729
6.553611088
6.552808578
6.551994223
6.551240734
6.550439503
6.549640753
6.548897603
6.548078386
6.547317487
6.546531515
6.54575638
6.545032639
6.544289731
6.543545989
6.542783168
6.542063432
6.541313103
6.540528954
6.539730631
6.538961192
6.538171477
6.537371321
6.536583794
6.535818043
6.535062677
6.53432127
6.533601738
6.532874779
6.532168357
6.531478977
6.530804103
6.530101998
6.529440627
6.528780234
6.5281446
6.52746811
6.526828411
6.526204115
6.52557208
6.524985224
6.524364917
6.523781679
6.523172159
6.522617257
6.522045336
6.521511038
6.520954114
6.520445668
6.519938075
6.519446173
6.519001711
6.518534387
6.518088056
6.517632313
6.517209464
6.516778064
6.516355728
6.515932495
6.51551802
6.51510244
6.514698539
6.5143026
6.513890331
6.513483081
6.513078599
6.512674159
6.512281742
6.511881731
6.511476686
6.511078129
6.51067553
6.51031027
6.509945867
6.509611945
6.509274972
6.508951662
6.508614418
6.508258264
6.507932805
6.507604005
6.50731747
6.507062357
6.506837121
6.506613393
6.506394967
6.506142339
6.505887757
6.505646422
6.50537539
6.50510216
6.504861251
6.504628827
6.504401075
6.504174968
6.503934771
6.503689518
6.503433388
6.503166877
6.502933256
6.502697659
6.502431592
6.502183188
6.501933008
6.501675166
6.501400337
6.501106194
6.500795634
6.500459526
6.500122165
6.499814174
6.499506785
6.499198129
6.49893795
6.498694049
6.498420329
6.498168469
6.497926448
6.497698551
6.497443491
6.497211695
6.496984594
6.496758615
6.496560144
6.496343405
6.496109108
6.495885592
6.495658114
6.495418485
6.49519069
6.494969887
6.494778375
6.49461303
6.494469425
6.494343064
6.494221787
6.494108332
6.494010854
6.493926324
6.493831669
6.49374624
6.493667108
6.493572363
6.493486724
6.493402394
6.49329374
6.493180897
6.493088783
6.493025288
6.492967378
6.492893388
6.492807351
6.49271316
6.492640715
6.492567826
6.492483251
6.49241172
6.492359246
6.492305622
6.492266062
6.492232432
6.492209521
6.492188982
6.492175964
6.492169926
6.492178618
6.492182083
6.492181535
6.492188935
6.492210801
6.492220888
6.492228102
6.492216445
6.492208593
6.492238066
6.492312998
6.492401542
6.492490693
6.492586948
6.492685043
6.492788706
6.492910053
6.49305026
6.493188124
6.493315015
6.493413211
6.493506527
6.493618937
6.493750646
6.493874525
6.494015084
6.494158005
6.494290221
6.494429818
6.494564165
6.49470313
6.494843584
6.494980159
6.495117784
6.495243424
6.495359287
6.495464201
6.495539677
6.495607148
6.495674241
6.495756033
6.495850871
6.495940167
6.496022279
6.496091807
6.496138357
6.496174078
6.496222865
6.496261087
6.496278035
6.496276632
6.496251458
6.49619997
6.496141946
6.496082605
6.496015087
6.495955203
6.495903695
6.495852312
6.495791391
6.495736853
6.495708195
6.495702598
6.49568941
6.495685247
6.495675918
6.49566705
6.495657645
6.495658405
6.495649082
6.495649703
6.495653321
6.495650916
6.495659585
6.495665765
6.495670899
6.495680067
6.495680176
6.495680997
6.495683746
6.495675823
6.495654644
6.495612192
6.495568052
6.495520675
6.495471373
6.495430799
6.495382263
6.495339735
6.49529208
6.495215915
6.495123805
6.495019196
6.494911944
6.494792631
6.494671079
6.494548834
6.494425114
6.494288217
6.494148472
6.494001414
6.493856507
6.493693351
6.493541545
6.493395128
6.493229509
6.493063424
6.492907138
6.492742181
6.492597058
6.492466236
6.492332322
6.492205643
6.492076791
6.491954081
6.491830381
6.491685222
6.491547753
6.491407747
6.491266429
6.491122583
6.490978164
6.490802544
6.490617692
6.490436501
6.490234201
6.490016269
6.489806219
6.48960545
6.489408067
6.48923342
6.4890531
6.488847175
6.48863576
6.488428566
6.488212643
6.48799044
6.487784295
6.487564707
6.487342606
6.487097814
6.486871871
6.486670799
6.486472968
6.486293897
6.486134027
6.485990746
6.485857448
6.485730404
6.48559185
6.485456954
6.48531696
6.48516906
6.485030208
6.484900433
6.484781221
6.484667558
6.484551529
6.484428686
6.484324923
6.484226999
6.484131401
6.484025609
6.483919938
6.483791965
6.48366539
6.483539451
6.483426771
6.483317668
6.483202239
6.483081076
6.4829733
6.482865975
6.482762667
6.482671117
6.482595357
6.482511699
6.482423237
6.482344301
6.482293665
6.48225344
6.482207549
6.482176603
6.482170073
6.482194024
6.482231273
6.482277608
6.482326317
6.482386832
6.482450192
6.482515216
6.48257578
6.482639366
6.48270571
6.482781279
6.4828822
6.483005395
6.483150466
6.483301173
6.483436534
6.483556499
6.48365193
6.483742267
6.483847698
6.483952768
6.484065031
6.484168961
6.484248053
6.484334838
6.484429511
6.484490539
6.484540343
6.484587305
6.484647113
6.484718014
6.48479626
6.484864097
6.484937382
6.485019719
6.48508771
6.48515599
6.485241748
6.48533165
6.485427827
6.485532841
6.485641488
6.485750064
6.485858159
6.485968117
6.486077659
6.486187988
6.486288867
6.486402953
6.486507036
6.486600374
6.486698569
6.486817194
6.486938017
6.487065142
6.487201293
6.487329449
6.487448449
6.487556253
6.487651434
6.487731184
6.487817913
6.487912198
6.488015893
6.48813565
6.488267205
6.488385202
6.488506915
6.488638608
6.488779726
6.488917444
6.48907174
6.489232312
6.489403454
6.489592495
6.489778673
6.489953523
6.490132615
6.490320283
6.490515255
6.490744012
6.490981175
6.491216251
6.491464517
6.49172177
6.491948744
6.49218957
6.492433704
6.492679656
6.492921849
6.493174819
6.493428496
6.493662455
6.49388598
6.494114522
6.494356222
6.494603747
6.494859569
6.49512626
6.495373007
6.495635983
6.495908553
6.496186708
6.496481728
6.496775852
6.497056711
6.497344286
6.497640936
6.497971152
6.498313577
6.498644949
6.498995174
6.499348491
6.499701905
6.500055896
6.500403391
6.500757204
6.501116199
6.501484556
6.501873556
6.502254475
6.502621983
6.503015534
6.5033933
6.503771788
6.504139438
6.504497713
6.504848401
6.505195469
6.505533335
6.505888691
6.506235594
6.506564641
6.506892266
6.507213914
6.507539176
6.507871677
6.508219022
6.50858844
6.508974084
6.509357729
6.509732825
6.510126803
6.510536693
6.510980695
6.511434205
6.511927527
6.512426537
6.512940044
6.513458717
6.514001128
6.514568659
6.515172525
6.515754031
6.516329452
6.516906276
6.517480467
6.518048061
6.518637038
6.519241476
6.519830895
6.520405366
6.521005626
6.521589691
6.522185174
6.522793255
6.523439096
6.524064199
6.524707898
6.525386807
6.526068562
6.526753635
6.527456062
6.52817635
6.528911357
6.529658486
6.530410898
6.531164402
6.531903788
6.532653397
6.533429265
6.534188063
6.53495564
6.535738187
6.536507013
6.537320475
6.538109525
6.538950046
6.539783803
6.540644681
6.541509565
6.542376284
6.543258423
6.544137717
6.544985131
6.545881033
6.546761901
6.547654744
6.5485542
6.549461794
6.550378999
6.551324615
6.552267648
6.55322407
6.55421013
6.555174201
6.556175894
6.557172101
6.558129188
6.559096542
6.560060802
6.561034897
6.562011307
6.562979113
6.563956139
6.56493714
6.565951018
6.566972694
6.568000584
6.569028894
6.570097676
6.571137801
6.572204106
6.573220452
6.574252923
6.575254986
6.576294725
6.577350996
6.578393917
6.579476485
6.580562537
6.581652377
6.582742549
6.583832732
6.58491567
6.586008645
6.587099117
6.588199619
6.589338021
6.590461123
6.591603732
6.592787228
6.593962471
6.59517258
6.596389142
6.597594416
6.598827263
6.600043735
6.601276439
6.602508327
6.603697325
6.604908254
6.606160761
6.607380893
6.608593199
6.60980152
6.61101455
6.612263305
6.613482803
6.614736227
6.615974702
6.617258929
6.618514227
6.619800465
6.621076026
6.622299661
6.623567649
6.624823915
6.626067538
6.627300001
6.628545604
6.629803375
6.631061468
6.63235394
6.633627143
6.634909272
6.636233897
6.637533087
6.638877645
6.640198891
6.641546652
6.642898477
6.644260059
6.645578498
6.646922353
6.648258767
6.6496057
6.650936829
6.652263574
6.653600709
6.654973474
6.656326101
6.657682948
6.659078873
6.660429606
6.661812074
6.663193536
6.664628153
6.666062425
6.667461058
6.668898418
6.670340708
6.671804951
6.673279988
6.674764917
6.676252039
6.677751444
6.679285804
6.680783186
6.682275633
6.683782197
6.685249951
6.686763176
6.688254651
6.689784543
6.691309774
6.692799736
6.694348423
6.695903025
6.697456339
6.699001922
6.700547581
6.702083116
6.703646495
6.705182938
6.706713884
6.708275142
6.709803414
6.711350082
6.712931663
6.714518138
6.716077285
6.717678061
6.719278568
6.72088569
6.722506144
6.724135277
6.725774114
6.72741444
6.729042066
6.730678192
6.732343206
6.733970027
6.735640174
6.737284137
6.738952271
6.740576591
6.742231581
6.743888138
6.745537587
6.747158773
6.748792188
6.750423832
6.752092179
6.753733356
6.755366905
6.756984676
6.75859335
6.760239596
6.761840304
6.763463047
6.765050106
6.766668069
6.768268685
6.769850993
6.771440485
6.773000386
6.77460695
6.776221747
6.777865724
6.779457139
6.781042097
6.782619383
6.784222728
6.785784948
6.787379669
6.788940138
6.790519045
6.792069017
6.793587713
6.795123641
6.796663436
6.798197792
6.799710958
6.801207793
6.802693192
6.804187457
6.805642594
6.807098292
6.80857965
6.810026078
6.811503937
6.812952301
6.814443341
6.815949007
6.817460812
6.818970438
6.820474982
6.821984067
6.823500232
6.825018949
6.826551174
6.828123729
6.829669262
6.831212482
6.832797932
6.834398452
6.835971222
6.837574673
6.83917456
6.840768899
6.842354628
6.843938519
6.845515946
6.847082524
6.848644382
6.850210923
6.851793492
6.853333095
6.854896961
6.856424983
6.858001586
6.859553764
6.861136384
6.862714108
6.864282702
6.865844039
6.867393137
6.868956412
6.870545229
6.872169284
6.873755099
6.875348781
6.876965662
6.87856422
6.880195647
6.881836088
6.883477617
6.885098753
6.886756903
6.888403906
6.890070671
6.89178807
6.893473458
6.895169101
6.896864607
6.898579631
6.900255444
6.901975273
6.903658215
6.905372334
6.907100492
6.908833732
6.910556709
6.912262991
6.913970514
6.915689934
6.917390982
6.919131204
6.920855139
6.922578428
6.924326587
6.926033638
6.927795702
6.929581271
6.931382623
6.933193175
6.935014439
6.936846595
6.938677733
6.940513448
6.942353492
6.944224727
6.94607899
6.947968849
6.949817395
6.951683901
6.953508675
6.955374229
6.957245758
6.959133
6.961029079
6.96291944
6.964782542
6.966679909
6.968544816
6.970409409
6.972319355
6.97421368
6.976152204
6.978096989
6.98003095
6.98193081
6.983867166
6.985803237
6.987774362
6.989718921
6.991664334
6.993609884
6.995587221
6.997524395
6.99949672
7.001476534
7.003414223
7.005394385
7.007376282
7.009360175
7.011330531
7.013301631
7.01527227
7.017265165
7.019213962
7.021158268
7.023143033
7.025138338
7.027104264
7.029118505
7.031139878
7.033158511
7.035174808
7.037211828
7.039263531
7.041320021
7.043434101
7.045505908
7.047628575
7.049721493
7.051841765
7.053914795
7.056021615
7.058123577
7.060221706
7.062317704
7.064408621
7.066526977
7.068627813
7.070731981
7.072865254
7.074944567
7.077052755
7.079154278
7.081227943
7.083326493
7.085417807
7.087515851
7.08964906
7.091746083
7.09384952
7.095940296
7.098064337
7.100165846
7.102304449
7.104437831
7.106568328
7.108663903
7.110793346
7.112964212
7.115101627
7.117227971
7.119350937
7.121514685
7.12363611
7.125781116
7.12789268
7.130020189
7.132139112
7.134262246
7.136385749
7.138508587
7.140628039
7.142743872
7.144889931
7.146978859
7.14909766
7.151172656
7.153278051
7.155374828
7.157462712
7.159497977
7.161585093
7.16362198
7.165655802
7.167687223
7.169746466
7.171772682
7.173835163
7.17586372
7.177913653
7.179943096
7.181973985
7.184002484
7.186036896
7.188076626
7.190108831
7.192169031
7.194185817
7.196220178
7.198205769
7.200227919
7.20225884
7.204276759
7.206304982
7.208340471
7.210372209
7.212405011
7.214469108
7.21650302
7.218566809
7.220598812
7.222659352
7.224723779
7.226768717
7.228819604
7.230876986
7.232929862
7.234977581
7.237037581
7.239135356
7.24119523
7.243276001
7.245351761
7.247442022
7.249506516
7.251607962
7.253765246
7.255895988
7.258024413
7.260147647
7.262306065
7.264428644
7.266595132
7.268761903
7.270928171
7.273085976
7.275246948
7.277425181
7.279618174
7.281813299
7.284023555
7.286200402
7.288392547
7.290589577
7.292749982
7.294928254
7.297096416
7.299262889
7.30142917
7.30362426
7.305790361
7.307980534
7.310124193
7.312281752
7.314442822
7.316590562
7.318786424
7.320994939
7.323242126
7.325466496
7.327685314
7.329912001
7.332103127
7.334326036
7.336516329
7.338736891
7.340957319
7.343173277
7.345398704
7.347621747
7.349869623
7.352077161
7.354310415
7.356524185
7.358767311
7.361012494
7.363260703
7.365521576
7.367794826
7.370080418
7.372375271
7.374694621
7.376991114
7.379319141
7.381643728
7.383959918
7.386216404
7.388491963
7.390803324
7.393070733
7.39534587
7.397661322
7.399950052
7.402256764
7.404524684
7.406832841
7.409157439
7.411481461
7.413811209
7.416170914
7.418496028
7.420813022
7.423132475
7.425437806
7.42770932
7.430005955
7.432303118
7.434605212
7.436898279
7.439228431
7.441532491
7.443884254
7.446202792
7.448555987
7.450901197
7.453245633
7.455593541
7.457947821
7.460289865
7.462622388
7.464971179
7.467303361
7.469681388
7.472056453
7.474404889
7.476792355
7.479217858
7.481615132
7.484001079
7.486384027
7.488799663
7.491222506
7.493619305
7.496057329
7.498506688
7.500955776
7.503408075
7.505859728
7.508348742
7.510811581
7.513304883
7.515799426
7.518252914
7.520743556
7.523230014
7.525723379
7.528245486
7.530735655
7.533241754
7.535800986
7.538348638
7.540902458
7.543434476
7.546006745
7.548626532
7.551223385
7.553833371
7.556473698
7.559089037
7.561747893
7.564419404
7.567106878
7.569797227
7.572489818
7.575191509
7.577888318
7.580624211
7.583343713
7.586109895
7.588894069
7.591679343
7.594471634
7.597261258
7.600055373
7.602888037
7.605679606
7.608501985
7.611302698
7.614141429
7.616984319
7.619828143
7.622672919
7.625554263
7.628400231
7.63127933
7.634129864
7.637017146
7.639914758
7.642823175
7.645741969
7.648660792
7.651619442
7.654546422
7.657498073
7.660416016
7.663381128
7.666363763
7.669359227
7.672352833
7.675376278
7.67835955
7.681383751
7.684392383
7.687445332
7.690503537
7.693573038
7.696653861
7.69974163
7.702833685
7.705964359
7.709099859
7.712209787
7.715366042
7.718533135
7.721711471
7.72490151
7.728146041
7.73136448
7.734624034
7.737846102
7.741108091
7.744379305
7.747656967
7.750939238
7.754259334
7.75755318
7.760901922
7.764218281
7.767586231
7.7709675
7.774359084
7.777763931
7.781174643
7.784638167
7.788076096
7.791568546
7.795075384
7.798606073
7.802152663
7.805691302
7.809224078
7.812768236
7.816362239
7.819970234
7.82354803
7.827184316
7.830847836
7.834535808
7.838264448
7.841960005
7.845711746
7.849433986
7.853212304
7.857009741
7.860816977
7.86464267
7.868483719
7.872385339
7.876264188
7.880200039
7.884150522
7.888119746
7.8921026
7.896096324
7.900100808
7.904164246
7.908245872
7.912287619
7.916383162
7.920476018
7.92457124
7.928671979
7.932836808
7.936971881
7.941162835
7.945369079
7.949586812
7.953814044
7.958052373
7.962303417
7.966566655
7.970882009
7.975205253
7.979486456
7.983823381
7.988184871
7.992608303
7.996997597
8.001440308
8.00584106
8.010291725
8.014762055
8.019250998
8.02374285
8.028233739
8.032770575
8.037261617
8.041804278
8.046361663
8.050930917
8.055512817
8.060101594
8.064691895
8.069337269
8.073996261
8.07860751
8.083270878
8.087940649
8.092659225
8.097337178
8.102022113
8.106765224
8.111518515
8.116283214
8.121049067
8.125818781
8.130601862
8.135445485
8.140249082
8.145115366
8.150000287
8.1548988
8.159813813
8.164733284
8.169708878
8.17464491
8.179639838
8.18464886
8.189657762
8.194679445
8.199706227
8.204722907
8.209788183
8.214854034
8.219919378
8.22494805
8.23007357
8.23514943
8.240216132
8.24533242
8.250452646
8.255526922
8.26065384
8.265787186
8.270965613
8.276099126
8.281300733
8.28647098
8.291695262
8.296925094
8.302158167
8.307449095
8.312705285
8.318010566
8.323262019
8.328560313
8.3338603
8.339214065
8.344512998
8.34981768
8.355166434
8.360524569
8.3658953
8.371262627
8.376626566
8.381993717
8.387402084
8.392757581
8.398164892
8.403569578
8.408964558
8.414362774
8.419815785
8.425222638
8.430681777
8.436146647
8.441608988
8.447074307
8.452540514
8.458053723
8.463517377
8.46902918
8.474540313
8.480058091
8.485587157
8.491182034
8.496724814
8.502313085
8.507907118
8.513506665
8.519099401
8.524687071
8.530317518
8.535893712
8.541512417
8.547129892
8.5527449
8.558350734
8.564010717
8.569621701
8.575280924
8.580930234
8.586576283
8.592224504
8.597873334
8.603568856
8.609199931
8.614879157
8.620552308
8.626230641
8.631921853
8.637649288
8.643328085
8.649070208
8.654819308
8.660562878
8.666304809
8.672104011
8.677850432
8.683643764
8.689441635
8.695235951
8.701030229
8.706821439
8.712666911
8.718504412
8.724280275
8.730102842
8.735978963
8.741818542
8.74766398
8.753576976
8.75948358
8.765389284
8.771307896
8.77724238
8.783226522
8.789158312
8.795148336
8.801139672
8.807126621
8.813124457
8.819184115
8.825198093
8.831271374
8.837353477
8.843445929
8.849580625
8.855669024
8.86181546
8.867912412
8.874072193
8.880240765
8.886457256
8.892622265
8.898835153
8.905051235
8.911262136
8.917464554
8.923666024
8.929885173
8.936176002
8.942487964
8.94881135
8.955134661
8.961435956
8.967781138
8.974073351
8.980429718
8.986793995
8.993158378
8.999580619
9.005944509
9.012353932
9.01877562
9.025196756
9.031618836
9.03809925
9.044540412
9.051046048
9.057553488
9.064067254
9.070579604
9.07713555
9.083631667
9.090188723
9.09675321
9.10332689
9.109901083
9.116515924
9.123067535
9.129656998
9.136234798
9.142868831
9.149440961
9.156008492
9.162622064
9.16923625
9.175857042
9.182479474
9.189159649
9.195853286
9.202494041
9.2092045
9.215970481
9.22269429
9.229427607
9.236219146
9.243007428
9.249788528
9.256564912
9.263384833
9.270140052
9.276962889
9.283810864
9.290668011
9.29757908
9.304437795
9.311338078
9.318243172
9.325156205
9.332061812
9.339024735
9.34594372
9.352922344
9.359901406
9.366878686
9.373897033
9.38086348
9.387882349
9.394889528
9.401878749
9.408920679
9.415913126
9.422958823
9.430001942
9.437041488
9.444084201
9.4511211
9.458191323
9.465254791
9.472305018
9.479351711
9.486401039
9.493488895
9.500579527
9.50767198
9.514767107
9.521849271
9.528977484
9.536108559
9.543249847
9.55039881
9.557551907
9.564771976
9.571939523
9.579152421
9.586361857
9.593625561
9.600829456
9.608084101
9.615341885
9.622591402
9.62986532
9.637138114
9.644464807
9.651805168
9.659133815
9.666449315
9.673810437
9.681124414
9.688484592
9.695851855
9.703209702
9.710617059
9.717977349
9.725382805
9.732775199
9.740210457
9.74758476
9.754998577
9.762339504
9.769720434
9.777163035
9.784558388
9.792032103
9.799511203
9.806997928
9.814490133
9.821984075
9.829539568
9.837090975
9.844660751
9.852237302
9.859866889
9.867436629
9.87506205
9.88269677
9.890381318
9.898024244
9.90572779
9.913457365
9.921199181
9.928938314
9.936724887
9.944456172
9.952225915
9.960043181
9.967814622
9.975575157
9.983388181
9.991214868
9.999039933
10.00691963
10.01474032
10.02261638
10.03048405
10.03842133
10.04631045
10.05425155
10.06218731
10.070112
10.07803819
10.08596116
10.09393072
10.10188418
10.10982844
10.1178308
10.12577298
10.13378989
10.14181698
10.14984339
10.1579218
10.16595121
10.17404059
10.18212355
10.19024147
10.19829478
10.20639314
10.21448481
10.2225728
10.23064551
10.23875232
10.24684162
10.25491312
10.26296771
10.27107248
10.27913526
10.28726657
10.29546704
10.30362691
10.31181486
10.31994962
10.32813601
10.33637047
10.34455347
10.35279077
10.3610457
10.36929479
10.37753837
10.38581986
10.39408902
10.40235377
10.4106078
10.41888388
10.42708759
10.43532195
10.44354478
10.45181137
10.46001112
10.46825021
10.47646549
10.48470008
10.49285878
10.50104995
10.50923171
10.51741509
10.52564423
10.53380522
10.54200613
10.55020754
10.55844918
10.56663541
10.57486066
10.5830578
10.59130443
10.59948057
10.60769497
10.61589685
10.62408562
10.63228908
10.64044971
10.64868064
10.65691146
10.66518246
10.67340963
10.6816893
10.68999598
10.69835644
10.70666861
10.71503042
10.72338126
10.73170641
10.74004909
10.74838362
10.75670928
10.76504683
10.77337953
10.78174386
10.79009389
10.79844841
10.80684012
10.81517467
10.82354604
10.83189262
10.84027307
10.84865375
10.85699603
10.86542727
10.87378834
10.88218424
10.8905036
10.89892304
10.90729211
10.9156442
10.92402545
10.93239934
10.94078765
10.94913407
10.95753112
10.96592585
10.97431525
10.9827476
10.99116705
10.99959911
11.00804697
11.01653665
11.02502293
11.03351559
11.04201392
11.05056093
11.05904855
11.06758495
11.07616869
11.08469739
11.0932603
11.10181596
11.11035828
11.11892971
11.12749511
11.13605352
11.14459299
11.15316515
11.16172927
11.17027505
11.17882058
11.18741784
11.19601552
11.20460474
11.21322557
11.22190645
11.23059241
11.23927444
11.24793835
11.25662811
11.26530288
11.27394458
11.28255075
11.29117288
11.29977014
11.30834738
11.3169483
11.32548886
11.33406772
11.34267679
11.35120963
11.35975421
11.36826542
11.37678
11.38529709
11.39377796
11.40224811
11.41070348
11.41916687
11.42759698
11.43601055
11.44442093
11.45275824
11.46110367
11.46943439
11.47777643
11.48608746
11.49436478
11.50261318
11.51089572
11.51916961
11.52744265
11.53570345
11.54401145
11.55231845
11.56060086
11.56886477
11.57715164
11.58541573
11.59370165
11.60194129
11.61016286
11.61831508
11.62646916
11.63453848
11.64260733
11.65065833
11.65872678
11.66676721
11.67477668
11.68275506
11.69075234
11.69870744
11.7066171
11.71447899
11.72234453
11.73016395
11.73795998
11.74578913
11.75362107
11.76142572
11.76919848
11.77698422
11.784757
11.7925288
11.80029845
11.80806818
11.81580673
11.8235326
11.83128847
11.83903512
11.84675865
11.85448898
11.86215668
11.86987373
11.87753262
11.88523228
11.89292159
11.90057836
11.9082011
11.91582755
11.92338635
11.93094188
11.93850313
11.94602084
11.9534856
11.96096799
11.96837588
11.9758073
11.98320653
11.99065722
11.99806981
12.00541192
12.01272782
12.02000908
12.02725948
12.03453626
12.04177238
12.0490631
12.05630177
12.06355669
12.07079317
12.07800289
12.08523345
12.09246537
12.09968959
12.10688128
12.11406553
12.12120805
12.12831756
12.13535137
12.14240526
12.14947063
12.156481
12.16353504
12.17059128
12.17764501
12.18469206
12.19172077
12.19875455
12.2058107
12.21287017
12.21992963
12.2269021
12.23384912
12.24082492
12.24774857
12.25469038
12.2616427
12.26861791
12.27556726
12.28247723
12.28934894
12.29620238
12.3030355
12.30987634
12.31667349
12.32348408
12.33029799
12.33704886
12.34379886
12.35054602
12.3572095
12.36389346
12.37057745
12.37728335
12.38398293
12.39064149
12.39726677
12.40389537
12.41050716
12.41708302
12.42359437
12.43005189
12.43644831
12.44287235
12.44933425
12.4557687
12.46223726
12.46868113
12.47508432
12.48148747
12.48785914
12.49416659
12.5004157
12.5066005
12.51273653
12.51885363
12.52494616
12.53098543
12.53698529
12.54295718
12.54891299
12.55484088
12.56075363
12.56667717
12.57255409
12.57843743
12.58428902
12.5900989
12.59587199
12.60159284
12.60733444
12.61302979
12.61876676
12.62445201
12.63009732
12.63568438
12.64123015
12.64675934
12.65226129
12.65777359
12.66326311
12.66872184
12.67415363
12.67954676
12.68493225
12.69033617
12.69572629
12.70119307
12.70666405
12.71210176
12.71752129
12.7228898
12.72827163
12.73368122
12.73909595
12.74453478
12.7499399
12.75534342
12.76074444
12.76613173
12.77155111
12.77695289
12.782364
12.78775773
12.79316379
12.79858015
12.80403672
12.80946735
12.81485831
12.82021648
12.82556666
12.83091322
12.8362637
12.84161356
12.84696112
12.85229024
12.8575425
12.86279273
12.86800484
12.87322811
12.87841197
12.88352365
12.88861977
12.89372278
12.89884915
12.90391549
12.90898311
12.91404859
12.91909096
12.9241506
12.92920482
12.93425079
12.93927817
12.94426755
12.94929162
12.95428128
12.95926236
12.96420494
12.96907329
12.97387266
12.97863121
12.98339789
12.98812371
12.99281273
12.99750603
13.0021939
13.00684984
13.01143441
13.01602836
13.02065726
13.02528864
13.02993114
13.03450154
13.03906572
13.04362711
13.04818682
13.05272165
13.05720895
13.06160132
13.06595498
13.0702951
13.0746451
13.07898332
13.0832838
13.08754098
13.09174663
13.0958921
13.09998805
13.1040511
13.10804975
13.11201886
13.11596167
13.11985286
13.12369386
13.12743236
13.13112593
13.13474644
13.13835945
13.14195399
13.14547752
13.14897371
13.15243059
13.15584852
13.15922911
13.16252343
13.16575788
13.16891715
13.17207333
13.17524801
13.1783949
13.18154636
13.18468608
13.18779672
13.1909075
13.1940183
13.19710805
13.20019096
13.2032362
13.20627652
13.20927587
13.21221893
13.21514758
13.21806472
13.22094679
13.22382751
13.22670558
13.22952166
13.23230522
13.23504561
13.23778781
13.24050791
13.24319924
13.24580938
13.24839267
13.250985
13.25355104
13.2560718
13.25856746
13.26104528
13.26351806
13.26598878
13.26843146
13.27080965
13.27311788
13.27537233
13.27758273
13.2797797
13.28194299
13.28407269
13.28624888
13.28841554
13.2905281
13.29263935
13.29472141
13.29675244
13.29876065
13.30070983
13.30261355
13.30452707
13.30642371
13.30827373
13.31009017
13.31185927
13.31359842
13.315312
13.31698948
13.31868085
13.32037182
13.32209523
13.32376806
13.32538965
13.32700476
13.32852817
13.32995267
13.33131553
13.33263208
13.33386981
13.33502341
13.33614326
13.33724047
13.33833328
13.33942139
13.34048407
13.34153031
13.34253661
13.34345682
13.34437228
13.34529025
13.3462367
13.34710791
13.34793824
13.34870355
13.34948028
13.3502181
13.35098064
13.35175585
13.35258136
13.35341732
13.35425061
13.3550651
13.35583526
13.35657912
13.35730486
13.3580517
13.35881532
13.35950411
13.36012849
13.36071815
13.36129659
13.36186682
13.3623694
13.36282271
13.36322993
13.36361517
13.36403497
13.36447355
13.36491186
13.36537688
13.36582694
13.3662498
13.36667106
13.36713836
13.36763757
13.36811315
13.36859172
13.36908946
13.36961403
13.37015068
13.37064076
13.37110736
13.371546
13.37199956
13.37245541
13.37292449
13.37334262
13.3737212
13.37401607
13.37426546
13.37449285
13.37465474
13.37475655
13.37484645
13.37487792
13.37488517
13.37489261
13.37488321
13.37492345
13.37493056
13.37495605
13.37495269
13.37496007
13.37493286
13.37495719
13.37497837
13.37498872
13.3749519
13.37484214
13.37472472
13.3745676
13.37437222
13.3741049
13.37380559
13.37349168
13.37316469
13.37283638
13.37238818
13.3719238
13.37142078
13.37086561
13.37030532
13.36974744
13.36919471
13.36857892
13.36791677
13.36724708
13.36653141
13.36582619
13.36508819
13.36427963
13.3634375
13.36257433
13.36170402
13.3607782
13.35977777
13.3587356
13.3576339
13.35650636
13.35538366
13.35423259
13.35302138
13.35177101
13.35049291
13.34915997
13.34774906
13.34632721
13.34485618
13.34338191
13.34185479
13.34026394
13.33859626
13.3368309
13.33498549
13.33301339
13.33097716
13.32884562
13.32662198
13.32435993
13.32204584
13.31965869
13.31722022
13.31474149
13.31221054
13.30965359
13.30703639
13.30438822
13.30171599
13.29897234
13.29610153
13.29326687
13.29046093
13.28769871
13.28484091
13.28200594
13.27918393
13.27631529
13.27341354
13.27049284
13.26757356
13.26463852
13.26168018
13.25872208
13.25574062
13.25267675
13.24961837
13.24653033
13.24335495
13.24021667
13.2370513
13.23384451
13.23060832
13.22739359
13.22416247
13.2209718
13.21780127
13.21464365
13.21153831
13.20845969
13.20532117
13.20218266
13.19913373
13.19613312
13.19316249
13.1902097
13.1873268
13.18443046
13.18152883
13.1786594
13.17579082
13.17293981
13.17008079
13.16731488
13.16462676
13.16201962
13.1594202
13.15672611
13.15400375
13.15122286
13.14842184
13.14561134
13.14290078
13.14024919
13.13764093
13.13507396
13.13259258
13.13012527
13.12769247
13.12529614
13.12288837
13.12045214
13.11804899
13.11572256
13.11347271
13.11124879
13.10902466
13.106801
13.10457765
13.10238681
13.1002005
13.09810132
13.09603449
13.09394133
13.09178132
13.08961132
13.08747057
13.08527075
13.08304359
13.08089282
13.07874165
13.07654331
13.0743294
13.07209027
13.06989697
13.06772096
13.06558917
13.06347648
13.06135415
13.0592269
13.05708508
13.05492134
13.05277684
13.05058516
13.04834321
13.04602694
13.04371861
13.041458
13.03919025
13.03687938
13.03456873
13.03226178
13.02996794
13.02767376
13.02541141
13.02312688
13.02087197
13.01865256
13.01642246
13.01418121
13.01191197
13.00962366
13.00737936
13.00516384
13.00296902
13.00079827
12.99862536
12.99643082
12.99427096
12.99208273
12.98991457
12.98775855
12.98557948
12.98339354
12.98121251
12.97906633
12.97693321
12.97483306
12.97280691
12.9709175
12.96913863
12.96747933
12.96593341
12.96449577
12.96312765
12.96185552
12.96063031
12.9595664
12.9586171
12.95778811
12.95710649
12.95658602
12.95615531
12.95582699
12.95561889
12.95556251
12.955594
12.95566105
12.95576281
12.95590045
12.9561612
12.95655398
12.95705109
12.95768114
12.95850534
12.95948948
12.96057024
12.96176271
12.96306976
12.96450571
12.9661295
12.96794959
12.96991722
12.97199026
12.97419202
12.97649888
12.97896902
12.98154832
12.98423088
12.98703764
12.99002295
12.99317277
12.99646859
12.99989337
13.00346746
13.0072004
13.01102959
13.01490901
13.0188764
13.02296231
13.02715991
13.03143988
13.03573122
13.04012033
13.0446502
13.04928589
13.05397763
13.05869468
13.06339025
13.06813217
13.07288199
13.07762378
13.08249126
13.08747924
13.09248395
13.09757565
13.1027045
13.10789159
13.11307907
13.1183389
13.1236902
13.12907426
13.13446155
13.13988846
13.14537544
13.15092665
13.15658803
13.16230271
13.16812118
13.17401231
13.17994997
13.18596668
13.19208832
13.19832404
13.2047089
13.21120328
13.21781618
13.22455996
13.23135118
13.23832443
13.245343
13.25237587
13.25944381
13.26657449
13.27380649
13.28109802
13.28847691
13.29589878
13.30344863
13.31107987
13.31880025
13.3265701
13.33445021
13.34239045
13.3503425
13.35834807
13.36647624
13.37467411
13.38292739
13.39124516
13.39969371
13.40831911
13.41705955
13.42593786
13.43484771
13.44385449
13.45294208
13.46210385
13.47137283
13.48075824
13.49030469
13.49998192
13.50973863
13.51961234
13.52963711
13.53979264
13.55009299
13.56047633
13.5709417
13.58153362
13.59232496
13.60326362
13.61439902
13.62567566
13.63709819
13.64860984
13.66029508
13.67207238
13.68396732
13.69600336
13.70822936
13.7205728
13.73309856
13.74569626
13.75840261
13.77126993
13.78430473
13.79755791
13.8109521
13.82443588
13.83802281
13.85167137
13.86554221
13.87947716
13.89344638
13.90747106
13.92159631
13.93587145
13.95026335
13.96473755
13.97929541
13.99392494
14.008679
14.023507
14.03840075
14.05343087
14.06853784
14.08371175
14.09894177
14.11429746
14.12974567
14.14528508
14.16095027
14.1767947
14.19272619
14.20876998
14.22490403
14.24105484
14.25728594
14.27359218
14.28997949
14.30649548
14.32303345
14.33971802
14.35650526
14.37343513
14.39044025
14.40760853
14.42486794
14.44222973
14.45966763
14.47722264
14.49487754
14.51260125
14.53038805
14.54825878
14.56621096
14.58429019
14.60245549
14.6206882
14.63902265
14.65743795
14.67596882
14.69456641
14.71324151
14.731995
14.75084459
14.76973112
14.78873256
14.80785912
14.82714906
14.8465269
14.86598532
14.88557492
14.90522547
14.92503576
14.94491334
14.96481736
14.98489326
15.00506566
15.02534481
15.04571519
15.0661833
15.08680266
15.10750867
15.12840911
15.14944283
15.17064866
15.19192489
15.21330397
15.234855
15.25649327
15.27821829
15.29992456
15.32166189
15.34348395
15.36540649
15.38738384
15.40953994
15.43172538
15.45401162
15.4763049
15.4986379
15.52097824
15.54331614
15.56557248
15.58785777
15.61007466
15.63236314
15.65465336
15.67696476
15.69926707
15.72158269
15.74390075
15.76625627
15.788655
15.81115086
15.83365631
15.85620562
15.87881915
15.90142705
15.92405422
15.94672529
15.96939109
15.99207926
16.01469498
16.03728956
16.05990433
16.0824905
16.10511034
16.12774877
16.15041103
16.17308739
16.19580223
16.21852032
16.24124368
16.263905
16.28657177
16.30928931
16.33201466
16.3547495
16.3775629
16.40036346
16.42317333
16.44596353
16.46874677
16.49157495
16.51443361
16.5372654
16.56009554
16.58301865
16.60594588
16.62889584
16.65193633
16.67498533
16.69808329
16.72114936
16.74419599
16.76724548
16.79016743
16.81306042
16.83596526
16.85888018
16.88180262
16.90477208
16.92775276
16.95077839
16.97378517
16.99684093
17.01994939
17.04312329
17.06632227
17.08953943
17.11276934
17.1360715
17.15938072
17.18271976
17.20607068
17.22946843
17.25292489
17.27637868
17.29986933
17.3234101
17.34693104
17.37051991
17.39412294
17.41779107
17.44146643
17.46519933
17.4889479
17.51264717
17.53636327
17.56012597
17.58386945
17.6076591
17.63155118
17.65547176
17.67940372
17.70335217
17.72729728
17.75113641
17.77496476
17.7988312
17.82268671
17.84661254
17.87054091
17.89460026
17.91872619
17.94286152
17.96707446
17.99129999
18.01560703
18.03994491
18.0643934
18.08888738
18.11340935
18.13794157
18.16252313
18.18720409
18.21192964
18.23669805
18.26150741
18.28632631
18.31115095
18.33605864
18.36098245
18.38593284
18.41091958
18.43593912
18.46095202
18.48604945
18.51116385
18.53634229
18.5614845
18.58670326
18.61198155
18.63725656
18.66259792
18.68793104
18.71325007
18.73860129
18.76397481
18.78936421
18.8147587
18.84019057
18.86566432
18.89117926
18.91677665
18.94252182
18.96823138
18.99401158
19.01994174
19.04594368
19.07189622
19.09790302
19.1239205
19.14996932
19.17598243
19.20199753
19.22796528
19.25401996
19.28008997
19.30621948
19.33232508
19.35851641
19.38472222
19.41092041
19.43719202
19.4635137
19.48986938
19.51631905
19.54277582
19.56934234
19.59587513
19.62248102
19.64906139
19.67570126
19.7025274
19.7295168
19.75654493
19.783665
19.81072894
19.83775449
19.86474979
19.89173076
19.91870197
19.94565882
19.97259198
19.99956918
20.02655776
20.05367082
20.08085345
20.10811831
20.13545406
20.16281124
20.19023251
20.21765451
20.24517113
20.27274199
20.30040457
20.3281779
20.35598324
20.38397357
20.41203304
20.440155
20.46833757
20.49657086
20.52490438
20.55330442
20.58177334
20.61028325
20.63884776
20.66751769
20.69629481
20.72516014
20.75407192
20.78301478
20.81202645
20.84120857
20.87049235
20.89988595
20.92936491
20.9589011
20.98851483
21.01818167
21.04804054
21.07799853
21.10802227
21.13818022
21.16834876
21.19867536
21.22909957
21.25960726
21.29020175
21.32080532
21.35151998
21.38229484
21.41310172
21.44396627
21.47486452
21.50581152
21.53676118
21.5677079
21.59875498
21.62982642
21.661029
21.69221737
21.72343522
21.75461765
21.78581981
21.81709525
21.84852655
21.88006346
21.91164264
21.94331631
21.97503703
22.00680572
22.03857578
22.07025462
22.10195714
22.13363529
22.16535805
22.19713663
22.22886887
22.26058891
22.29224953
22.32392483
22.35549842
22.38700072
22.41838425
22.44965926
22.48087903
22.51212553
22.54337136
22.5746285
22.60584588
22.63699601
22.66819227
22.69938534
22.7305895
22.76173299
22.79292936
22.82410985
22.85524966
22.88629244
22.91735033
22.94842522
22.97947664
23.01053419
23.04160408
23.07264467
23.10365222
23.13457156
23.16556385
23.19649744
23.22746093
23.25831055
23.28919779
23.32006532
23.35092212
23.38181481
23.41268901
23.44359193
23.47452241
23.50548426
23.53641403
23.56738559
23.59846389
23.62955097
23.66067659
23.6918118
23.72302355
23.75431756
23.7855678
23.81675344
23.84790268
23.87913367
23.91046218
23.94186701
23.9733568
24.00484131
24.03642742
24.06803788
24.0997276
24.13149692
24.16335083
24.195251
24.22730968
24.25947813
24.29165868
24.32393776
24.35625898
24.38870376
24.42110643
24.45351408
24.48591289
24.51829274
24.55055453
24.58282717
24.61493001
24.64701288
24.67901229
24.71098791
24.74291034
24.77478585
24.80652473
24.83819554
24.86976695
24.90124445
24.93262712
24.96397189
24.99533562
25.02664552
25.0580052
25.08934726
25.12069057
25.15198956
25.18332721
25.21462458
25.24594673
25.27731499
25.30861221
25.3398038
25.37102189
25.40231135
25.43351698
25.46464078
25.49569475
25.52677527
25.55781381
25.58884267
25.61976715
25.65066411
25.68151455
25.71229638
25.74311516
25.77404471
25.80496837
25.83591912
25.86676918
25.89747554
25.92799977
25.95852904
25.98893635
26.01933467
26.04962753
26.07987387
26.11005408
26.14021368
26.17033255
26.20048859
26.23056099
26.26055302
26.29042664
26.32004347
26.3495867
26.37900162
26.40826808
26.43744024
26.46648914
26.49548278
26.52450071
26.55338856
26.5822252
26.61088904
26.63954027
26.66813014
26.69660294
26.72505717
26.75351797
26.78191288
26.81020024
26.83831118
26.86627036
26.8940588
26.9218124
26.94945668
26.97698984
27.00448698
27.03190087
27.05921477
27.08646055
27.11355383
27.1404978
27.16747891
27.19442748
27.22131797
27.24817679
27.2749907
27.30180397
27.32862829
27.35538588
27.38189887
27.40829562
27.43461834
27.46081139
27.48697996
27.51319304
27.53948215
27.56584334
27.59225708
27.61871543
27.64510871
27.67122143
27.69722296
27.72311777
27.74894594
27.77460208
27.80016016
27.825574
27.85084862
27.87597831
27.90093832
27.92583944
27.95072314
27.9757655
28.00084175
28.02574964
28.0506717
28.07560721
28.10051415
28.12542353
28.15020894
28.17507815
28.19997199
28.22499165
28.25003342
28.27512598
28.30022928
28.32527647
28.35021268
28.37498633
28.39972997
28.42437014
28.44904396
28.47382704
28.49883429
28.52390495
28.54886989
28.57387244
28.59891151
28.62385675
28.64870066
28.67357381
28.69843555
28.72325155
28.7479807
28.77247004
28.79697606
28.82143913
28.84600008
28.87063006
28.89549068
28.92059207
28.9458982
28.97135886
28.99700066
29.02269444
29.04846389
29.07429024
29.10013486
29.12612124
29.15216432
29.1784518
29.20494894
29.23158963
29.25865472
29.2859163
29.31323027
29.34072022
29.36839839
29.39637362
29.42455139
29.45303009
29.48178268
29.51080007
29.54002019
29.56931192
29.59877256
29.62852779
29.65848399
29.68863678
29.71888493
29.74931172
29.78003102
29.81109347
29.84246619
29.87419979
29.90607422
29.93817144
29.97041035
30.0029082
30.035643
30.06848824
30.10145604
30.13455153
30.16785836
30.20148157
30.23519399
30.26911473
30.3033821
30.33786379
30.37266696
30.4077897
30.44322536
30.47891665
30.51467637
30.55062847
30.5867716
30.6229497
30.65913618
30.69544712
30.73192868
30.76846357
30.80495546
30.84141063
30.87794946
30.91462899
30.95143903
30.98856612
31.02592423
31.06343802
31.10108174
31.13871274
31.17628604
31.21387388
31.25151819
31.28935987
31.32709492
31.36469109
31.40224956
31.43988901
31.47764221
31.51527724
31.55287435
31.59051235
31.62832774
31.6662569
31.7041842
31.74206013
31.77992644
31.81798046
31.85619388
31.89441636
31.9324015
31.97030202
32.00816988
32.04582653
32.08324218
32.12047111
32.1575575
32.1944349
32.23133212
32.2682488
32.30502876
32.34166885
32.37827361
32.414938
32.45147616
32.48824871
32.52521512
