0.00715787846
0.00531825596
0.004350476003
0.00368000117
0.003266161626
0.002978994669
0.002771763631
0.002607657265
0.002446931556
0.002311548369
0.002204902925
0.002045734
0.001897799411
0.001779095725
0.001688853959
0.001566514701
0.001474433533
0.001392366605
0.001304943368
0.001214494138
0.001141896038
0.001068658095
0.0009998166238
0.0009424470986
0.0008833180805
0.0008291955123
0.0007753796053
0.0007284542559
0.0006853187057
0.0006449465307
0.0006081363156
0.0005723911763
0.0005406285308
0.0005095778954
0.0004806012675
0.0004535173074
0.0004273519376
0.00040491421
0.0003849971095
0.0003680901621
0.0003536290792
0.0003416171846
0.0003309719604
0.0003209270827
0.000311566117
0.0003034962349
0.0002973118576
0.0002936208676
0.0002932846026
0.000294607585
0.000296607992
0.0002998470376
0.0003040357829
0.0003087341959
0.0003145774839
0.0003217704084
0.0003297601685
0.0003382489416
0.0003474028691
0.0003570892853
0.0003674185888
0.0003791551504
0.0003924596226
0.00040681825
0.0004216451579
0.0004366320944
0.0004509053513
0.0004640575129
0.0004732268525
0.0004767965209
0.0004758633806
0.0004722109329
0.0004657806716
0.0004596210541
0.0004590821541
0.0004675467824
0.0004856305922
0.0005106436639
0.0005318586057
0.000538125989
0.0005265785757
0.0005051905878
0.0004704405983
0.0004196252597
0.0003866059809
0.0003624833248
0.0003591038203
0.0003556218055
0.0003374373805
0.00028925074
0.0002138865384
0.0001703708826
