471.4058112
319.8266109
257.366014
221.2409418
197.0007813
179.3004051
165.6474861
154.7036618
145.6777903
138.0683562
131.5400532
120.856805
112.4178829
105.5339139
99.77962136
92.68211373
85.2203224
80.67689395
74.49652196
69.55419589
65.48538196
60.83391744
56.57317076
53.10441075
49.55768009
46.12226048
43.11160897
40.28564336
37.54132129
35.07550081
32.77456258
30.58834387
28.56086
26.70819036
24.95235686
23.32695428
21.81862298
20.42005515
19.12651421
17.92071756
16.80601842
15.76507398
14.81201974
13.92218899
13.10401883
12.34892611
11.65569251
11.01827172
10.43373974
9.899022921
9.413645979
8.973001937
8.5756315
8.218827393
7.902079529
7.622607409
7.3790644
7.170080585
6.994893339
6.852205721
6.741407849
6.66179865
6.61305763
6.59491469
6.607391247
6.650681759
6.725172025
6.831482807
6.970481874
7.143239687
7.351067789
7.595568837
7.878611355
8.202362612
8.569382926
8.982608258
9.445331175
9.961461066
10.5354182
11.17227849
11.87795489
12.65922381
13.52391597
14.48116463
15.54146872
16.71714033
18.02240166
19.47387134
21.09091533
22.89605899
24.91559205
27.18007799
29.72516119
