0.00252582021
0.005051640419
0.007577460629
0.01010328084
0.01262910105
0.01515492126
0.01768074147
0.02020656168
0.02273238189
0.0252582021
0.0277840223
0.03030984251
0.03283566272
0.03536148293
0.03788730314
0.04041312335
0.04293894356
0.04546476377
0.04799058398
0.05051640419
0.0530422244
0.05556804461
0.05809386482
0.06061968503
0.06314550524
0.06567132545
0.06819714566
0.07072296587
0.07324878608
0.07577460629
0.0783004265
0.0808262467
0.08335206691
0.08587788712
0.08840370733
0.09092952754
0.09345534775
0.09598116796
0.09850698817
0.1010328084
0.1035586286
0.1060844488
0.108610269
0.1111360892
0.1136619094
0.1161877296
0.1187135498
0.1212393701
0.1237651903
0.1262910105
0.1288168307
0.1313426509
0.1338684711
0.1363942913
0.1389201115
0.1414459317
0.1439717519
0.1464975722
0.1490233924
0.1515492126
0.1540750328
0.156600853
0.1591266732
0.1616524934
0.1641783136
0.1667041338
0.169229954
0.1717557742
0.1742815945
0.1768074147
0.1793332349
0.1818590551
0.1843848753
0.1869106955
0.1894365157
0.1919623359
0.1944881561
0.1970139763
0.1995397966
0.2020656168
0.204591437
0.2071172572
0.2096430774
0.2121688976
0.2146947178
0.217220538
0.2197463582
0.2222721784
0.2247979986
0.2273238189
0.2298496391
0.2323754593
0.2349012795
0.2374270997
0.2399529199
0.2424787401
0.2450045603
0.2475303805
0.2500562007
0.252582021
0.2551078412
0.2576336614
0.2601594816
0.2626853018
0.265211122
0.2677369422
0.2702627624
0.2727885826
0.2753144028
0.277840223
0.2803660433
0.2828918635
0.2854176837
0.2879435039
0.2904693241
0.2929951443
0.2955209645
0.2980467847
0.3005726049
0.3030984251
0.3056242454
0.3081500656
0.3106758858
0.313201706
0.3157275262
0.3182533464
0.3207791666
0.3233049868
0.325830807
0.3283566272
0.3308824474
0.3334082677
0.3359340879
0.3384599081
0.3409857283
0.3435115485
0.3460373687
0.3485631889
0.3510890091
0.3536148293
0.3561406495
0.3586664698
0.36119229
0.3637181102
0.3662439304
0.3687697506
0.3712955708
0.373821391
0.3763472112
0.3788730314
0.3813988516
0.3839246718
0.3864504921
0.3889763123
0.3915021325
0.3940279527
0.3965537729
0.3990795931
0.4016054133
0.4041312335
0.4066570537
0.4091828739
0.4117086942
0.4142345144
0.4167603346
0.4192861548
0.421811975
0.4243377952
0.4268636154
0.4293894356
0.4319152558
0.434441076
0.4369668962
0.4394927165
0.4420185367
0.4445443569
0.4470701771
0.4495959973
0.4521218175
0.4546476377
0.4571734579
0.4596992781
0.4622250983
0.4647509186
0.4672767388
0.469802559
0.4723283792
0.4748541994
0.4773800196
0.4799058398
0.48243166
0.4849574802
0.4874833004
0.4900091206
0.4925349409
0.4950607611
0.4975865813
0.5001124015
0.5026382217
0.5051640419
0.5076898621
0.5102156823
0.5127415025
0.5152673227
0.517793143
0.5203189632
0.5228447834
0.5253706036
0.5278964238
0.530422244
0.5329480642
0.5354738844
0.5379997046
0.5405255248
0.543051345
0.5455771653
0.5481029855
0.5506288057
0.5531546259
0.5556804461
0.5582062663
0.5607320865
0.5632579067
0.5657837269
0.5683095471
0.5708353674
0.5733611876
0.5758870078
0.578412828
0.5809386482
0.5834644684
0.5859902886
0.5885161088
0.591041929
0.5935677492
0.5960935694
0.5986193897
0.6011452099
0.6036710301
0.6061968503
0.6087226705
0.6112484907
0.6137743109
0.6163001311
0.6188259513
0.6213517715
0.6238775918
0.626403412
0.6289292322
0.6314550524
0.6339808726
0.6365066928
0.639032513
0.6415583332
0.6440841534
0.6466099736
0.6491357938
0.6516616141
0.6541874343
0.6567132545
0.6592390747
0.6617648949
0.6642907151
0.6668165353
0.6693423555
0.6718681757
0.6743939959
0.6769198162
0.6794456364
0.6819714566
0.6844972768
0.687023097
0.6895489172
0.6920747374
0.6946005576
0.6971263778
0.699652198
0.7021780182
0.7047038385
0.7072296587
0.7097554789
0.7122812991
0.7148071193
0.7173329395
0.7198587597
0.7223845799
0.7249104001
0.7274362203
0.7299620406
0.7324878608
0.735013681
0.7375395012
0.7400653214
0.7425911416
0.7451169618
0.747642782
0.7501686022
0.7526944224
0.7552202426
0.7577460629
0.7602718831
0.7627977033
0.7653235235
0.7678493437
0.7703751639
0.7729009841
0.7754268043
0.7779526245
0.7804784447
0.783004265
0.7855300852
0.7880559054
0.7905817256
0.7931075458
0.795633366
0.7981591862
0.8006850064
0.8032108266
0.8057366468
0.808262467
0.8107882873
0.8133141075
0.8158399277
0.8183657479
0.8208915681
0.8234173883
0.8259432085
0.8284690287
0.8309948489
0.8335206691
0.8360464894
0.8385723096
0.8410981298
0.84362395
0.8461497702
0.8486755904
0.8512014106
0.8537272308
0.856253051
0.8587788712
0.8613046914
0.8638305117
0.8663563319
0.8688821521
0.8714079723
0.8739337925
0.8764596127
0.8789854329
0.8815112531
0.8840370733
0.8865628935
0.8890887138
0.891614534
0.8941403542
0.8966661744
0.8991919946
0.9017178148
0.904243635
0.9067694552
0.9092952754
0.9118210956
0.9143469158
0.9168727361
0.9193985563
0.9219243765
0.9244501967
0.9269760169
0.9295018371
0.9320276573
0.9345534775
0.9370792977
0.9396051179
0.9421309382
0.9446567584
0.9471825786
0.9497083988
0.952234219
0.9547600392
0.9572858594
0.9598116796
0.9623374998
0.96486332
0.9673891402
0.9699149605
0.9724407807
0.9749666009
0.9774924211
0.9800182413
0.9825440615
0.9850698817
0.9875957019
0.9901215221
0.9926473423
0.9951731626
0.9976989828
1.000224803
1.002750623
1.005276443
1.007802264
1.010328084
1.012853904
1.015379724
1.017905544
1.020431365
1.022957185
1.025483005
1.028008825
1.030534645
1.033060466
1.035586286
1.038112106
1.040637926
1.043163747
1.045689567
1.048215387
1.050741207
1.053267027
1.055792848
1.058318668
1.060844488
1.063370308
1.065896128
1.068421949
1.070947769
1.073473589
1.075999409
1.078525229
1.08105105
1.08357687
1.08610269
1.08862851
1.091154331
1.093680151
1.096205971
1.098731791
1.101257611
1.103783432
1.106309252
1.108835072
1.111360892
1.113886712
1.116412533
1.118938353
1.121464173
1.123989993
1.126515813
1.129041634
1.131567454
1.134093274
1.136619094
1.139144914
1.141670735
1.144196555
1.146722375
1.149248195
1.151774016
1.154299836
1.156825656
1.159351476
1.161877296
1.164403117
1.166928937
1.169454757
1.171980577
1.174506397
1.177032218
1.179558038
1.182083858
1.184609678
1.187135498
1.189661319
1.192187139
1.194712959
1.197238779
1.1997646
1.20229042
1.20481624
1.20734206
1.20986788
1.212393701
1.214919521
1.217445341
1.219971161
1.222496981
1.225022802
1.227548622
1.230074442
1.232600262
1.235126082
1.237651903
1.240177723
1.242703543
1.245229363
1.247755184
1.250281004
1.252806824
1.255332644
1.257858464
1.260384285
1.262910105
1.265435925
1.267961745
1.270487565
1.273013386
1.275539206
1.278065026
1.280590846
1.283116666
1.285642487
1.288168307
1.290694127
1.293219947
1.295745767
1.298271588
1.300797408
1.303323228
1.305849048
1.308374869
1.310900689
1.313426509
1.315952329
1.318478149
1.32100397
1.32352979
1.32605561
1.32858143
1.33110725
1.333633071
1.336158891
1.338684711
1.341210531
1.343736351
1.346262172
1.348787992
1.351313812
1.353839632
1.356365453
1.358891273
1.361417093
1.363942913
1.366468733
1.368994554
1.371520374
1.374046194
1.376572014
1.379097834
1.381623655
1.384149475
1.386675295
1.389201115
1.391726935
1.394252756
1.396778576
1.399304396
1.401830216
1.404356036
1.406881857
1.409407677
1.411933497
1.414459317
1.416985138
1.419510958
1.422036778
1.424562598
1.427088418
1.429614239
1.432140059
1.434665879
1.437191699
1.439717519
1.44224334
1.44476916
1.44729498
1.4498208
1.45234662
1.454872441
1.457398261
1.459924081
1.462449901
1.464975722
1.467501542
1.470027362
1.472553182
1.475079002
1.477604823
1.480130643
1.482656463
1.485182283
1.487708103
1.490233924
1.492759744
1.495285564
1.497811384
1.500337204
1.502863025
1.505388845
1.507914665
1.510440485
1.512966306
1.515492126
1.518017946
1.520543766
1.523069586
1.525595407
1.528121227
1.530647047
1.533172867
1.535698687
1.538224508
1.540750328
1.543276148
1.545801968
1.548327788
1.550853609
1.553379429
1.555905249
1.558431069
1.560956889
1.56348271
1.56600853
1.56853435
1.57106017
1.573585991
1.576111811
1.578637631
1.581163451
1.583689271
1.586215092
1.588740912
1.591266732
1.593792552
1.596318372
1.598844193
1.601370013
1.603895833
1.606421653
1.608947473
1.611473294
1.613999114
1.616524934
1.619050754
1.621576575
1.624102395
1.626628215
1.629154035
1.631679855
1.634205676
1.636731496
1.639257316
1.641783136
1.644308956
1.646834777
1.649360597
1.651886417
1.654412237
1.656938057
1.659463878
1.661989698
1.664515518
1.667041338
1.669567158
1.672092979
1.674618799
1.677144619
1.679670439
1.68219626
1.68472208
1.6872479
1.68977372
1.69229954
1.694825361
1.697351181
1.699877001
1.702402821
1.704928641
1.707454462
1.709980282
1.712506102
1.715031922
1.717557742
1.720083563
1.722609383
1.725135203
1.727661023
1.730186844
1.732712664
1.735238484
1.737764304
1.740290124
1.742815945
1.745341765
1.747867585
1.750393405
1.752919225
1.755445046
1.757970866
1.760496686
1.763022506
1.765548326
1.768074147
1.770599967
1.773125787
1.775651607
1.778177428
1.780703248
1.783229068
1.785754888
1.788280708
1.790806529
1.793332349
1.795858169
1.798383989
1.800909809
1.80343563
1.80596145
1.80848727
1.81101309
1.81353891
1.816064731
1.818590551
1.821116371
1.823642191
1.826168011
1.828693832
1.831219652
1.833745472
1.836271292
1.838797113
1.841322933
1.843848753
1.846374573
1.848900393
1.851426214
1.853952034
1.856477854
1.859003674
1.861529494
1.864055315
1.866581135
1.869106955
1.871632775
1.874158595
1.876684416
1.879210236
1.881736056
1.884261876
1.886787697
1.891839337
1.894365157
1.896890977
1.899416798
1.901942618
1.904468438
1.906994258
1.909520078
1.912045899
1.914571719
1.917097539
1.919623359
1.922149179
1.924675
1.92720082
1.92972664
1.93225246
1.93477828
1.937304101
1.939829921
1.944881561
1.947407382
1.949933202
1.952459022
1.954984842
1.957510662
1.960036483
1.962562303
1.965088123
1.967613943
1.970139763
1.972665584
1.975191404
1.980243044
1.982768864
1.985294685
1.987820505
1.990346325
1.992872145
1.995397966
1.997923786
2.000449606
2.002975426
2.005501246
2.010552887
2.013078707
2.015604527
2.018130347
2.020656168
2.023181988
2.025707808
2.028233628
2.030759448
2.035811089
2.038336909
2.040862729
2.04338855
2.04591437
2.04844019
2.05096601
2.05349183
2.058543471
2.061069291
2.063595111
2.066120931
2.068646752
2.071172572
2.073698392
2.076224212
2.081275853
2.083801673
2.086327493
2.088853313
2.091379133
2.093904954
2.098956594
2.101482414
2.104008235
2.106534055
2.109059875
2.111585695
2.114111515
2.119163156
2.121688976
2.124214796
2.126740616
2.129266437
2.131792257
2.136843897
2.139369717
2.141895538
2.144421358
2.146947178
2.149472998
2.154524639
2.157050459
2.159576279
2.162102099
2.16462792
2.16967956
2.17220538
2.1747312
2.177257021
2.179782841
2.184834481
2.187360301
2.189886122
2.192411942
2.194937762
2.199989402
2.202515223
2.205041043
2.207566863
2.210092683
2.215144324
2.217670144
2.220195964
2.222721784
2.225247605
2.230299245
2.232825065
2.235350885
2.237876706
2.242928346
2.245454166
2.247979986
2.250505807
2.255557447
2.258083267
2.260609088
2.263134908
2.268186548
2.270712368
2.273238189
2.275764009
2.278289829
2.283341469
2.28586729
2.28839311
2.29344475
2.29597057
2.298496391
2.301022211
2.306073851
2.308599672
2.311125492
2.313651312
2.318702952
2.321228773
2.323754593
2.326280413
2.331332053
2.333857874
2.336383694
2.341435334
2.343961154
2.346486975
2.349012795
2.354064435
2.356590255
2.359116076
2.364167716
2.366693536
2.369219357
2.374270997
2.376796817
2.379322637
2.381848458
2.386900098
2.389425918
2.391951738
2.397003379
2.399529199
2.402055019
2.40710666
2.40963248
2.4121583
2.417209941
2.419735761
2.422261581
2.427313221
2.429839042
2.432364862
2.437416502
2.439942322
2.442468143
2.447519783
2.450045603
2.452571423
2.457623064
2.460148884
2.462674704
2.467726345
2.470252165
2.472777985
2.477829626
2.480355446
2.482881266
2.487932906
2.490458727
2.495510367
2.498036187
2.500562007
2.505613648
2.508139468
2.510665288
2.515716929
2.518242749
2.523294389
2.52582021
2.52834603
2.53339767
2.53592349
2.540975131
2.543500951
2.546026771
2.551078412
2.553604232
2.558655872
2.561181692
2.563707513
2.568759153
2.571284973
2.576336614
2.578862434
2.581388254
2.586439895
2.588965715
2.594017355
2.596543175
2.599068996
2.604120636
2.606646456
2.611698097
2.614223917
2.619275557
2.621801377
2.626853018
2.629378838
2.631904658
2.636956299
2.639482119
2.644533759
2.64705958
2.65211122
2.65463704
2.659688681
2.662214501
2.664740321
2.669791961
2.672317782
2.677369422
2.679895242
2.684946883
2.687472703
2.692524343
2.695050164
2.700101804
2.702627624
2.707679265
2.710205085
2.715256725
2.717782545
2.722834186
2.725360006
2.730411646
2.732937467
2.737989107
2.740514927
2.745566568
2.748092388
2.753144028
2.755669849
2.760721489
2.763247309
2.76829895
2.77082477
2.77587641
2.77840223
2.783453871
2.785979691
2.791031332
2.793557152
2.798608792
2.801134612
2.806186253
2.811237893
2.813763713
2.818815354
2.821341174
2.826392814
2.828918635
2.833970275
2.836496095
2.841547736
2.846599376
2.849125196
2.854176837
2.856702657
2.861754297
2.864280118
2.869331758
2.871857578
2.876909219
2.881960859
2.884486679
2.88953832
2.89206414
2.89711578
2.902167421
2.904693241
2.909744881
2.912270702
2.917322342
2.922373982
2.924899803
2.929951443
2.932477263
2.937528904
2.942580544
2.945106364
2.950158005
2.952683825
2.957735465
2.962787106
2.965312926
2.970364566
2.975416207
2.977942027
2.982993667
2.988045308
2.990571128
2.995622768
2.998148589
3.003200229
3.00825187
3.01077769
3.01582933
3.020880971
3.023406791
3.028458431
3.033510072
3.036035892
3.041087532
3.046139173
3.048664993
3.053716633
3.058768274
3.061294094
3.066345734
3.071397375
3.073923195
3.078974835
3.084026476
3.086552296
3.091603936
3.096655577
3.101707217
3.104233038
3.109284678
3.114336318
3.116862139
3.121913779
3.126965419
3.13201706
3.13454288
3.13959452
3.144646161
3.147171981
3.152223621
3.157275262
3.162326902
3.164852723
3.169904363
3.174956003
3.180007644
3.182533464
3.187585104
3.192636745
3.197688385
3.200214205
3.205265846
3.210317486
3.215369127
3.217894947
3.222946587
3.227998228
3.233049868
3.235575688
3.240627329
3.245678969
3.25073061
3.25578225
3.25830807
3.263359711
3.268411351
3.273462992
3.278514632
3.281040452
3.286092093
3.291143733
3.296195373
3.301247014
3.303772834
3.308824474
3.313876115
3.318927755
3.323979396
3.326505216
3.331556856
3.336608497
3.341660137
3.346711778
3.351763418
3.354289238
3.359340879
3.364392519
3.36944416
3.3744958
3.37954744
3.384599081
3.387124901
3.392176541
3.397228182
3.402279822
3.407331463
3.412383103
3.417434743
3.422486384
3.425012204
3.430063845
3.435115485
3.440167125
3.445218766
3.450270406
3.455322047
3.460373687
3.465425327
3.467951148
3.473002788
3.478054429
3.483106069
3.488157709
3.49320935
3.49826099
3.503312631
3.508364271
3.513415911
3.518467552
3.523519192
3.526045012
3.531096653
3.536148293
3.541199934
3.546251574
3.551303215
3.556354855
3.561406495
3.566458136
3.571509776
3.576561417
3.581613057
3.586664698
3.591716338
3.596767978
3.601819619
3.606871259
3.6119229
3.61697454
3.62202618
3.627077821
3.632129461
3.637181102
3.642232742
3.647284383
3.652336023
3.657387663
3.662439304
3.667490944
3.672542585
3.677594225
3.682645865
3.687697506
3.692749146
3.697800787
3.702852427
3.707904068
3.712955708
3.718007348
3.723058989
3.728110629
3.73316227
3.73821391
3.743265551
3.748317191
3.753368831
3.758420472
3.763472112
3.771049573
3.776101213
3.781152854
3.786204494
3.791256134
3.796307775
3.801359415
3.806411056
3.811462696
3.816514337
3.821565977
3.826617617
3.834195078
3.839246718
3.844298359
3.849349999
3.85440164
3.85945328
3.864504921
3.869556561
3.874608201
3.882185662
3.887237302
3.892288943
3.897340583
3.902392224
3.907443864
3.912495505
3.920072965
3.925124606
3.930176246
3.935227886
3.940279527
3.945331167
3.952908628
3.957960268
3.963011909
3.968063549
3.97311519
3.97816683
3.985744291
3.990795931
3.995847571
4.000899212
4.005950852
4.013528313
4.018579953
4.023631594
4.028683234
4.033734875
4.041312335
4.046363976
4.051415616
4.056467256
4.064044717
4.069096358
4.074147998
4.079199638
4.084251279
4.091828739
4.09688038
4.10193202
4.106983661
4.114561121
4.119612762
4.124664402
4.129716043
4.137293503
4.142345144
4.147396784
4.154974245
4.160025885
4.165077526
4.170129166
4.177706627
4.182758267
4.187809907
4.195387368
4.200439008
4.205490649
4.213068109
4.21811975
4.22317139
4.228223031
4.235800491
4.240852132
4.245903772
4.253481233
4.258532873
4.263584514
4.271161974
4.276213615
4.283791075
4.288842716
4.293894356
4.301471817
4.306523457
4.311575098
4.319152558
4.324204199
4.329255839
4.3368333
4.34188494
4.349462401
4.354514041
4.359565682
4.367143142
4.372194783
4.379772243
4.384823884
4.389875524
4.397452985
4.402504625
4.410082086
4.415133726
4.420185367
4.427762827
4.432814468
4.440391928
4.445443569
4.453021029
4.45807267
4.46312431
4.470701771
4.475753411
4.483330872
4.488382512
4.495959973
4.501011613
4.508589074
4.513640714
4.521218175
4.526269815
4.533847276
4.538898917
4.546476377
4.551528018
4.559105478
4.564157119
4.571734579
4.57678622
4.58436368
4.589415321
4.596992781
4.602044422
4.609621882
4.614673523
4.622250983
4.627302624
4.634880084
4.639931725
4.647509186
4.655086646
4.660138287
4.667715747
4.672767388
4.680344848
4.685396489
4.692973949
4.69802559
4.70560305
4.713180511
4.718232151
4.725809612
4.730861252
4.738438713
4.746016174
4.751067814
4.758645275
4.763696915
4.771274376
4.778851836
4.783903477
4.791480937
4.799058398
4.804110039
4.811687499
4.81926496
4.8243166
4.831894061
4.836945701
4.844523162
4.852100622
4.857152263
4.864729724
4.872307184
4.877358825
4.884936285
4.892513746
4.897565386
4.905142847
4.912720308
4.920297768
4.925349409
4.932926869
4.94050433
4.94555597
4.953133431
4.960710892
4.968288352
4.973339993
4.980917453
4.988494914
4.993546554
5.001124015
5.008701475
5.016278936
5.021330577
5.028908037
5.036485498
5.044062958
5.051640419
5.056692059
5.06426952
5.071846981
5.079424441
5.084476082
5.092053542
5.099631003
5.107208464
5.114785924
5.119837565
5.127415025
5.134992486
5.142569947
5.150147407
5.157724868
5.162776508
5.170353969
5.17793143
5.18550889
5.193086351
5.200663811
5.205715452
5.213292912
5.220870373
5.228447834
5.236025294
5.243602755
5.251180216
5.258757676
5.263809317
5.271386777
5.278964238
5.286541699
5.294119159
5.30169662
5.30927408
5.316851541
5.324429002
5.332006462
5.339583923
5.344635563
5.352213024
5.359790485
5.367367945
5.374945406
5.382522866
5.390100327
5.397677788
5.405255248
5.412832709
5.42041017
5.42798763
5.435565091
5.443142552
5.450720012
5.458297473
5.465874933
5.473452394
5.481029855
5.488607315
5.496184776
5.503762237
5.511339697
5.518917158
5.526494618
5.534072079
5.54164954
5.549227
5.556804461
5.564381922
5.571959382
5.579536843
5.587114303
5.597217584
5.604795045
5.612372506
5.619949966
5.627527427
5.635104887
5.642682348
5.650259809
5.657837269
5.66541473
5.672992191
5.683095471
5.690672932
5.698250393
5.705827853
5.713405314
5.720982775
5.728560235
5.738663516
5.746240977
5.753818437
5.761395898
5.768973359
5.776550819
5.78412828
5.794231561
5.801809021
5.809386482
5.816963943
5.824541403
5.834644684
5.842222145
5.849799605
5.857377066
5.864954527
5.875057807
5.882635268
5.890212729
5.897790189
5.90789347
5.915470931
5.923048391
5.930625852
5.940729133
5.948306593
5.955884054
5.963461515
5.973564796
5.981142256
5.988719717
5.998822998
6.006400458
6.013977919
6.02155538
6.03165866
6.039236121
6.046813582
6.056916862
6.064494323
6.072071784
6.082175065
6.089752525
6.097329986
6.107433267
6.115010727
6.122588188
6.132691469
6.140268929
6.15037221
6.157949671
6.165527131
6.175630412
6.183207873
6.190785334
6.200888614
6.208466075
6.218569356
6.226146816
6.236250097
6.243827558
6.251405019
6.261508299
6.26908576
6.279189041
6.286766502
6.296869782
6.304447243
6.312024704
6.322127984
6.329705445
6.339808726
6.347386187
6.357489467
6.365066928
6.375170209
6.382747669
6.39285095
6.400428411
6.410531692
6.418109152
6.428212433
6.435789894
6.445893175
6.455996456
6.463573916
6.473677197
6.481254658
6.491357938
6.498935399
6.50903868
6.516616141
6.526719421
6.536822702
6.544400163
6.554503444
6.562080904
6.572184185
6.582287466
6.589864927
6.599968207
6.607545668
6.617648949
6.62775223
6.63532969
6.645432971
6.655536252
6.663113713
6.673216994
6.683320274
6.690897735
6.701001016
6.711104297
6.718681757
6.728785038
6.738888319
6.74646578
6.75656906
6.766672341
6.776775622
6.784353083
6.794456364
6.804559644
6.812137105
6.822240386
6.832343667
6.842446948
6.850024408
6.860127689
6.87023097
6.880334251
6.890437532
6.898014992
6.908118273
6.918221554
6.928324835
6.938428116
6.946005576
6.956108857
6.966212138
6.976315419
6.9864187
6.99399616
7.004099441
7.014202722
7.024306003
7.034409284
7.044512564
7.054615845
7.062193306
7.072296587
7.082399868
7.092503148
7.102606429
7.11270971
7.122812991
7.132916272
7.143019553
7.153122833
7.163226114
7.170803575
7.180906856
7.191010137
7.201113417
7.211216698
7.221319979
7.23142326
7.241526541
7.251629822
7.261733102
7.271836383
7.281939664
7.292042945
7.302146226
7.312249507
7.322352787
7.332456068
7.342559349
7.35266263
7.362765911
7.372869192
7.382972472
7.393075753
7.403179034
7.415808135
7.425911416
7.436014697
7.446117978
7.456221259
7.466324539
7.47642782
7.486531101
7.496634382
7.506737663
7.516840944
7.529470045
7.539573325
7.549676606
7.559779887
7.569883168
7.579986449
7.59261555
7.602718831
7.612822112
7.622925392
7.633028673
7.643131954
7.655761055
7.665864336
7.675967617
7.686070898
7.696174178
7.708803279
7.71890656
7.729009841
7.739113122
7.751742223
7.761845504
7.771948785
7.782052066
7.794681167
7.804784447
7.814887728
7.827516829
7.83762011
7.847723391
7.857826672
7.870455773
7.880559054
7.890662335
7.903291436
7.913394716
7.923497997
7.936127098
7.946230379
7.95885948
7.968962761
7.979066042
7.991695143
8.001798424
8.011901705
8.024530806
8.034634086
8.047263188
8.057366468
8.069995569
8.08009885
8.090202131
8.102831232
8.112934513
8.125563614
8.135666895
8.148295996
8.158399277
8.171028378
8.181131659
8.19376076
8.203864041
8.216493142
8.226596422
8.239225523
8.249328804
8.261957905
8.272061186
8.284690287
8.294793568
8.307422669
8.31752595
8.330155051
8.342784152
8.352887433
8.365516534
8.375619815
8.388248916
8.400878017
8.410981298
8.423610399
8.43371368
8.446342781
8.458971882
8.469075163
8.481704264
8.494333365
8.504436645
8.517065747
8.529694848
8.539798128
8.552427229
8.56505633
8.575159611
8.587788712
8.600417813
8.613046914
8.623150195
8.635779296
8.648408397
8.661037498
8.671140779
8.68376988
8.696398981
8.709028082
8.719131363
8.731760464
8.744389565
8.757018666
8.769647767
8.779751048
8.792380149
8.80500925
8.817638351
8.830267452
8.842896554
8.852999834
8.865628935
8.878258036
8.890887138
8.903516239
8.91614534
8.928774441
8.941403542
8.954032643
8.964135924
8.976765025
8.989394126
9.002023227
9.014652328
9.027281429
9.03991053
9.052539631
9.065168732
9.077797833
9.090426934
9.103056035
9.115685136
9.128314237
9.140943338
9.153572439
9.16620154
9.178830641
9.191459742
9.204088844
9.216717945
9.229347046
9.241976147
9.254605248
9.269760169
9.28238927
9.295018371
9.307647472
9.320276573
9.332905674
9.345534775
9.358163876
9.370792977
9.385947899
9.398577
9.411206101
9.423835202
9.436464303
9.449093404
9.464248325
9.476877426
9.489506527
9.502135628
9.514764729
9.529919651
9.542548752
9.555177853
9.567806954
9.582961875
9.595590976
9.608220077
9.620849178
9.636004099
9.6486332
9.661262301
9.676417223
9.689046324
9.701675425
9.716830346
9.729459447
9.742088548
9.757243469
9.76987257
9.782501671
9.797656593
9.810285694
9.825440615
9.838069716
9.850698817
9.865853738
9.878482839
9.893637761
9.906266862
9.918895963
9.934050884
9.946679985
9.961834906
9.974464007
9.989618929
10.00224803
10.01740295
10.03003205
10.04518697
10.05781607
10.072971
10.0856001
10.10075502
10.11338412
10.12853904
10.14369396
10.15632306
10.17147798
10.18410708
10.19926201
10.21189111
10.22704603
10.24220095
10.25483005
10.26998497
10.28513989
10.29776899
10.31292392
10.32807884
10.34070794
10.35586286
10.37101778
10.38364688
10.3988018
10.41395672
10.42658582
10.44174075
10.45689567
10.47205059
10.48467969
10.49983461
10.51498953
10.53014445
10.54277355
10.55792848
10.5730834
10.58823832
10.60339324
10.61602234
10.63117726
10.64633218
10.6614871
10.67664203
10.69179695
10.70695187
10.71958097
10.73473589
10.74989081
10.76504573
10.78020065
10.79535558
10.8105105
10.82566542
10.84082034
10.85597526
10.87113018
10.8862851
10.90144002
10.91659495
10.93174987
10.94690479
10.96205971
10.97721463
10.99236955
11.00752447
11.02267939
11.03783432
11.05298924
11.06814416
11.08329908
11.098454
11.11360892
11.12876384
11.14391876
11.16159951
11.17675443
11.19190935
11.20706427
11.22221919
11.23737411
11.25505485
11.27020977
11.2853647
11.30051962
11.31567454
11.33082946
11.3485102
11.36366512
11.37882004
11.39397497
11.41165571
11.42681063
11.44196555
11.45964629
11.47480121
11.48995613
11.50511105
11.5227918
11.53794672
11.55310164
11.57078238
11.5859373
11.60109222
11.61877296
11.63392789
11.65160863
11.66676355
11.68191847
11.69959921
11.71475413
11.73243487
11.74758979
11.76527054
11.78042546
11.7981062
11.81326112
11.83094186
11.84609678
11.86377752
11.87893245
11.89661319
11.91176811
11.92944885
11.94460377
11.96228451
11.97743943
11.99512018
12.0102751
12.02795584
12.04563658
12.0607915
12.07847224
12.09615298
12.1113079
12.12898865
12.14666939
12.16182431
12.17950505
12.19718579
12.21234071
12.23002145
12.2477022
12.26285712
12.28053786
12.2982186
12.31589934
12.33105426
12.348735
12.36641575
12.38409649
12.40177723
12.41693215
12.43461289
12.45229363
12.46997437
12.48765512
12.50533586
12.52049078
12.53817152
12.55585226
12.573533
12.59121374
12.60889449
12.62657523
12.64425597
12.66193671
12.67961745
12.69729819
12.71497893
12.73265968
12.75034042
12.76802116
12.7857019
12.80338264
12.82106338
12.83874413
12.85642487
12.87410561
12.89178635
12.90946709
12.92714783
12.94482857
12.96250932
12.98019006
12.9978708
13.01807736
13.0357581
13.05343884
13.07111958
13.08880033
13.10648107
13.12668763
13.14436837
13.16204911
13.17972985
13.19993641
13.21761716
13.2352979
13.25297864
13.2731852
13.29086594
13.30854668
13.32875325
13.34643399
13.36411473
13.38432129
13.40200203
13.41968277
13.43988933
13.45757008
13.47525082
13.49545738
13.51313812
13.53334468
13.55102542
13.56870617
13.58891273
13.60659347
13.62680003
13.64448077
13.66468733
13.68236807
13.70257464
13.72025538
13.74046194
13.75814268
13.77834924
13.7985558
13.81623655
13.83644311
13.85412385
13.87433041
13.89453697
13.91221771
13.93242428
13.95263084
13.97031158
13.99051814
14.0107247
14.02840544
14.04861201
14.06881857
14.08649931
14.10670587
14.12691243
14.14711899
14.16479974
14.1850063
14.20521286
14.22541942
14.24562598
14.26330672
14.28351328
14.30371985
14.32392641
14.34413297
14.36433953
14.38454609
14.40222683
14.4224334
14.44263996
14.46284652
14.48305308
14.50325964
14.5234662
14.54367277
14.56387933
14.58408589
14.60429245
14.62449901
14.64470557
14.66491214
14.6851187
14.70532526
14.72553182
14.74573838
14.76847077
14.78867733
14.80888389
14.82909045
14.84929701
14.86950357
14.88971014
14.91244252
14.93264908
14.95285564
14.9730622
14.99326876
15.01600115
15.03620771
15.05641427
15.07662083
15.09935321
15.11955977
15.13976634
15.16249872
15.18270528
15.20291184
15.22564422
15.24585078
15.26605735
15.28878973
15.30899629
15.33172867
15.35193523
15.3721418
15.39487418
15.41508074
15.43781312
15.45801968
15.48075206
15.50095863
15.52369101
15.54389757
15.56662995
15.58683651
15.60956889
15.63230128
15.65250784
15.67524022
15.69544678
15.71817916
15.74091155
15.76111811
15.78385049
15.80658287
15.82678943
15.84952181
15.8722542
15.89246076
15.91519314
15.93792552
15.9606579
15.98086447
16.00359685
16.02632923
16.04906161
16.06926817
16.09200055
16.11473294
16.13746532
16.1601977
16.18293008
16.20566246
16.22839485
16.24860141
16.27133379
16.29406617
16.31679855
16.33953094
16.36226332
16.3849957
16.40772808
16.43046046
16.45319284
16.47592523
16.49865761
16.52138999
16.54412237
16.56938057
16.59211296
16.61484534
16.63757772
16.6603101
16.68304248
16.70577487
16.73103307
16.75376545
16.77649783
16.79923021
16.8219626
16.8472208
16.86995318
16.89268556
16.91541794
16.94067615
16.96340853
16.98614091
17.01139911
17.03413149
17.05686387
17.08212208
17.10485446
17.12758684
17.15284504
17.17557742
17.20083563
17.22356801
17.24882621
17.27155859
17.29681679
17.31954918
17.34480738
17.36753976
17.39279796
17.41553034
17.44078855
17.46352093
17.48877913
17.51403733
17.53676971
17.56202792
17.5847603
17.6100185
17.6352767
17.65800908
17.68326729
17.70852549
17.73378369
17.75651607
17.78177428
17.80703248
17.83229068
17.85502306
17.88028126
17.90553947
17.93079767
17.95605587
17.98131407
18.00404645
18.02930466
18.05456286
18.07982106
18.10507926
18.13033746
18.15559567
18.18085387
18.20611207
18.23137027
18.25662847
18.28188668
18.30714488
18.33240308
18.35766128
18.38291948
18.40817769
18.43343589
18.46121991
18.48647811
18.51173632
18.53699452
18.56225272
18.58751092
18.61529494
18.64055315
18.66581135
18.69106955
18.71885357
18.74411177
18.76936998
18.797154
18.8224122
18.8476704
18.87545443
18.90071263
18.92597083
18.95375485
18.97901305
19.00679708
19.03205528
19.05731348
19.0850975
19.11035571
19.13813973
19.16339793
19.19118195
19.21644015
19.24422418
19.2720082
19.2972664
19.32505042
19.35030863
19.37809265
19.40587667
19.43113487
19.45891889
19.48670292
19.51196112
19.53974514
19.56752916
19.59531319
19.62057139
19.64835541
19.67613943
19.70392345
19.73170748
19.75696568
19.7847497
19.81253372
19.84031775
19.86810177
19.89588579
19.92366981
19.95145384
19.97923786
20.00702188
20.0348059
20.06258992
20.09037395
20.11815797
20.14594199
20.17372601
20.20151004
20.22929406
20.25707808
20.2848621
20.31264612
20.34043015
20.37073999
20.39852401
20.42630803
20.45409206
20.48187608
20.51218592
20.53996994
20.56775397
20.59806381
20.62584783
20.65363185
20.6839417
20.71172572
20.73950974
20.76981958
20.79760361
20.82538763
20.85569747
20.88348149
20.91379133
20.94157536
20.9718852
20.99966922
21.02997906
21.05776309
21.08807293
21.11838277
21.14616679
21.17647664
21.20426066
21.2345705
21.26488034
21.29266437
21.32297421
21.35328405
21.38359389
21.41137792
21.44168776
21.4719976
21.50230744
21.53009147
21.56040131
21.59071115
21.62102099
21.65133084
21.68164068
21.71195052
21.74226036
21.77257021
21.80035423
21.83066407
21.86097391
21.89128376
21.9215936
21.95442926
21.9847391
22.01504895
22.04535879
22.07566863
22.10597847
22.13628832
22.16659816
22.196908
22.22974366
22.26005351
22.29036335
22.32067319
22.35350885
22.3838187
22.41412854
22.44443838
22.47727404
22.50758389
22.53789373
22.57072939
22.60103923
22.6338749
22.66418474
22.6970204
22.72733025
22.76016591
22.79047575
22.82331141
22.85362126
22.88645692
22.91676676
22.94960242
22.97991227
23.01274793
23.04558359
23.07589343
23.1087291
23.14156476
23.1718746
23.20471026
23.23754593
23.27038159
23.30069143
23.3335271
23.36636276
23.39919842
23.43203408
23.46486975
23.49517959
23.52801525
23.56085091
23.59368658
23.62652224
23.6593579
23.69219357
23.72502923
23.75786489
23.79070055
23.82353622
23.85637188
23.89173336
23.92456902
23.95740469
23.99024035
24.02307601
24.05591168
24.09127316
24.12410882
24.15694448
24.18978015
24.22514163
24.25797729
24.29081295
24.32617444
24.3590101
24.39184576
24.42720725
24.46004291
24.49540439
24.52824005
24.56107572
24.5964372
24.62927286
24.66463435
24.69999583
24.73283149
24.76819297
24.80102864
24.83639012
24.8717516
24.90458727
24.93994875
24.97531023
25.00814589
25.04350738
25.07886886
25.11423034
25.14706601
25.18242749
25.21778897
25.25315045
25.28851194
25.32387342
25.3592349
25.39207057
25.42743205
25.46279353
25.49815502
25.5335165
25.56887798
25.60423946
25.63960095
25.67748825
25.71284973
25.74821122
25.7835727
25.81893418
25.85429566
25.88965715
25.92754445
25.96290593
25.99826742
26.0336289
26.0715162
26.10687769
26.14223917
26.18012647
26.21548795
26.25337526
26.28873674
26.32409822
26.36198553
26.39734701
26.43523431
26.4705958
26.5084831
26.54384458
26.58173189
26.61961919
26.65498067
26.69286797
26.73075528
26.76611676
26.80400406
26.84189137
26.87725285
26.91514015
26.95302746
26.99091476
27.02880206
27.06416355
27.10205085
27.13993815
27.17782545
27.21571276
27.25360006
27.29148736
27.32937467
27.36726197
27.40514927
27.44303658
27.48092388
27.51881118
27.55669849
27.59458579
27.63499891
27.67288622
27.71077352
27.74866082
27.78654812
27.82696125
27.86484855
27.90273585
27.94314898
27.98103628
28.01892358
28.05933671
28.09722401
28.13763713
28.17552444
28.21593756
28.25382486
28.29423799
28.33212529
28.37253841
28.41042572
28.45083884
28.48872614
28.52913927
28.56955239
28.60743969
28.64785282
28.68826594
28.72867906
28.76656637
28.80697949
28.84739261
28.88780574
28.92821886
28.96863198
29.00904511
29.04945823
29.08734553
29.12775866
29.16817178
29.2085849
29.25152385
29.29193697
29.33235009
29.37276322
29.41317634
29.45358946
29.49400259
29.53441571
29.57735465
29.61776778
29.6581809
29.69859402
29.74153297
29.78194609
29.82235921
29.86529816
29.90571128
29.94865022
29.98906335
30.03200229
30.07241541
30.11535436
30.15576748
30.19870643
30.23911955
30.28205849
30.32499744
30.36541056
30.4083495
30.45128845
30.49170157
30.53464051
30.57757946
30.6205184
30.66093152
30.70387047
30.74680941
30.78974835
30.8326873
30.87562624
30.91856518
30.96150413
31.00444307
31.04738202
31.09032096
31.1332599
31.17619885
31.21913779
31.26207673
31.3075415
31.35048044
31.39341938
31.43635833
31.47929727
31.52476204
31.56770098
31.61063992
31.65610469
31.69904363
31.74450839
31.78744734
31.83038628
31.87585104
31.91878999
31.96425475
32.00971952
32.05265846
32.09812322
32.14106217
32.18652693
32.23199169
32.27493064
32.3203954
32.36586016
32.41132493
32.45426387
32.49972864
32.5451934
32.59065816
32.63612293
32.68158769
32.72705245
32.77251722
32.81798198
32.86344675
32.90891151
32.95437627
32.99984104
33.0453058
33.09077056
33.13623533
33.18422591
33.22969068
33.27515544
33.3206202
33.36861079
33.41407555
33.45954032
33.5075309
33.55299566
33.60098625
33.64645101
33.6944416
33.73990636
33.78789694
33.83336171
33.88135229
33.92681705
33.97480764
34.02279822
34.06826299
34.11625357
34.16424415
34.21223474
34.2576995
34.30569009
34.35368067
34.40167125
34.44966184
34.49765242
34.54564301
34.59363359
34.64162417
34.68961476
34.73760534
34.78559593
34.83358651
34.88157709
34.92956768
34.97755826
35.02807467
35.07606525
35.12405583
35.17204642
35.22256282
35.27055341
35.31854399
35.36906039
35.41705098
35.46756738
35.51555797
35.56607437
35.61406495
35.66458136
35.71257194
35.76308835
35.81360475
35.86159533
35.91211174
35.96262814
36.01061873
36.06113513
36.11165154
36.16216794
36.21268434
36.26320075
36.31371715
36.36423356
36.41222414
36.46274054
36.51578277
36.56629917
36.61681558
36.66733198
36.71784839
36.76836479
36.81888119
36.8693976
36.92243982
36.97295623
37.02347263
37.07651486
37.12703126
37.17754766
37.23058989
37.28110629
37.33414852
37.38466492
37.43770715
37.48822355
37.54126577
37.594308
37.6448244
37.69786663
37.75090885
37.80142526
37.85446748
37.9075097
37.96055193
38.01359415
38.06411056
38.11715278
38.17019501
38.22323723
38.27627946
38.32932168
38.3823639
38.43540613
38.49097417
38.5440164
38.59705862
38.65010085
38.70314307
38.75871112
38.81175334
38.86479556
38.91783779
38.97340583
39.02644806
39.0820161
39.13505833
39.19062637
39.2436686
39.29923664
39.35227886
39.40784691
39.46341495
39.51645718
39.57202522
39.62759327
39.68063549
39.73620354
39.79177158
39.84733963
39.90290767
39.95847571
40.01404376
40.0696118
40.12517985
40.18074789
40.23631594
40.29188398
40.34745203
40.40302007
40.45858812
40.51668198
40.57225003
40.62781807
40.68338611
40.74147998
40.79704802
40.85514189
40.91070993
40.9688038
41.02437184
41.08246571
41.13803375
41.19612762
41.25169566
41.30978953
41.36788339
41.42345144
41.4815453
41.53963917
41.59773303
41.6558269
41.71139494
41.7694888
41.82758267
41.88567653
41.9437704
42.00186426
42.05995813
42.12057781
42.17867168
42.23676554
42.29485941
42.35295327
42.41357296
42.47166682
42.52976069
42.59038037
42.64847424
42.7065681
42.76718779
42.82528165
42.88590134
42.9439952
43.00461489
43.06523457
43.12332844
43.18394812
43.24456781
43.30266167
43.36328136
43.42390104
43.48452073
43.54514041
43.6057601
43.66637978
43.72699947
43.78761915
43.84823884
43.90885852
43.96947821
44.03009789
44.09071758
44.15133726
44.21448277
44.27510245
44.33572214
44.39886764
44.45948733
44.52010701
44.58325252
44.6438722
44.70701771
44.76763739
44.8307829
44.8939284
44.95454809
45.01769359
45.0808391
45.14145878
45.20460429
45.2677498
45.3308953
45.39404081
45.45718631
45.52033182
45.58347732
45.64662283
45.70976833
45.77291384
45.83605934
45.89920485
45.96487617
46.02802168
46.09116718
46.15431269
46.21998401
46.28312952
46.34880084
46.41194635
46.47509186
46.54076318
46.60643451
46.66958001
46.73525134
46.79839684
46.86406817
46.92973949
46.99541082
47.06108214
47.12422765
47.18989897
47.2555703
47.32124163
47.38691295
47.45258428
47.5182556
47.58392693
47.64959825
47.7177954
47.78346672
47.84913805
47.91480937
47.98300652
48.04867785
48.11434917
48.18254632
48.24821764
48.31641479
48.38208611
48.45028326
48.5184804
48.58415173
48.65234888
48.72054602
48.78621735
48.85441449
48.92261164
48.99080878
49.05900593
49.12720308
49.19540022
49.26359737
49.33179451
49.39999166
49.4681888
49.53638595
49.60458309
49.67530606
49.74350321
49.81170035
49.88242332
49.95062046
50.01881761
50.08954058
50.15773772
50.22846069
50.29918365
50.3673808
50.43810376
50.50882673
50.57702388
50.64774684
50.71846981
50.78919277
50.85991574
50.9306387
51.00136167
51.07208464
51.1428076
51.21353057
51.28425353
51.3549765
51.42569947
51.49642243
51.56967122
51.64039418
51.71111715
51.78436594
51.8550889
51.92833769
51.99906065
52.07230944
52.14303241
52.21628119
52.28952998
52.36277876
52.43350173
52.50675052
52.5799993
52.65324809
52.72649687
52.79974566
52.87299445
52.94624323
53.01949202
53.0927408
53.16598959
53.23923838
53.31501298
53.38826177
53.46151055
53.53728516
53.61053395
53.68378273
53.75955734
53.83280613
53.90858073
53.98435534
54.05760412
54.13337873
54.20915334
54.28240212
54.35817673
54.43395134
54.50972594
54.58550055
54.66127515
54.73704976
54.81282437
54.88859897
54.96437358
55.04014819
55.11844861
55.19422322
55.26999782
55.34829825
55.42407286
55.49984746
55.57814789
55.6539225
55.73222292
55.81052335
55.88629796
55.96459838
56.04289881
56.12119924
56.19697384
56.27527427
56.35357469
56.43187512
56.51017555
56.58847597
56.6667764
56.74507683
56.82590307
56.9042035
56.98250393
57.06080435
57.1416306
57.21993103
57.29823145
57.3790577
57.45735813
57.53818437
57.61901062
57.69731105
57.77813729
57.85896354
57.93726397
58.01809021
58.09891646
58.17974271
58.26056895
58.3413952
58.42222145
58.50304769
58.58387394
58.66470019
58.74805225
58.8288785
58.90970475
58.99305681
59.07388306
59.15470931
59.23806137
59.31888762
59.40223969
59.48559175
59.566418
59.64977007
59.73312214
59.8164742
59.89982627
59.98065252
60.06400458
60.14735665
60.23070872
60.31406078
60.39993867
60.48329074
60.5666428
60.64999487
60.73587276
60.81922483
60.90257689
60.98845478
61.07180685
61.15768473
61.2410368
61.32691469
61.41279257
61.49867046
61.58202253
61.66790042
61.7537783
61.83965619
61.92553408
62.01141196
62.09728985
62.18316774
62.26904563
62.35492351
62.44332722
62.52920511
62.61508299
62.7034867
62.78936459
62.8777683
62.96364618
63.05204989
63.13792778
63.22633148
63.31473519
63.4031389
63.48901679
63.57742049
63.6658242
63.75422791
63.84263162
63.93103532
64.01943903
64.11036856
64.19877227
64.28717597
64.37557968
64.46650921
64.55491291
64.64584244
64.73424615
64.82517568
64.91357938
65.00450891
65.09543844
65.18384215
65.27477167
65.3657012
65.45663073
65.54756026
65.63848978
65.72941931
65.82034884
65.91127837
66.0022079
66.09566324
66.18659277
66.2775223
66.37097765
66.46190717
66.55536252
66.64629205
66.7397474
66.83067692
66.92413227
67.01758762
67.11104297
67.20449831
67.29795366
67.38888319
67.48486436
67.57831971
67.67177505
67.7652304
67.85868575
67.9521411
68.04812226
68.14157761
68.23503296
68.33101413
68.42446948
68.52045064
68.61643181
68.70988716
68.80586833
68.9018495
68.99783066
69.09381183
69.189793
69.28577417
69.38175534
69.4777365
69.57371767
69.66969884
69.76568001
69.864187
69.96016816
70.05867515
70.15465632
70.25316331
70.34914448
70.44765146
70.54615845
70.64213962
70.74064661
70.8391536
70.93766058
71.03616757
71.13467456
71.23318155
71.33168854
71.43019553
71.52870251
71.62973532
71.72824231
71.8267493
71.92778211
72.02628909
72.1273219
72.22835471
72.3268617
72.42789451
72.52892732
72.62996012
72.73099293
72.82949992
72.93053273
73.03409136
73.13512417
73.23615698
73.33718978
73.43822259
73.54178122
73.64281403
73.74637266
73.84740547
73.95096409
74.0519969
74.15555553
74.25911416
74.36014697
74.4637056
74.56726423
74.67082285
74.77438148
74.87794011
74.98149874
75.08505737
75.19114182
75.29470045
75.39825907
75.50434352
75.60790215
75.7139866
75.81754523
75.92362968
76.02971413
76.13579858
76.2393572
76.34544165
76.4515261
76.55761055
76.663695
76.76977945
76.8758639
76.98447417
77.09055861
77.19664306
77.30525333
77.41133778
77.51994805
77.6260325
77.73464277
77.84325304
77.94933749
78.05794776
78.16655802
78.27516829
78.38377856
78.49238883
78.6009991
78.70960937
78.82074546
78.92935573
79.037966
79.14910209
79.25771235
79.36884844
79.47745871
79.5885948
79.69973089
79.80834116
79.91947725
80.03061334
80.14174943
80.25288552
80.36402161
80.4751577
80.58881961
80.69995569
80.81109178
80.92475369
81.03588978
81.14702587
81.26068778
81.37434969
81.48548578
81.59914769
81.7128096
81.82647151
81.94013342
82.05379533
82.16745724
82.28111915
82.39478105
82.50844296
82.62463069
82.7382926
82.85448033
82.96814224
83.08432997
83.19799188
83.31417961
83.43036734
83.54655507
83.66021698
83.77640471
83.89259244
84.01130599
84.12749372
84.24368145
84.35986918
84.47605691
84.59477046
84.71095819
84.82967174
84.94585947
85.06457302
85.18328657
85.30200012
85.42071367
85.5369014
85.65561495
85.7743285
85.89556787
86.01428142
86.13299496
86.25170851
86.37294788
86.49166143
86.6129008
86.73161435
86.85285372
86.97409309
87.09280664
87.21404601
87.33528538
87.45652475
87.57776412
87.69900349
87.82024286
87.94400806
88.06524743
88.1864868
88.31025199
88.43149136
88.55525655
88.67649592
88.80026111
88.9240263
89.04779149
89.17155668
89.29532187
89.41908706
89.54285225
89.66661744
89.79038263
89.91667364
90.04043883
90.16420402
90.29049503
90.41678604
90.54055123
90.66684224
90.79313325
90.91942426
91.04571527
91.17200628
91.29829729
91.4245883
91.55087931
91.67717032
91.80598716
91.93227817
92.061095
92.18738601
92.31620284
92.44249385
92.57131068
92.70012751
92.82894434
92.95776117
93.086578
93.21539483
93.34421166
93.47555431
93.60437114
93.73318798
93.86453063
93.99334746
94.12469011
94.25603276
94.38737541
94.51619224
94.64753489
94.77887754
94.91022019
95.04408866
95.17543132
95.30677397
95.43811662
95.57198509
95.70332774
95.83719621
95.96853886
96.10240733
96.2362758
96.37014427
96.50401275
96.63788122
96.77174969
96.90561816
97.03948663
97.17588092
97.30974939
97.44361786
97.58001215
97.71388063
97.85027492
97.98666921
98.1230635
98.25945779
98.39585208
98.53224637
98.66864066
98.80503496
98.94142925
99.08034936
99.21674365
99.35566376
99.49205805
99.63097816
99.76737246
99.90629257
100.0452127
100.1841328
100.3230529
100.461973
100.6008931
100.7423391
100.8812592
101.0201793
101.1616252
101.3005453
101.4419913
101.5834372
101.7248831
101.8638032
102.0052492
102.1466951
102.2906668
102.4321128
102.5735587
102.7150046
102.8589764
103.0004223
103.1443941
103.2883658
103.4298118
103.5737835
103.7177553
103.861727
104.0056988
104.1496705
104.2936423
104.4401398
104.5841116
104.7280833
104.8745809
105.0210785
105.1650502
105.3115478
105.4580454
105.604543
105.7510405
105.8975381
106.0440357
106.1905332
106.3395566
106.4860542
106.6350776
106.7815752
106.9305986
107.0770961
107.2261195
107.3751429
107.5241663
107.6731897
107.8222131
107.9737623
108.1227857
108.2718091
108.4233583
108.5723817
108.7239309
108.8754801
109.0245035
109.1760527
109.3276019
109.4791512
109.6332262
109.7847754
109.9363246
110.0878738
110.2419489
110.3934981
110.5475731
110.7016481
110.8557232
111.0072724
111.1613474
111.3179483
111.4720233
111.6260983
111.7801734
111.9367742
112.0908493
112.2474501
112.4015251
112.558126
112.7147268
112.8713277
113.0279286
113.1845294
113.3411303
113.4977311
113.6568578
113.8134586
113.9725853
114.1291862
114.2883128
114.4474395
114.6065662
114.763167
114.9248195
115.0839462
115.2430729
115.4021996
115.563852
115.7229787
115.8846312
116.0437579
116.2054104
116.3670629
116.5287154
116.6903679
116.8520204
117.0136728
117.1753253
117.3395037
117.5011561
117.6653345
117.826987
117.9911653
118.1553436
118.3195219
118.4837002
118.6478785
118.8120568
118.9762351
119.1429393
119.3071176
119.4738217
119.638
119.8047042
119.9714083
120.1381124
120.3048166
120.4715207
120.6382248
120.804929
120.9716331
121.1408631
121.3075672
121.4767972
121.6460271
121.8152571
121.9819612
122.1511912
122.3229469
122.4921769
122.6614068
122.8306368
123.0023926
123.1716225
123.3433783
123.5151341
123.6868898
123.8586456
124.0304014
124.2021572
124.3739129
124.5456687
124.7199503
124.8917061
125.0659877
125.2402693
125.412025
125.5863066
125.7605882
125.9348698
126.1091514
126.2859588
126.4602404
126.6370478
126.8113294
126.9881369
127.1649443
127.3392259
127.5160333
127.6928407
127.8721739
128.0489813
128.2257888
128.405122
128.5819294
128.7612626
128.9380701
129.1174033
129.2967365
129.4760698
129.655403
129.8347362
130.0165953
130.1959285
130.3777876
130.5571208
130.7389799
130.9208389
131.102698
131.284557
131.4664161
131.6482751
131.8301342
132.0145191
132.1963781
132.380763
132.5651479
132.7495328
132.9313918
133.1157767
133.3026874
133.4870723
133.6714571
133.8583678
134.0427527
134.2296634
134.4140483
134.600959
134.7878697
134.9747804
135.1616911
135.3511276
135.5380383
135.724949
135.9143855
136.103822
136.2907327
136.4801692
136.6696057
136.8590422
137.0484787
137.2404411
137.4298776
137.6218399
137.8112765
138.0032388
138.1952011
138.3871635
138.5791258
138.7710881
138.9630505
139.1550128
139.349501
139.5414633
139.7359515
139.9304396
140.1224019
140.3168901
140.5139041
140.7083922
140.9028804
141.0973685
141.2943825
141.4913965
141.6858847
141.8828986
142.0799126
142.2769266
142.4739406
142.6709545
142.8704943
143.0675083
143.2670481
143.4665879
143.6636019
143.8631417
144.0626815
144.2622213
144.4642869
144.6638267
144.8633665
145.0654321
145.2674977
145.4695633
145.6691031
145.8711687
146.0757602
146.2778258
146.4798914
146.6844828
146.8865485
147.0911399
147.2957313
147.5003228
147.7049142
147.9095056
148.1140971
148.3186885
148.5258058
148.7303972
148.9375145
149.1446317
149.351749
149.5588662
149.7659835
149.9731008
150.1827438
150.3898611
150.5995042
150.8066214
151.0162645
151.2259076
151.4355507
151.6451937
151.8573626
152.0670057
152.2791746
152.4888177
152.7009866
152.9131555
153.1253244
153.3374933
153.5496622
153.7643569
153.9765258
154.1912205
154.4033894
154.6180841
154.8327788
155.0474736
155.2621683
155.4793888
155.6940835
155.9113041
156.1259988
156.3432193
156.5604399
156.7776604
156.9948809
157.2121015
157.429322
157.6490684
157.8688147
158.0860353
158.3057816
158.525528
158.7452743
158.9650207
159.1872929
159.4070392
159.6293114
159.8490578
160.07133
160.2936021
160.5158743
160.7381465
160.9629445
161.1852167
161.4100147
161.6322868
161.8570848
162.0818828
162.3066808
162.5314788
162.7562768
162.9836007
163.2083987
163.4357225
163.6630463
163.8903701
164.1176939
164.3450178
164.5723416
164.7996654
165.029515
165.2593647
165.4866885
165.7165381
165.9463878
166.1762374
166.4086129
166.6384625
166.870838
167.1006876
167.3330631
167.5654385
167.797814
168.0301894
168.2625649
168.4974662
168.7298416
168.9647429
169.1996442
169.4345455
169.6694468
169.904348
170.1392493
170.3766764
170.6141035
170.8490048
171.0864319
171.323859
171.5612861
171.7987132
172.0386661
172.2760932
172.5160461
172.7559991
172.995952
173.2359049
173.4758578
173.7158107
173.9557637
174.1982424
174.4407211
174.6806741
174.9231528
175.1656315
175.4106361
175.6531148
175.8981194
176.1405981
176.3856027
176.6306073
176.8756118
177.1206164
177.3656209
177.6131513
177.8581559
178.1056863
178.3532166
178.600747
178.8482774
179.0958078
179.3433382
179.5933944
179.8434506
180.0909809
180.3410371
180.5910933
180.8436754
181.0937316
181.3437878
181.5963698
181.8489518
182.1015338
182.3541158
182.6066979
182.8592799
183.1143877
183.3669698
183.6220776
183.8771854
184.1322933
184.3874011
184.642509
184.9001426
185.1552505
185.4128841
185.6705178
185.9281514
186.1857851
186.4434188
186.7010524
186.9612119
187.2213714
187.4815309
187.7391645
188.0018498
188.2620093
188.5221688
188.7848541
189.0475394
189.3076989
189.5703842
189.8330695
190.0982806
190.3609659
190.626177
190.8888623
191.1540735
191.4192846
191.6844957
191.9522326
192.2174438
192.4851807
192.7503918
193.0181288
193.2858657
193.5561285
193.8238654
194.0916024
194.3618651
194.6321279
194.9023906
195.1726534
195.4429162
195.7131789
195.9859675
196.2562303
196.5290189
196.8018074
197.074596
197.3473846
197.622699
197.8954876
198.170802
198.4461164
198.7214308
198.9967452
199.2720596
199.5498998
199.8252142
200.1030545
200.3808947
200.6587349
200.9365751
201.2169412
201.4947814
201.7751474
202.0555135
202.3358795
202.6162456
202.8966116
203.1795035
203.4598695
203.7427614
204.0256532
204.3085451
204.591437
204.8768547
205.1597465
205.4451642
205.7305819
206.0159996
206.3014173
206.5868349
206.8747784
207.1601961
207.4481396
207.7360831
208.0240266
208.3119701
208.6024395
208.890383
209.1808523
209.4713216
209.7617909
210.0522603
210.3452554
210.6357247
210.9287199
211.221715
211.5147102
211.8077053
212.1007005
212.3962214
212.6917424
212.9847375
213.2802585
213.5783053
213.8738262
214.1693472
214.467394
214.7654408
215.0634876
215.3615343
215.6595811
215.9601537
216.2582005
216.5587731
216.8593457
217.1599183
217.4604909
217.7635894
218.064162
218.3672604
218.6703588
218.9734572
219.2790815
219.5821799
219.8878042
220.1909026
220.4965268
220.8021511
221.1103011
221.4159254
221.7240755
222.0322255
222.3403756
222.6485256
222.9566757
223.2648258
223.5755017
223.8861776
224.1968534
224.5075293
224.8182052
225.1314069
225.4420828
225.7552845
226.0684862
226.3816879
226.6974154
227.0106172
227.3263447
227.6420722
227.9577997
228.2735273
228.5917806
228.9075081
229.2257615
229.5440148
229.8622682
230.1805215
230.5013007
230.819554
231.1403332
231.4611124
231.7818915
232.1026707
232.4259757
232.7467548
233.0700598
233.3933648
233.7191956
234.0425006
234.3658056
234.6916364
235.0174672
235.343298
235.6691288
235.9974855
236.3258421
236.6516729
236.9800295
237.310912
237.6392686
237.9676252
238.2985077
238.6293901
238.9602726
239.291155
239.6245633
239.9554457
240.288854
240.6222623
240.9556705
241.2916046
241.6250129
241.960947
242.2968811
242.6328151
242.9687492
243.3072091
243.6431432
243.9816031
244.320063
244.658523
244.9995087
245.3379686
245.6789543
246.01994
246.3609258
246.7044373
247.0454231
247.3889346
247.7324462
248.0759577
248.4194692
248.7629808
249.1090182
249.4550555
249.8010929
250.1471303
250.4931676
250.8417308
251.190294
251.5388572
251.8874204
252.2359836
252.5870726
252.9381616
253.2892506
253.6403396
253.9914286
254.3450435
254.6961325
255.0497473
255.4033621
255.7595028
256.1131176
256.4692583
256.8253989
257.1815396
257.5376802
257.8938209
258.2524873
258.6111538
258.9698203
259.3284867
259.689679
260.0483455
260.4095378
260.7707301
261.1319224
261.4956405
261.8568328
262.2205509
262.584269
262.9505129
263.314231
263.680475
264.0441931
264.410437
264.7792067
265.1454507
265.5142204
265.8829902
266.2517599
266.6205297
266.9892994
267.360595
267.7318906
268.1031861
268.4744817
268.8483031
269.2195987
269.5934201
269.9672415
270.3435887
270.7174101
271.0937573
271.4701045
271.8464517
272.2227989
272.6016719
272.9780191
273.3568922
273.738291
274.1171641
274.4960371
274.8774359
275.2588348
275.6402336
276.0241583
276.4055572
276.7894818
277.1734065
277.559857
277.9437817
278.3302322
278.7166827
279.1031332
279.4895836
279.8760341
280.2650104
280.6539868
281.0429631
281.4344652
281.8234415
282.2149437
282.6064458
282.9979479
283.3919759
283.783478
284.177506
284.5715339
284.9680877
285.3621156
285.7586694
286.1552232
286.551777
286.9483307
287.3474103
287.7464899
288.1455695
288.5446491
288.9462545
289.3453341
289.7469395
290.1510707
290.5526762
290.9568074
291.3584128
291.762544
292.1692011
292.5733323
292.9799894
293.3866464
293.7933035
294.1999605
294.6091434
295.0183263
295.4275092
295.836692
296.2484007
296.6575836
297.0692923
297.481001
297.8952355
298.3069442
298.7211787
299.1354132
299.5521736
299.9664081
300.3831684
300.7999288
301.2166891
301.6359752
302.0527356
302.4720217
302.8913079
303.3131199
303.732406
304.154218
304.57603
305.0003678
305.4221797
305.8465175
306.2708553
306.6951931
307.1220567
307.5463945
307.9732581
308.4001218
308.8295112
309.2563748
309.6857642
310.1151537
310.5470689
310.9764584
311.4083736
311.8402889
312.2722041
312.7066452
313.1410863
313.5755274
314.0099684
314.4444095
314.8813764
315.3183433
315.7553102
316.1948029
316.6317698
317.0712625
317.5107553
317.9527738
318.3947923
318.834285
319.2788294
319.7208479
320.1653923
320.6074108
321.054481
321.4990254
321.9435697
322.3906399
322.8377101
323.2873061
323.7343763
324.1839723
324.6335682
325.0831642
325.5352861
325.9874079
326.4395297
326.8916515
327.3462992
327.8009468
328.2555944
328.7102421
329.1674155
329.6220632
330.0792366
330.5389359
330.9961094
331.4558086
331.9155079
332.3752072
332.8374323
333.2996574
333.7618825
334.2241076
334.6888585
335.1536094
335.6183603
336.0831113
336.550388
337.0176647
337.4849415
337.9522182
338.4220208
338.8918233
339.3616259
339.8314284
340.3037568
340.7760852
341.2484136
341.720742
342.1955962
342.6704504
343.1453046
343.6226846
344.0975388
344.5749188
345.0548246
345.5322047
346.0121105
346.4920163
346.9719222
347.4543538
347.9367855
348.4192172
348.9016488
349.3866063
349.8715638
350.3565213
350.8440046
351.328962
351.8164453
352.3039286
352.7939378
353.2839469
353.773956
354.2639651
354.7565001
355.249035
355.7415699
356.2341049
356.7291657
357.2242264
357.7192872
358.2143479
358.7119345
359.2095211
359.7096335
360.2072201
360.7073325
361.2074449
361.7100831
362.2101955
362.7128337
363.2154719
363.720636
364.2258
364.7309641
365.2361281
365.743818
366.2515078
366.7591977
367.2668876
367.7771032
368.2873189
368.7975346
369.3102761
369.8230176
370.3357591
370.8485006
371.3637679
371.8790353
372.3943026
372.9120957
373.4298889
373.947682
374.4654752
374.9857941
375.5061131
376.0264321
376.5492768
377.0695958
377.5949664
378.1178112
378.6431818
379.1685524
379.693923
380.2192936
380.74719
381.2750864
381.8055087
382.3359309
382.8663532
383.3967754
383.9297235
384.4601457
384.9956196
385.5285677
386.0640416
386.5995154
387.1349893
387.672989
388.2109887
388.7489884
389.289514
389.8275137
390.370565
390.9110905
391.4541419
391.9971932
392.5402446
393.0858217
393.6313989
394.1769761
394.7225532
395.2706562
395.8187592
396.369388
396.917491
397.4681198
398.0212744
398.5719032
399.1250579
399.6782125
400.2338929
400.7895734
401.3452538
401.9009343
402.4591405
403.0173468
403.5780789
404.1362852
404.6970173
405.2602752
405.8210072
406.3842652
406.9475231
407.5133068
408.0790905
408.6448742
409.210658
409.7789675
410.3472771
410.9181124
411.486422
412.0572573
412.6306185
413.2014539
413.7748151
414.3507021
414.9240633
415.4999503
416.0758373
416.6542501
417.232663
417.8110758
418.3894886
418.9704273
419.5513659
420.1348304
420.7182948
421.3017593
421.8852238
422.4712141
423.0572044
423.6431946
424.2317108
424.8202269
425.408743
425.9997849
426.5908268
427.1818688
427.7754365
428.3690043
428.962572
429.5586656
430.1547591
430.7508527
431.3494721
431.9480915
432.5467109
433.1453303
433.7464755
434.3501465
434.9512917
435.5549628
436.1586338
436.7648306
437.3710275
437.9772243
438.585947
439.1921439
439.8033923
440.412115
441.0233635
441.634612
442.2483863
442.8621606
443.4759349
444.0922351
444.7085352
445.3248353
445.9436613
446.5624872
447.1813132
447.8026649
448.4214909
449.0453685
449.6667203
450.2905979
450.9170013
451.5408789
452.1672823
452.7962115
453.4251407
454.05407
454.6829992
455.3144542
455.9459093
456.5773644
457.2113452
457.8453261
458.4818328
459.1183395
459.7548462
460.3913529
461.0303854
461.6694179
462.3109762
462.9525346
463.5940929
464.238177
464.8822612
465.5263454
466.1729553
466.8195653
467.4661753
468.1153111
468.7644469
469.4161085
470.0677701
470.7194317
471.3710933
472.0252808
472.681994
473.3361814
473.9928947
474.6521338
475.308847
475.9680861
476.629851
477.2916159
477.9533808
478.6151457
479.2794364
479.9437271
480.6105436
481.2773602
481.9441767
482.6135191
483.2828614
483.9547296
484.6265978
485.298466
485.9703341
486.6447281
487.3216479
487.9960419
488.6729618
489.3524074
490.0293272
490.7112987
491.3907443
492.0727158
492.7546872
493.4391845
494.1236818
494.8107049
495.4952021
496.1822252
496.8717742
497.5613231
498.250872
498.9429467
499.6350215
500.3270962
501.0216968
501.7162973
502.4134237
503.1105501
503.8076765
504.5073287
505.2069808
505.9091589
506.6113369
507.3135149
508.0182187
508.7229226
509.4276264
510.1348561
510.8420857
511.5518412
512.2615967
512.9713522
513.6836335
514.3959148
515.1081961
515.8230032
516.5403361
517.2551432
517.975002
518.6923349
519.4121937
520.1320525
520.854437
521.5768216
522.301732
523.0241166
523.7515528
524.4764632
525.2064253
525.9338615
526.6638235
527.3937856
528.1262734
528.8587613
529.5912492
530.3262628
531.0638023
531.798816
532.5363555
533.2764208
534.0164862
534.7565515
535.4991426
536.2417338
536.9868507
537.7319677
538.4770846
539.2247274
539.9723702
540.7225388
541.4727074
542.222876
542.9755704
543.7282649
544.4834851
545.2387053
545.9939256
546.7516717
547.5119435
548.2696896
549.0299615
549.7927592
550.5555569
551.3183546
552.0836781
552.8490016
553.616851
554.3847003
555.1550755
555.9254507
556.6958258
557.4687268
558.2416278
559.0170546
559.7924814
560.5679082
561.3458608
562.1238134
562.9042919
563.6847703
564.4677746
565.2507789
566.036309
566.821839
567.6073691
568.395425
569.1834809
569.9715368
570.7646444
571.5552261
572.3483337
573.1414412
573.9370746
574.7327079
575.5308671
576.3290263
577.1297113
577.9303963
578.7310813
579.5342922
580.3400288
581.1432396
581.9515021
582.7572387
583.5655012
584.3762895
585.1870778
585.9978661
586.8111802
587.6244943
588.4403342
589.2561741
590.0745399
590.8929056
591.7137972
592.5346888
593.3555803
594.1789977
595.0049409
595.8283583
596.6568274
597.4827706
598.3137654
599.1422344
599.9732293
600.80675
601.6402706
602.4737913
603.3098378
604.1484101
604.9869824
605.8255547
606.6666528
607.507751
608.3513749
609.1949989
610.0386228
610.8847726
611.7334482
612.5821238
613.4307994
614.2820008
615.135728
615.9894552
616.8431825
617.6994355
618.5556886
619.4144674
620.2732463
621.134551
621.9958557
622.8596862
623.7235167
624.5873472
625.4562294
626.3225857
627.1914679
628.0628758
628.9342838
629.8056918
630.6796256
631.5535594
632.430019
633.3090044
634.1879898
635.0669753
635.9484865
636.8299978
637.7140349
638.5980719
639.4846348
640.3711977
641.2602864
642.1493751
643.0409897
643.9326042
644.8267446
645.7208849
646.6175511
647.5142173
648.4134093
649.3126013
650.2117933
651.1135111
652.0177547
652.9219983
653.8287678
654.7355373
655.6448325
656.5541278
657.4634231
658.37777
659.2895911
660.203938
661.1208107
662.0376835
662.957082
663.8764806
664.798405
665.7203293
666.6422537
667.5692297
668.4936799
669.420656
670.3501578
671.2796596
672.2116873
673.1437149
674.0782684
675.0128219
675.9499012
676.8869805
677.8265856
678.7687165
679.7083217
680.6529784
681.5976352
682.5422919
683.4894745
684.4366571
685.3863655
686.3385997
687.2908339
688.2430682
689.1978282
690.1551141
691.1123999
692.0722116
693.0320233
693.9918349
694.9566983
695.9190358
696.8864249
697.8512882
698.8212032
699.7911181
700.7610331
701.7334739
702.7059147
703.6808813
704.6583737
705.6358661
706.6133585
707.5959026
708.5759208
709.5584649
710.5435348
711.5311305
712.5162004
713.5063219
714.4964434
715.4865649
716.4792123
717.4743854
718.4695586
719.4647318
720.4649566
721.4626555
722.4654062
723.465631
724.4709074
725.4761839
726.4814603
727.4892626
728.4995907
729.5099187
730.5227726
731.5356265
732.5510063
733.566386
734.5842915
735.6047229
736.6251543
737.6455856
738.6710686
739.6940258
740.7220346
741.7475176
742.7780523
743.8085869
744.8391216
745.8747079
746.9077683
747.9433546
748.9814667
750.0221047
751.0627426
752.1033805
753.1465443
754.1922338
755.2379234
756.2861388
757.33688
758.3876212
759.4383624
760.4916294
761.5474223
762.6032151
763.6615338
764.7223783
765.7832228
766.8440673
767.9099634
768.9733337
770.0417556
771.1101776
772.1785995
773.2495473
774.3230209
775.3964945
776.4724939
777.5510191
778.6295443
779.7105954
780.7916464
781.8752233
782.9588002
784.0449029
785.1335314
786.2221599
787.3133142
788.4069944
789.5006745
790.5943547
791.6930865
792.7892924
793.8905501
794.9918077
796.0955911
797.1993745
798.3056838
799.411993
800.5208281
801.632189
802.7460757
803.8574366
804.9738491
806.0902617
807.2092
808.3281384
809.4496025
810.5735925
811.6975825
812.8240983
813.9506142
815.0821816
816.2112232
817.3453165
818.4794098
819.6135031
820.7501222
821.8892671
823.0309378
824.1726085
825.3142793
826.4610017
827.607724
828.7544464
829.9062204
831.0554686
832.2097685
833.3640683
834.5208939
835.6777196
836.8370711
837.9989484
839.1608257
840.3252288
841.4921577
842.6590867
843.8285414
844.9979962
846.1699768
847.3444831
848.5215154
849.6985476
850.8755798
852.0576637
853.2397475
854.4218314
855.6089669
856.7961024
857.9832379
859.175425
860.3676121
861.5597993
862.7545122
863.951751
865.1515156
866.3512802
867.5535706
868.7558611
869.9632031
871.1705452
872.3778872
873.5877551
874.8001488
876.0150683
877.2299879
878.4474332
879.6648786
880.8848497
882.1073467
883.3323695
884.5573923
885.7849409
887.0124895
888.2450898
889.4751642
890.7102903
891.9454164
893.1830683
894.423246
895.6634238
896.9061273
898.1513567
899.396586
900.6443412
901.8946222
903.1449032
904.39771
905.6530427
906.9109012
908.1687596
909.4266181
910.6895282
911.9524383
913.2178742
914.485836
915.7537977
917.0242853
918.2972987
919.570312
920.8458512
922.1239163
923.4045071
924.685098
925.9682146
927.2513313
928.5394996
929.8276679
931.1158362
932.4090562
933.7022761
934.9980219
936.2962935
937.5945651
938.8953625
940.1986857
941.5020089
942.807858
944.1162328
945.4271335
946.7380342
948.0514607
949.3674131
950.6833654
952.0018435
953.3228475
954.6463773
955.9699071
957.2959627
958.6245441
959.9556514
961.2867586
962.6203917
963.9565506
965.2927095
966.63392
967.9726047
969.3163411
970.6626032
972.0088654
973.3576534
974.7064414
976.060281
977.4141207
978.7704861
980.1268516
981.4882687
982.8496857
984.2136287
985.5775716
986.9465661
988.3155607
989.6870811
991.0586014
992.4351734
993.8117455
995.1908433
996.5699411
997.9540906
999.3382401
1000.724915
1002.111591
1003.503318
1004.895045
1006.289297
1007.686076
1009.082854
1010.484685
1011.886515
1013.288345
1014.695227
1016.102109
1017.514042
1018.92345
1020.337909
1021.754894
1023.17188
1024.591391
1026.013427
1027.435464
1028.862553
1030.289641
1031.719255
1033.148869
1034.583535
1036.018201
1037.455393
1038.89511
1040.337354
1041.779597
1043.224366
1044.671661
1046.121482
1047.573829
1049.026175
1050.481048
1051.938446
1053.39837
1054.86082
1056.32327
1057.790771
1059.258273
1060.725774
1062.198328
1063.670881
1065.148486
1066.62609
1068.106221
1069.586352
1071.071534
1072.556716
1074.044424
1075.534658
1077.027418
1078.522704
1080.017989
1081.515801
1083.016138
1084.519001
1086.02439
1087.532304
1089.040219
1090.550659
1092.063626
1093.579118
1095.097136
1096.615154
1098.135698
1099.661293
1101.186888
1102.71501
1104.243131
1105.776304
1107.309477
1108.845175
1110.385926
1111.92415
1113.467426
1115.013228
1116.55903
1118.109884
1119.660737
1121.214117
1122.770022
1124.325927
1125.886884
1127.447841
1129.01385
1130.579858
1132.148393
1133.719453
1135.290513
1136.866625
1138.442736
1140.0239
1141.605063
1143.188753
1144.774968
1146.363709
1147.95245
1149.546242
1151.140035
1152.738879
1154.337723
1155.939093
1157.542989
1159.149411
1160.755832
1162.367306
1163.978779
1165.595304
1167.211829
1168.830879
1170.452456
1172.076558
1173.703187
1175.332341
1176.961495
1178.5957
1180.229906
1181.866638
1183.508421
1185.150204
1186.794513
1188.441348
1190.088182
1191.740069
1193.394481
1195.048893
1196.708357
1198.367821
1200.029811
1201.694326
1203.361368
1205.030935
1206.703028
1208.377646
1210.054791
1211.731936
1213.414132
1215.098854
1216.783576
1218.470824
1220.163124
1221.855423
1223.550248
1225.2476
1226.947477
1228.649879
1230.354808
1232.062263
1233.769717
1235.482223
1237.197255
1238.912287
1240.632371
1242.352454
1244.077589
1245.802724
1247.530386
1249.263098
1250.995811
1252.731049
1254.468814
1256.209104
1257.95192
1259.697261
1261.445129
1263.195522
1264.948442
1266.703887
1268.459332
1270.219828
1271.982851
1273.748399
1275.513948
1277.284548
1279.055148
1280.830799
1282.608977
1284.387154
1286.170383
1287.953612
1289.739367
1291.530174
1293.32098
1295.116838
1296.912696
1298.713606
1300.514516
1302.317952
1304.126439
1305.934926
1307.745939
1309.562004
1311.378069
1313.196659
1315.020302
1316.843944
1318.670112
1320.498806
1322.332551
1324.166296
1326.002568
1327.843891
1329.685214
1331.531588
1333.377963
1335.226863
1337.080815
1338.934767
1340.793771
1342.652775
1344.51683
1346.380885
1348.249992
1350.119099
1351.993258
1353.869942
1355.746627
1357.628363
1359.512624
1361.396886
1363.2862
1365.178039
1367.072404
1368.969295
1370.868712
1372.770655
1374.675123
1376.582117
1378.491638
1380.403683
1382.318255
1384.237879
1386.157502
1388.079651
1390.006852
1391.934053
1393.866305
1395.801083
1397.735862
1399.675692
1401.618047
1403.562929
1405.510336
1407.46027
1409.412729
1411.367713
1413.325224
1415.287786
1417.250349
1419.215437
1421.185577
1423.158242
1425.130908
1427.108625
1429.088868
1431.071637
1433.056932
1435.044752
1437.035098
1439.030496
1441.025894
1443.026344
1445.026794
1447.032295
1449.040322
1451.050875
1453.063953
1455.079558
1457.097688
1459.12087
1461.144052
1463.172286
1465.20052
1467.233805
1469.269616
1471.307953
1473.348816
1475.39473
1477.440644
1479.49161
1481.542576
1483.598594
1485.657137
1487.718207
1489.781802
1491.850449
1493.919095
1495.992794
1498.066492
1500.145242
1502.226518
1504.31032
1506.399173
1508.488026
1510.581931
1512.675836
1514.774793
1516.876275
1518.980283
1521.089343
1523.198403
1525.312515
1527.429152
1529.548315
1531.670004
1533.794219
1535.923485
1538.052752
1540.18707
1542.323914
1544.463284
1546.607705
1548.752126
1550.901599
1553.053598
1555.208123
1557.365173
1559.527275
1561.689377
1563.856531
1566.026211
1568.198416
1570.375673
1572.55293
1574.735239
1576.920073
1579.107434
1581.299845
1583.492257
1585.689721
1587.88971
1590.092226
1592.299792
1594.507359
1596.719978
1598.935122
1601.152792
1603.375514
1605.600762
1607.828535
1610.058834
1612.291659
1614.529536
1616.767413
1619.012867
1621.258321
1623.506301
1625.759333
1628.01489
1630.272973
1632.536108
1634.801769
1637.069956
1639.340668
1641.613906
1643.892196
1646.173012
1648.456353
1650.744746
1653.033139
1655.326584
1657.625081
1659.923577
1662.227125
1664.533199
1666.841798
1669.15545
1671.471627
1673.79033
1676.111559
1678.437839
1680.766645
1683.097977
1685.431835
1687.770745
1690.11218
1692.458667
1694.805154
1697.156693
1699.510757
1701.869873
1704.231515
1706.595683
1708.962376
1711.334121
1713.708392
1716.085189
1718.467038
1720.851412
1723.238312
1725.630264
1728.022216
1730.421745
1732.821274
1735.225855
1737.632962
1740.04512
1742.457278
1744.874488
1747.29675
1749.721537
1752.14885
1754.578689
1757.01358
1759.450996
1761.890939
1764.335933
1766.783453
1769.236024
1771.691121
1774.148744
1776.608893
1779.074094
1781.54182
1784.014598
1786.489902
1788.967731
1791.450613
1793.93602
1796.423953
1798.916937
1801.412448
1803.91301
1806.413572
1808.921711
1811.429851
1813.943042
1816.461284
1818.979527
1821.505347
1824.031168
1826.562039
1829.095437
1831.633886
1834.174862
1836.720888
1839.266915
1841.820519
1844.374124
1846.932779
1849.496487
1852.06272
1854.631479
1857.20529
1859.781627
1862.363015
1864.946929
1867.533369
1870.124861
1872.718878
1875.317947
1877.919542
1880.523662
1883.132835
1885.747059
1888.361283
1890.983084
1893.604885
1896.231738
1898.863643
1901.498073
1904.13503
1906.777038
1909.424097
1912.073683
1914.725794
1917.382957
1920.042645
1922.70486
1925.374652
1928.044444
1930.719287
1933.399183
1936.081604
1938.766551
1941.456549
1944.149073
1946.846649
1949.549277
1952.254431
1954.96211
1957.674841
1960.390097
1963.110406
1965.83324
1968.561126
1971.291537
1974.027001
1976.76499
1979.508031
1982.253597
1985.004215
1987.759885
1990.515555
1993.278802
1996.044575
1998.812874
2001.586225
2004.362101
2007.143029
2009.929009
2012.717515
2015.511072
2018.307155
2021.105764
2023.909424
2026.718136
2029.529374
2032.345664
2035.164479
2037.988346
2040.817265
2043.648709
2046.482679
2049.321701
2052.165775
2055.012374
2057.864025
2060.718202
2063.57743
2066.441711
2069.308516
2072.180374
2075.054757
2077.934193
2080.816153
2083.703166
2086.592704
2089.48982
2092.386936
2095.291629
2098.198848
2101.108593
2104.023389
2106.943238
2109.865612
2112.793037
2115.725514
2118.660518
2121.598046
2124.543153
2127.490785
2130.440943
2133.398678
2136.356414
2139.321727
2142.289566
2145.262456
2148.237872
2151.21834
2154.20386
2157.191905
2160.185002
2163.180625
2166.183825
2169.189551
2172.197803
2175.211106
2178.229461
2181.250342
2184.278801
2187.307259
2190.343295
2193.381857
2196.42547
2199.471609
2202.5228
2205.579043
2208.640337
2211.704157
2214.773028
2217.844426
2220.920875
2224.002375
2227.088928
2230.178006
2233.272135
2236.371317
2239.473024
2242.582309
2245.691593
2248.808456
2251.927843
2255.052283
2258.181774
2261.313791
2264.45086
2267.59298
2270.740152
2273.88985
2277.0446
2280.204401
2283.366728
2286.534106
2289.706536
2292.884018
2296.064026
2299.251611
2302.441722
2305.634359
2308.834573
2312.037313
2315.245104
2318.457948
2321.673317
2324.893738
2328.11921
2331.349734
2334.58531
2337.823411
2341.066564
2344.314769
2347.568026
2350.823808
2354.087168
2357.353053
2360.62399
2363.897453
2367.178494
2370.46206
2373.750678
2377.044348
2380.340543
2383.644316
2386.950614
2390.261965
2393.578367
2396.89982
2400.226325
2403.555356
2406.889439
2410.228573
2413.572759
2416.921997
2420.276286
2423.633101
2426.994968
2430.361886
2433.733856
2437.110878
2440.492951
2443.87755
2447.269727
2450.664429
2454.064183
2457.468989
2460.878846
2464.293755
2467.71119
2471.136202
2474.56374
2477.99633
2481.433971
2484.876664
2488.324409
2491.777205
2495.235053
2498.695426
2502.163377
2505.633854
2509.111909
2512.592489
2516.078121
2519.568805
2523.06454
2526.565326
2530.071165
2533.579529
2537.095471
2540.616464
2544.139984
2547.67108
2551.204703
2554.743377
2558.289628
2561.838406
2565.392235
2568.951115
2572.515048
2576.084032
2579.658067
2583.237155
2586.821293
2590.410484
2594.004726
2597.60402
2601.208365
2604.815237
2608.429685
2612.049186
2615.673738
2619.300815
2622.935471
2626.575178
2630.219936
2633.867221
2637.522082
2641.181996
2644.846961
2648.514452
