502.4552903
355.3738863
290.230677
251.407046
224.9188982
205.3708612
190.1817821
177.9411535
167.804491
159.23123
151.8571684
139.7547787
130.1665253
122.328309
115.7659972
107.6603662
101.0662895
95.56661428
89.47911967
83.31238529
78.28865871
73.33607698
68.62352025
64.74008
60.62572452
56.89315667
53.24481337
50.02409124
46.9839395
44.16791388
41.59036446
39.04715942
36.79726364
34.66783782
32.69554692
30.85021186
29.12029214
27.5608605
26.09412556
24.74693008
23.51387981
22.39073239
21.36376374
20.42667292
19.57675702
18.81262558
18.13293766
17.53018392
17.00579173
16.55568649
16.17528618
15.86579579
15.62481591
15.45048063
15.34282168
15.30116759
15.32520701
15.41508687
15.57104963
15.79443203
16.08551245
16.44626309
16.87831309
17.38356753
17.9644245
18.62395224
19.36443567
20.19005208
21.10412009
22.11104039
23.21512487
24.42198438
25.73657397
27.1650038
28.71361029
30.38971403
32.20071895
34.15456818
36.26055965
38.52817315
40.96747088
43.58977537
46.40695105
49.43216278
52.67933756
56.16342687
59.90084354
63.90906526
68.20734275
72.81601513
77.7575739
83.05610467
