0.009306412689
0.005812900775
0.00452256696
0.003819187702
0.003364812907
0.003041804407
0.002797629213
0.002604984424
0.002448140519
0.002317332152
0.002206142257
0.002026247992
0.001885973214
0.001772764996
0.001678999891
0.001564477406
0.00147239333
0.001396363159
0.001313065225
0.001229663525
0.001162509845
0.001097067327
0.001035570532
0.0009855241862
0.0009331984478
0.0008864250019
0.0008414336808
0.0008023934933
0.0007662046414
0.0007333343514
0.0007038683627
0.000675452612
0.0006509284242
0.0006283160096
0.0006079552699
0.0005894747518
0.0005727109561
0.0005581210417
0.0005449058659
0.0005332566748
0.0005230607921
0.0005142186577
0.0005065655345
0.000500008662
0.0004944889578
0.0004899602601
0.0004863793498
0.0004836796961
0.0004818467146
0.0004808471873
0.0004806660039
0.0004813044984
0.0004827673081
0.0004850808176
0.0004882676579
0.0004923622337
0.0004974238141
0.0005035037173
0.0005106656941
0.0005190124197
0.0005286020308
0.0005395531039
0.0005519691877
0.0005659622584
0.0005816575396
0.0005991970612
0.0006187007575
0.0006403368622
0.0006642487237
0.000690605507
0.0007195711404
0.0007513405046
0.0007860879562
0.0008240148416
0.0008653250686
0.0009102453777
0.0009590014332
0.001011830031
0.001069001404
0.001130787704
0.001197473788
0.001269375805
0.001346821541
0.001430171061
0.001519801649
0.001616114547
0.001719546424
0.001830557583
0.001949650473
0.002077349327
0.00221422789
0.002360891764
