2.223830497
4.216318084
6.100514351
7.813703152
9.326966974
10.6273614
11.71396377
12.59493126
13.28493295
13.80289983
14.17009197
14.53969532
14.55880312
14.36263883
14.04892813
13.49072886
12.74366525
12.23533064
11.50593625
10.89859847
10.38029327
9.76663762
9.184776646
8.698045743
8.193650833
7.698585349
7.259749427
6.848637545
6.457862001
6.103617383
5.776896044
5.470951842
5.188601996
4.932577833
4.700105479
4.487332408
4.300539366
4.137602474
3.986134388
3.840338483
3.704372112
3.572376394
3.446667673
3.325004454
3.211726878
3.104593473
2.992229282
2.878643517
2.768941358
2.666014131
2.576687838
2.502643667
2.44396726
2.39259696
2.348300212
2.305474363
2.272269182
2.236138752
2.199073097
2.170169126
2.15014791
2.136703263
2.135174203
2.143427229
2.155246363
2.177063285
2.204814491
2.232774574
2.260046626
2.2860925
2.316275983
2.348822451
2.404269625
2.488495512
2.615614564
2.791393026
3.027555555
3.334623607
3.699612691
4.10091958
4.52370808
4.94920356
5.368748822
5.795061531
6.271380808
6.894937119
7.661536774
8.527397276
9.322973085
9.881303087
10.21734655
10.46051509
10.93543834
