226.0483905
238.0385912
207.6551748
186.0445246
167.963155
154.6323536
143.8114157
135.0438968
128.1931725
121.8370528
116.6966745
107.871952
100.632479
94.75253999
89.88151206
83.81596481
77.19684433
73.27584922
67.82945055
63.490582
59.90615804
55.79261667
52.04505385
48.98118884
45.83436965
42.72141282
39.93993947
37.30792964
34.73248794
32.44473052
30.31235872
28.28198382
26.37862326
24.62890036
22.95538119
21.42442985
20.04933294
18.82030108
17.72311181
16.73894031
15.83154941
15.006658
14.2449493
13.51352616
12.83781247
12.24223532
11.68713813
11.19351992
10.78515272
10.42908968
10.1013226
9.796310143
9.512593656
9.261938866
9.041308117
8.828922263
8.643286579
8.522557024
8.442313946
8.408552154
8.444109734
8.521314857
8.561353934
8.564304043
8.566801581
8.541030738
8.487519337
8.465974779
8.514711009
8.696464649
9.091455277
9.603111431
10.22614942
10.96809979
11.665206
12.37269754
13.2532582
14.11503406
14.94013605
15.91427578
16.83441614
17.8834629
18.96328268
19.93755236
20.8643005
21.93122561
22.6206422
23.32197113
25.08948108
27.97587352
31.25502454
35.31048511
41.58944191
