170.8022087
151.081612
123.4908682
107.1731118
96.17514607
87.96353744
81.56226744
76.4222253
72.15397681
68.51315494
65.35523738
60.17080408
56.06249389
52.67685875
49.81329345
46.28492362
42.55929632
40.29029958
37.21479096
34.76698309
32.75424054
30.47654502
28.39293469
26.68626282
24.94043298
23.2545817
21.77113996
20.3779604
19.0427761
17.85065543
16.74607041
15.68565966
14.70719101
13.81687548
12.96205349
12.17257718
11.4450647
10.78596686
10.19136473
9.6494407
9.133286778
8.667262684
8.224759905
7.78197553
7.360685361
6.966584153
6.584971897
6.247370608
5.951821699
5.691950383
5.486751594
5.326312723
5.177017625
5.047465738
4.931656254
4.823736038
4.709752739
4.599557441
4.488237904
4.381454099
4.294588187
4.238290095
4.209831667
4.232372445
4.298863754
4.372594591
4.421020332
4.487232136
4.562324436
4.652106716
4.787951829
5.001633553
5.267627789
5.567250677
5.930972297
6.363347285
6.898493228
7.586584954
8.472553128
9.567832055
10.8952393
12.42407853
14.18686832
16.25026898
18.62021014
21.38063451
24.69196877
28.38500849
32.4891924
37.26760064
42.90064996
49.01484157
55.94105689
