0.005000017359
0.01000003472
0.01500005208
0.02000006944
0.0250000868
0.03000010416
0.03500012152
0.04000013888
0.04500015624
0.05000017359
0.05500019095
0.06500022567
0.07500026039
0.08500029511
0.09500032983
0.1100003819
0.125000434
0.1400004861
0.1600005555
0.1850006423
0.2100007291
0.2400008333
0.2750009548
0.3100010763
0.3550012325
0.4050014061
0.4650016144
0.5300018401
0.6050021005
0.6900023956
0.7850027254
0.9000031247
1.025003559
1.170004062
1.335004635
1.525005295
1.745006058
1.990006909
2.275007899
2.600009027
2.970010312
3.39001177
3.870013436
4.420015346
5.050017533
5.770020033
6.59002288
7.530026143
8.600029858
9.820034094
11.22003895
12.81504449
14.63505081
16.72005805
19.10006631
21.81507574
24.92008652
28.46509883
32.51011287
37.14012895
42.42014728
48.45516823
55.35019217
63.22521951
72.22025074
82.50028643
94.23532717
107.6453737
122.9604269
140.4554876
160.435557
183.2656363
209.3407268
239.1258302
273.1459483
312.0110833
356.4062374
407.1114134
465.0366146
531.2068443
606.7871067
693.1224064
791.7377488
904.3881399
1033.068587
1180.054097
1347.95468
1539.740346
1758.821106
2009.066975
2294.922968
2621.449101
