429.6768824
274.6348973
194.920168
157.6363013
134.9052705
118.2393328
105.8515939
96.77002856
89.81072617
84.13267581
79.509194
75.76174836
72.57759697
69.58886454
66.67701303
63.98039864
61.61730981
59.55588243
57.69274057
56.00715081
54.5095008
53.18321167
51.89820512
50.57418377
49.27686344
48.09862149
47.02487625
46.02441159
45.10319807
44.27533082
43.53127143
42.79684752
42.03113329
41.2687437
40.56133805
39.92412918
39.33093083
38.77773921
38.27539086
37.8320916
37.40471851
36.95059203
36.46916618
36.01165792
35.59719605
35.20453896
34.82795695
34.47622656
34.15680533
33.84984656
33.52016342
33.16821762
32.82404116
32.51048108
32.2227536
31.94662609
31.67848716
31.43141138
31.20354029
30.96944922
30.71287575
30.45604541
30.22204826
30.0109878
29.81013997
29.6167712
29.43603398
29.26240506
29.0796313
28.87613636
28.65978385
28.44855468
28.25489594
28.07166876
27.89268262
27.72467606
27.56620186
27.40436776
27.22606442
27.04093598
26.86577311
26.70540214
26.55469024
26.41241137
26.27984686
26.15575323
26.0304609
25.89155192
25.74264108
25.59552017
25.46003124
25.3344376
25.21266811
25.09762038
24.99216295
24.88945822
24.77674229
24.65195087
24.52401543
24.40575124
24.29565814
24.18972817
24.0899115
23.99972252
23.91430191
23.82400701
23.72236199
23.61578254
23.51516545
23.42408405
23.33626563
23.25288
23.17727564
23.10789852
23.03436446
22.95097279
22.86075483
22.77325615
22.69072574
22.61254103
22.53756781
22.46583027
22.3988986
22.33134564
22.25595206
22.17261541
22.08869893
22.00889814
21.93151558
21.8558483
21.78354124
21.71729631
21.6526732
21.58331373
21.50940043
21.43556465
21.36701919
21.30230073
21.23987955
21.18099254
21.12683145
21.07450494
21.0183211
20.95631356
20.89290268
20.8342931
20.77876933
20.724247
20.67220982
20.62507122
20.58028288
20.53332599
20.48090079
20.4271781
20.37618912
20.32931985
20.2831659
20.2372767
20.19358406
20.15303417
20.11073803
20.06239247
20.00910938
19.95740628
19.90922814
19.86209679
19.81535603
19.7708034
19.72881822
19.68600977
19.63942456
19.58939148
19.54008048
19.49418628
19.45126814
19.40932332
19.3689872
19.3312934
19.2938213
19.25339695
19.20905605
19.16444006
19.12216989
19.0820026
19.04338452
19.00609756
18.97114583
18.93683753
18.90012664
18.85924585
18.81717115
18.77735881
18.74056781
18.70473428
18.67029027
18.63927782
18.60979866
18.57760598
18.54158036
18.50371578
18.46754907
18.43403427
18.40197244
18.371387
18.34302737
18.31631063
18.28858843
18.25645761
18.22208325
18.18810092
18.15607648
18.12505498
18.09416582
18.06489193
18.03749096
18.00900445
17.9774331
17.94276724
17.90783907
17.87444155
17.8428122
17.81254376
17.78371834
17.75677332
17.73065899
17.70243524
17.67150659
17.6400268
17.6099054
17.58174153
17.55470618
17.52886739
17.50533095
17.48253103
17.4580154
17.43099225
17.40267964
17.37517477
17.34854304
17.32259972
17.29771365
17.27400493
17.25127275
17.2276185
17.20154997
17.17446679
17.14838739
17.12343986
17.09933574
17.07585992
17.05423916
17.03413524
17.01359474
16.99079709
16.966473
16.94264821
16.92028137
16.89859238
16.87722904
16.85636082
16.8367151
16.81737052
16.79605151
16.77228694
16.74857282
16.72600772
16.70406579
16.68232276
16.66067844
16.63987845
16.61948603
16.59773131
16.57406022
16.54997175
16.52713587
16.50575131
16.48519141
16.46518717
16.44617842
16.42814471
16.4092918
16.38845452
16.36675651
16.34637543
16.32702231
16.30821802
16.28995709
16.27284396
16.25651103
16.23932846
16.22045805
16.20076426
16.18186194
16.1641242
16.14708364
16.13060725
16.11500047
16.10025721
16.08488489
16.06750817
16.04863095
16.02995608
16.01225253
15.99502022
15.97829636
15.962474
15.9471074
15.93161432
15.91439905
15.89543777
15.87618281
15.85801447
15.84075795
15.82383424
15.80760587
15.79214765
15.77730966
15.76118924
15.74351181
15.72545853
15.70806454
15.69169467
15.67604373
15.660934
15.64693162
15.63351332
15.61923975
15.60336699
15.58645655
15.57026896
15.55488657
15.54006631
15.5256348
15.51214422
15.49942069
15.4861241
15.47147182
15.45595273
15.44057083
15.42594342
15.41172432
15.39792747
15.3851148
15.37311674
15.3609624
15.347811
15.33370448
15.31963232
15.30624531
15.2933556
15.28056724
15.26833211
15.25692338
15.24519777
15.23242196
15.21857278
15.20418799
15.19020983
15.17677535
15.16327385
15.15019921
15.13786474
15.12570029
15.11297955
15.09918025
15.08508938
15.07179313
15.05920941
15.04682235
15.034892
15.02363696
15.01288865
15.00168922
14.98960392
14.97679828
14.96434948
14.95243553
14.94095969
14.92960638
14.91862252
14.90799488
14.89700935
14.88498221
14.87226037
14.85971627
14.84779593
14.83637099
14.82532175
14.81484294
14.80482381
14.79467039
14.78382917
14.77228344
14.76068788
14.74983106
14.73945249
14.72938445
14.7197136
14.71070051
14.70150036
14.69141398
14.68044488
14.66922285
14.65847212
14.64825954
14.63816023
14.62833173
14.61889739
14.60949933
14.59928733
14.58787696
14.5759364
14.56437822
14.55336492
14.54276043
14.53252705
14.52287198
14.51366832
14.50409152
14.49365886
14.48260362
14.47190473
14.46177853
14.45210329
14.44270985
14.43380306
14.42539302
14.4169188
14.40745913
14.39734716
14.38727276
14.37773243
14.3686742
14.35990442
14.35156213
14.34366073
14.33583271
14.32727399
14.31797854
14.30845219
14.2993046
14.29055342
14.28197338
14.27376921
14.26595717
14.25824714
14.24995797
14.2408942
14.23151153
14.22232005
14.21329085
14.20439921
14.19569138
14.18746064
14.179235
14.17070179
14.16140149
14.15186691
14.14256156
14.13365113
14.12481656
14.11617979
14.10805456
14.10014899
14.09204697
14.08326549
14.07404539
14.0649699
14.05637051
14.04806062
14.03975275
14.03174489
14.02420479
14.01659885
14.00841571
13.99971518
13.99115467
13.9830343
13.97516987
13.96745146
13.95988447
13.95260658
13.94532857
13.93762045
13.92933817
13.92104748
13.91330449
13.90580498
13.89852486
13.89152863
13.88481856
13.8780753
13.87085011
13.86299839
13.85494562
13.8470735
13.83951926
13.83211392
13.82485024
13.8178521
13.81082501
13.80342207
13.79533981
13.78684114
13.7785906
13.77078603
13.76327994
13.75593244
13.7489171
13.74216602
13.73520734
13.72763854
13.71969795
13.71195547
13.70463083
13.69761036
13.69080847
13.68432239
13.67815288
13.67177776
13.66483456
13.65730132
13.64972544
13.64243195
13.63537128
13.62844163
13.62183573
13.61556074
13.60925339
13.60254262
13.59534162
13.58791278
13.58087462
13.5742244
13.56776779
13.56167906
13.5559873
13.55034569
13.54442236
13.53794694
13.53117906
13.52460086
13.51822006
13.51196121
13.50587989
13.50006868
13.49437805
13.48842625
13.48193208
13.47496385
13.46803234
13.46125301
13.45456249
13.44795799
13.44165316
13.43550069
13.42928535
13.42262842
13.41556566
13.40865033
13.4020476
13.39563928
13.38943871
13.38349694
13.37785434
13.37215115
13.36608578
13.35964092
13.35321556
13.34711057
13.34114998
13.33533372
13.32965882
13.324234
13.318866
13.31318601
13.30707965
13.30090436
13.29501622
13.28934756
13.28378373
13.27833783
13.27310992
13.26797359
13.26256574
13.25673731
13.25067446
13.24482189
13.2391918
13.23366661
13.22825472
13.22293579
13.21772324
13.21224225
13.20630835
13.20006986
13.19387793
13.18796281
13.18221766
13.17660136
13.17120346
13.16593299
13.16051405
13.1547409
13.14866364
13.14259592
13.13680163
13.1312173
13.12577964
13.12053816
13.11545859
13.11037718
13.10490586
13.099113
13.09328517
13.08768744
13.08229959
13.07708017
13.07208157
13.06735825
13.06261985
13.05747671
13.05197145
13.04637075
13.04091114
13.03567245
13.0305873
13.02571777
13.02110525
13.01670536
13.01206811
13.00706666
13.00177207
12.99663094
12.99172781
12.98691513
12.98222713
12.97768979
12.9732548
12.96860966
12.96355941
12.95818658
12.9528041
12.94757243
12.94241819
12.93737477
12.93248331
12.92781179
12.92303691
12.91799606
12.91268348
12.9073962
12.9023628
12.89741214
12.89263596
12.88809638
12.88374826
12.87940591
12.87474975
12.86984548
12.86486915
12.86000894
12.85529936
12.85063547
12.84609641
12.84171237
12.83732062
12.83272349
12.82775847
12.82273098
12.81788581
12.81315753
12.8085838
12.80411802
12.7998649
12.79570059
12.79145465
12.78691303
12.78219432
12.77761176
12.77325242
12.76898278
12.76479508
12.76074817
12.75679537
12.75272127
12.74831679
12.74373805
12.73918207
12.73475838
12.73036571
12.72602919
12.72175279
12.71756564
12.71325929
12.70869142
12.70383592
12.69897633
12.69425905
12.68975736
12.68539296
12.68114345
12.67704882
12.67292781
12.66859641
12.66403829
12.65949459
12.65508809
12.65083763
12.64673096
12.642784
12.63897755
12.63521725
12.63125023
12.62699735
12.62263888
12.6183599
12.61423886
12.61025436
12.60641367
12.60267277
12.59901715
12.59520229
12.59109908
12.58682746
12.58264557
12.5786335
12.57473372
12.57094502
12.56730144
12.56377169
12.56015335
12.55614939
12.55193833
12.54769795
12.54357363
12.53951622
12.53553194
12.53169898
12.52794596
12.5241886
12.52015977
12.51590548
12.51155342
12.50734567
12.50325208
12.49925293
12.49175612
12.48812415
12.48430283
12.4802326
12.47608541
12.47204104
12.46814709
12.46432552
12.46062046
12.45711378
12.45366408
12.45008648
12.44630181
12.44242631
12.43862078
12.43484201
12.43120428
12.42765167
12.42426229
12.42095118
12.41398056
12.41025231
12.4066114
12.40313242
12.3997231
12.39635112
12.39312502
12.38997097
12.38675348
12.38328712
12.37961996
12.37592956
12.37234328
12.36527008
12.36182273
12.35843982
12.35502089
12.35137921
12.34753496
12.34368725
12.33997107
12.33636616
12.33283423
12.32940483
12.32279208
12.31934346
12.31574316
12.31210957
12.30856868
12.30517444
12.3018311
12.29852367
12.29533951
12.28883594
12.28527253
12.28162264
12.27803963
12.27455218
12.27118069
12.26792409
12.26474507
12.25842675
12.25504015
12.25155034
12.24812487
12.24486779
12.2417055
12.23864034
12.23568511
12.22992373
12.22682038
12.22353978
12.22024903
12.2170499
12.21391869
12.20784263
12.20490294
12.20190429
12.19869174
12.19525645
12.19171559
12.1882578
12.18159112
12.17839617
12.17530921
12.17225536
12.16903126
12.16564122
12.15886632
12.1556523
12.15251064
12.14949956
12.14661626
12.14384566
12.13792363
12.13476661
12.13160471
12.12856078
12.12558004
12.11990349
12.11716235
12.1143755
12.1114243
12.10832095
12.10227646
12.09937082
12.09654382
12.09385088
12.09124903
12.08584855
12.0829445
12.0799907
12.07710047
12.07426005
12.06872454
12.06606421
12.06335098
12.06051263
12.05752227
12.05143376
12.04852729
12.04563433
12.04281189
12.0373777
12.03456311
12.03157721
12.02851888
12.02263285
12.01982142
12.01705527
12.01437633
12.00902235
12.00617851
12.00326952
12.00039857
11.99765021
11.99239786
11.98988542
11.98741374
11.98222
11.97946056
11.97671458
11.97406253
11.96900936
11.96659382
11.96422965
11.96181832
11.95663176
11.95394948
11.95131839
11.94876251
11.94387973
11.94151257
11.93908822
11.93386665
11.93110724
11.92841734
11.92577234
11.92065285
11.91819834
11.9157936
11.91062323
11.90788248
11.9051886
11.90010303
11.89769254
11.89536324
11.89307667
11.88821285
11.88560338
11.88300234
11.87795028
11.87552199
11.87315276
11.86853459
11.86606697
11.86348536
11.85845981
11.85605282
11.85373713
11.84940854
11.84725757
11.84503657
11.84033072
11.83802182
11.83580173
11.83151409
11.82947084
11.82743999
11.82300441
11.82063448
11.81828497
11.8136654
11.81137922
11.80915084
11.80461416
11.80217601
11.79966088
11.79481415
11.79248428
11.78796251
11.78580188
11.78362934
11.77900207
11.77665421
11.7743962
11.77005047
11.76797125
11.76386239
11.76163961
11.75933579
11.75483804
11.75267867
11.74851498
11.74652331
11.74455332
11.74028082
11.73808596
11.73393517
11.73192872
11.72997143
11.72613241
11.72411242
11.71973319
11.71755505
11.71542578
11.71127271
11.70926529
11.70520999
11.70300017
11.70071589
11.69628408
11.69415535
11.69006045
11.68808286
11.6839474
11.68175235
11.67750245
11.67546294
11.6735033
11.66976932
11.6678736
11.66380141
11.6617056
11.65766321
11.65574209
11.65206621
11.65026368
11.64836111
11.64430496
11.64234552
11.63855878
11.63674232
11.63322032
11.63138346
11.6273668
11.62533711
11.62138524
11.61943961
11.61564203
11.61371268
11.60959162
11.60751528
11.60350469
11.60157526
11.59789653
11.59606093
11.59215132
11.59016305
11.58632967
11.58446664
11.58087896
11.57906052
11.57515951
11.57315382
11.56929717
11.5674517
11.5638827
11.56213324
11.55841457
11.55651567
11.55287785
11.55113283
11.54779123
11.54615888
11.54266826
11.5390375
11.53725025
11.53376693
11.53205693
11.52854575
11.52665967
11.52269502
11.52074076
11.51692184
11.51326846
11.5114336
11.50752349
11.5055571
11.50179141
11.50001973
11.49664031
11.49495541
11.49135713
11.48769204
11.4859364
11.48255996
11.48093995
11.47762545
11.47404636
11.47229041
11.46889728
11.4672831
11.46417433
11.46085018
11.4590724
11.45561156
11.45391531
11.45059325
11.44729869
11.445534
11.44183416
11.44000646
11.43642734
11.43299
11.43126544
11.42760389
11.42391923
11.42214799
11.4187389
11.41547517
11.41379286
11.41024184
11.40848839
11.40511977
11.40191165
11.40033757
11.3970108
11.3935728
11.39190733
11.38869482
11.38560649
11.38405265
11.38073773
11.37744421
11.37583853
11.37269953
11.36957248
11.36789884
11.36444073
11.36107569
11.35942644
11.35622565
11.35298287
11.35126357
11.34785167
11.34462542
11.34152822
11.33997905
11.33672307
11.33335355
11.33172781
11.32856566
11.32549671
11.32223228
11.32055521
11.31732464
11.3142394
11.31276845
11.30983592
11.30669082
11.30360654
11.30212653
11.29922274
11.29633854
11.29315966
11.29151357
11.28828866
11.28513302
11.28204847
11.28041934
11.27703736
11.27373369
11.27061302
11.26912124
11.26611185
11.26292757
11.25982058
11.25831863
11.25539058
11.25249484
11.24938933
11.24634126
11.24486331
11.2420147
11.23925403
11.23632538
11.23341175
11.23199911
11.22923332
11.22647985
11.2235297
11.22052841
11.21904491
11.2161057
11.21321494
11.21013044
11.20699799
11.20548016
11.20252512
11.19964749
11.19663596
11.19356875
11.19061343
11.18918625
11.18644168
11.1835912
11.18063768
11.17779258
11.17507459
11.17236023
11.1709312
11.16802109
11.16524011
11.16259805
11.15999421
11.15718953
11.15430803
11.15150447
11.15014016
11.14743477
11.14457409
11.1416416
11.13882461
11.13615205
11.13350837
11.13066295
11.12781448
11.12644213
11.12377317
11.12113182
11.11829872
11.11549923
11.11281455
11.11027848
11.107694
11.10500342
11.10244869
11.10000291
11.09761362
11.09636089
11.09378075
11.09120054
11.08866702
11.08616638
11.08351002
11.08076476
11.07809585
11.07552287
11.07294269
11.07025784
11.06763078
11.06512295
11.06269019
11.06018683
11.0575846
11.05506645
11.05262003
11.05021947
11.04769689
11.0451874
11.0428171
11.04054571
11.03821937
11.03576784
11.03333828
11.03095029
11.02860637
11.02608767
11.02350556
11.02100046
11.0185979
11.01620478
11.0136687
11.01116303
11.00881282
11.00654519
11.004229
11.00183322
10.99950742
10.99728059
10.9950833
10.99277072
10.99042092
10.98817712
10.98601146
10.98383597
10.98153477
10.97816309
10.97598362
10.97374848
10.97135564
10.96898739
10.9666759
10.96443718
10.96213489
10.95978499
10.95753187
10.95536182
10.95322174
10.9498074
10.94758169
10.94542929
10.94331456
10.94108927
10.93889683
10.93680474
10.93480667
10.93279461
10.9296247
10.92756916
10.92558841
10.92355595
10.92138823
10.91917904
10.91702613
10.91382834
10.91157345
10.90932084
10.90719252
10.90516187
10.90309273
10.89988099
10.8978402
10.89589126
10.89389664
10.89182106
10.88979609
10.88695825
10.88509466
10.88312559
10.88118903
10.87931056
10.87653501
10.87452146
10.87249213
10.87051228
10.86855594
10.86547935
10.86338217
10.8613853
10.85947418
10.85654403
10.8545738
10.85267303
10.85085444
10.84900211
10.84609653
10.84421277
10.84241214
10.84058109
10.8377161
10.83586362
10.83408705
10.83231076
10.82948681
10.82764236
10.82584595
10.82310317
10.82115868
10.81928192
10.81749033
10.81481656
10.81294119
10.81111536
10.80849644
10.80672208
10.80487012
10.80216565
10.80046374
10.79876881
10.79698706
10.79439715
10.7927595
10.79111958
10.78847977
10.78672854
10.78500487
10.78236056
10.78047737
10.77773243
10.77599232
10.77422844
10.77150122
10.76975515
10.76808098
10.76551658
10.76374327
10.76203507
10.75960529
10.75795776
10.75546067
10.75388626
10.75236061
10.74996052
10.7483129
10.74589492
10.74427137
10.74254397
10.73993426
10.73825433
10.73578276
10.73406025
10.73241144
10.73006663
10.72851543
10.72609627
10.72454048
10.72230398
10.72075419
10.71914914
10.71685928
10.71542283
10.71316403
10.71163406
10.70943659
10.70798631
10.70565146
10.70408685
10.70185307
10.70034296
10.6979887
10.69649718
10.69434503
10.69285366
10.69056885
10.68911427
10.68698171
10.68548951
10.68329784
10.68191922
10.67986229
10.67841968
10.67630844
10.67494221
10.67276301
10.6712535
10.66903357
10.66758248
10.66530389
10.66307767
10.66166896
10.65951594
10.65804322
10.65592472
10.65455303
10.65239677
10.65096166
10.64892273
10.64692964
10.64554951
10.6435414
10.64223745
10.64016664
10.63799319
10.63658656
10.63448068
10.63301005
10.63086077
10.6288452
10.6274591
10.62537098
10.62340413
10.62210998
10.62004867
10.61803229
10.61674185
10.61474932
10.61341403
10.61151424
10.60962011
10.60828274
10.60628428
10.60431293
10.60294112
10.60084207
10.59883829
10.59750737
10.59543659
10.59342709
10.59146194
10.59009895
10.58808635
10.58620089
10.58494256
10.58301032
10.58116481
10.57933945
10.57804068
10.57612845
10.57426213
10.57294903
10.57093163
10.56899681
10.5670701
10.56575941
10.56387368
10.56206433
10.56014555
10.55829559
10.55711712
10.55530548
10.55348177
10.55176194
10.55061569
10.54878471
10.54696917
10.54515196
10.54319419
10.54192099
10.54009968
10.53824296
10.53641329
10.53469726
10.53294054
10.53176298
10.5300492
10.5283563
10.52659109
10.52491528
10.52327885
10.52214488
10.52046409
10.51882505
10.51707869
10.51533293
10.51363905
10.51189816
10.51017257
10.50907433
10.50742848
10.50571854
10.50408793
10.50249235
10.50086137
10.49930744
10.49779695
10.49622518
10.49469292
10.49317581
10.49207441
10.49041161
10.4888002
10.48713075
10.4854723
10.48391483
10.4823339
10.48075085
10.47925635
10.4777558
10.47623083
10.47480555
10.47339109
10.4719408
10.47053356
10.46907998
10.46753943
10.46603645
10.46452629
10.46296798
10.46149599
10.46006783
10.45859173
10.45720771
10.45584463
10.45440437
10.45300191
10.45163964
10.45021735
10.44885703
10.44753697
10.4461205
10.44471083
10.44283919
10.44137431
10.4399718
10.43859002
10.43716728
10.43579589
10.43445423
10.43306191
10.43173087
10.43045429
10.42915467
10.42751071
10.42627768
10.4249821
10.42372261
10.42243004
10.42107068
10.41976784
10.41804768
10.41675286
10.41552655
10.41428477
10.41300196
10.41179636
10.41059901
10.40900245
10.40788394
10.40669196
10.40546759
10.40427652
10.4026005
10.40135891
10.40017644
10.39897063
10.39779864
10.39633131
10.39516542
10.39403378
10.3929313
10.39141796
10.39035491
10.38930628
10.38822327
10.38681965
10.38571986
10.38458383
10.38348403
10.38198992
10.38088872
10.37984147
10.37838693
10.37732578
10.37629931
10.37524221
10.37389827
10.37291428
10.37188295
10.3705361
10.36947906
10.36836704
10.36693153
10.365813
10.36471145
10.36333528
10.36227395
10.36125202
10.35992481
10.35890335
10.35763751
10.35668696
10.35570851
10.35442867
10.35339962
10.35235842
10.35100924
10.34994979
10.34859543
10.34760412
10.34627715
10.34532834
10.34435007
10.34305428
10.34213538
10.34085219
10.33992709
10.33869137
10.33771009
10.33675755
10.33543338
10.33444569
10.33320083
10.33222791
10.33097268
10.33003959
10.32877703
10.3278992
10.32671005
10.32583419
10.32469512
10.32379093
10.32259452
10.32166753
10.32040375
10.31921769
10.31830213
10.31714017
10.31628884
10.31513048
10.31431226
10.31321144
10.31240705
10.31136684
10.3102439
10.30941022
10.3082434
10.30735513
10.30623111
10.30509456
10.30429334
10.30322509
10.30241168
10.30139235
10.30034129
10.29959764
10.29861959
10.29761118
10.29687989
10.29583394
10.2948164
10.29407168
10.29308019
10.29215329
10.29141016
10.29043982
10.28950127
10.28879673
10.28791616
10.28701867
10.28613211
10.28545268
10.28448549
10.28352693
10.28278607
10.28185985
10.2809629
10.28007067
10.2794412
10.27857511
10.27776375
10.27695375
10.27613452
10.27551778
10.27461431
10.27374043
10.27284704
10.27199569
10.27137704
10.27053218
10.26974655
10.26892607
10.26814936
10.26757883
10.26680632
10.26606518
10.2652446
10.26442706
10.26357688
10.26276058
10.26217218
10.26136272
10.26059481
10.25980403
10.25905681
10.25833837
10.25762372
10.25693091
10.2561813
10.25543753
10.25463693
10.25405896
10.25331076
10.25256545
10.25186427
10.25114435
10.25048129
10.24981926
10.24918328
10.2485267
10.24782023
10.24711561
10.24636637
10.24566475
10.24496034
10.24430972
10.24365415
10.24300409
10.24237216
10.24172766
10.2411257
10.2404774
10.23981988
10.23912455
10.23842004
10.23757889
10.23692313
10.23628193
10.23561892
10.23499214
10.2343646
10.23379112
10.23320539
10.23261208
10.23199678
10.23133461
10.23051241
10.22985375
10.22924779
10.22862855
10.22805389
10.22747018
10.22678507
10.22624288
10.22569049
10.22510264
10.22446838
10.2238499
10.22307626
10.22250805
10.22192208
10.22137078
10.22080952
10.22014162
10.21961177
10.21909455
10.21857292
10.21786786
10.21731014
10.21674626
10.21622301
10.21553213
10.21499828
10.21444877
10.21382353
10.21332166
10.21284995
10.21235809
10.21170948
10.21115321
10.21058748
10.20990683
10.20936304
10.20884465
10.20817013
10.20766931
10.20704136
10.20656484
10.20603263
10.20536831
10.20480286
10.20427004
10.20360218
10.20310569
10.20248204
10.2020102
10.20141831
10.20097846
10.20052855
10.19993765
10.19943274
10.19880654
10.19832144
10.19773448
10.19727652
10.19670877
10.19628297
10.19577409
10.1953934
10.19489386
10.19448425
10.19393042
10.19349032
10.19293452
10.19252559
10.19200207
10.19160976
10.19111276
10.19075458
10.19027561
10.18978275
10.18934766
10.18882382
10.1884079
10.18794367
10.18748223
10.18714496
10.18671869
10.18641516
10.18601771
10.18562559
10.18526651
10.18482088
10.1843826
10.18406223
10.18365033
10.18326506
10.18296061
10.18261641
10.1822608
10.18198224
10.18158535
10.18116922
10.18073922
10.18041878
10.18003543
10.17966924
10.17932013
10.17905251
10.17872086
10.17837678
10.17801133
10.17769993
10.17732449
10.17697167
10.17664256
10.17629819
10.17604046
10.17571317
10.17541651
10.17508794
10.17473218
10.17434038
10.17405305
10.17368394
10.1733346
10.17297866
10.1726386
10.17231648
10.17200503
10.17167908
10.1713047
10.17100277
10.17062238
10.17027373
10.16992559
10.1696015
10.16928729
10.16901432
10.1687121
10.1683969
10.1680472
10.16770768
10.16738859
10.16708736
10.16681028
10.16653605
10.16629353
10.16605301
10.16581558
10.16553874
10.16526912
10.16501264
10.16478311
10.16455101
10.16433598
10.16412752
10.16395927
10.1638015
10.16360781
10.16339855
10.16318173
10.16299277
10.16281796
10.16264837
10.16247453
10.16234374
10.16222498
10.1620588
10.16187892
10.16169279
10.16150258
10.16135961
10.16121943
10.16109396
10.16096304
10.16081666
10.1606663
10.16049354
10.16031687
10.16013075
10.15999203
10.1598378
10.15971416
10.15958654
10.1594992
10.15939343
10.15922329
10.15907991
10.15894576
10.1588157
10.15871515
10.1586399
10.15857938
10.15851908
10.15844327
10.15830558
10.15820377
10.15810398
10.15803222
10.15797742
10.15790725
10.15787485
10.15783524
10.15778735
10.15772895
10.15766091
10.15762575
10.15757034
10.15753424
10.15752163
10.15751801
10.15751065
10.15745948
10.15737569
10.15730694
10.15723274
10.15719155
10.15714471
10.15713288
10.1571297
10.15709047
10.15704248
10.15697661
10.15693366
10.15690195
10.15687628
10.15687063
10.15687177
10.15686251
10.15682569
10.1567738
10.15674264
10.15670649
10.15666716
10.15664647
10.15663254
10.15662846
10.15659858
10.15653421
10.15647466
10.1564323
10.15639611
10.15637419
10.15635908
10.15636397
10.15633117
10.15626249
10.1561929
10.15614953
10.15612629
10.15611576
10.15610825
10.15612068
10.15613315
10.15611835
10.15609269
10.15608609
10.15607459
10.15606834
10.15607724
10.15610212
10.15612891
10.1561165
10.15608188
10.15606189
10.15605507
10.15604931
10.15605385
10.15607296
10.15607857
10.15604791
10.15600751
10.15598592
10.15598691
10.15599574
10.15600862
10.15603093
10.15604854
10.15603711
10.15601494
10.15601086
10.15600442
10.15599026
10.15600259
10.15603558
10.1560538
10.15604904
10.15602704
10.15601099
10.15600667
10.15601155
10.15603726
10.15607461
10.15608191
10.1560699
10.15606229
10.1560758
10.15610813
10.15615329
10.15621679
10.15628451
10.15633638
10.1563561
10.15638095
10.1564145
10.15644921
10.15649238
10.15654165
10.15658904
10.15660152
10.15660149
10.15661866
10.15664664
10.15668112
10.15673333
10.15679232
10.15681134
10.15681396
10.15682778
10.15684064
10.15686241
10.15688937
10.1569248
10.15696037
10.15696486
10.15696598
10.15697863
10.15700835
10.15704561
10.15710469
10.15715703
10.15719368
10.15720075
10.15722202
10.15725528
10.15729868
10.15734956
10.15741539
10.15745022
10.15746445
10.15748123
10.15752566
10.15756555
10.15761331
10.15767172
10.15771687
10.15774105
10.15776745
10.15780592
10.15785248
10.15791027
10.15797792
10.15805059
10.15808697
10.15811066
10.15815104
10.15820044
10.15824895
10.1583214
10.15837813
10.1584075
10.15842787
10.15847781
10.15854571
10.15861103
10.15868413
10.15875361
10.15881082
10.15885901
10.15892125
10.1589908
10.1590702
10.15914926
10.1592335
10.15929725
10.15935105
10.15941235
10.15948584
10.15957285
10.1596722
10.15974859
10.15980219
10.15986776
10.15995504
10.16004042
10.16012479
10.16021105
10.16027732
10.16031893
10.16036848
10.16042806
10.1604992
10.16058823
10.1606713
10.1607338
10.16077573
10.16082659
10.16089153
10.16096762
10.16106155
10.16116109
10.1612156
10.16126755
10.16133951
10.16142185
10.16150692
10.16161363
10.16168963
10.16174321
10.16180163
10.16186804
10.16192978
10.16200052
10.16206956
10.16211775
10.16213872
10.16216733
10.16220968
10.16225457
10.1623098
10.16234745
10.16235646
10.16236994
10.16240814
10.16245076
10.16250464
10.16256813
10.16260669
10.16264735
10.16269737
10.16274507
10.16280488
10.16286774
10.16291929
10.16294353
10.1629777
10.16301837
10.16308151
10.16315377
10.16321284
10.16323849
10.16326318
10.16330233
10.16334383
10.16340086
10.16345203
10.16348192
10.1635087
10.16353721
10.16357257
10.16362326
10.16367342
10.16370109
10.16370224
10.16371677
10.16374125
10.163776
10.1638139
10.16383818
10.16383765
10.16384878
10.16387194
10.16390248
10.16393677
10.1639456
10.16393402
10.16392189
10.16390858
10.16390902
10.16392155
10.1639164
10.16388518
10.16385501
10.16383772
10.16382408
10.16383042
10.16381688
10.1637832
10.16375733
10.16374783
10.16374786
10.16376408
10.16377077
10.16375878
10.16375274
10.16375321
10.16375961
10.16378104
10.16378829
10.16377333
10.16376535
10.16378089
10.16380627
10.16383313
10.16383735
10.16382902
10.16383901
10.16385992
10.16389979
10.1639302
10.16393584
10.16393534
10.16394919
10.1639674
10.16400665
10.16404988
10.16407025
10.16408328
10.16411294
10.16415301
10.1642194
10.16426382
10.16428336
10.16431998
10.16436798
10.16442992
10.16450997
10.16455869
10.16460697
10.16465859
10.16471283
10.16479276
10.16487044
10.16492933
10.16497175
10.16503585
10.16510699
10.16520317
10.16527355
10.16533578
10.16541335
10.16552017
10.1656403
10.16574695
10.16584376
10.16592374
10.16602227
10.16612962
10.16624089
10.16635959
10.16645128
10.16654103
10.16665575
10.16679036
10.16691204
10.16701918
10.16713037
10.16726523
10.16739716
10.16755843
10.16770758
10.16784192
10.16797295
10.16812345
10.16828529
10.168452
10.16858816
10.16872058
10.16887223
10.169038
10.16918646
10.16932893
10.16946242
10.16961332
10.1697762
10.16994686
10.1701056
10.17024933
10.17040403
10.17056262
10.17073287
10.17089991
10.17104555
10.17119099
10.1713575
10.17152231
10.17168984
10.17182935
10.17196767
10.17212134
10.17227455
10.17244724
10.17258397
10.17271031
10.17284516
10.17297674
10.17313296
10.1732532
10.17335646
10.17346983
10.17361369
10.17375547
10.17388003
10.17400386
10.17412927
10.17426053
10.17441596
10.17454956
10.17466969
10.17481435
10.17495097
10.17511746
10.17525993
10.17539264
10.17551229
10.17565716
10.17579771
10.17594421
10.17605577
10.17619039
10.17631726
10.17646568
10.17658842
10.17669916
10.17682341
10.17694265
10.17708914
10.17721173
10.17733133
10.17744962
10.17756333
10.17770273
10.17782205
10.17793139
10.17803759
10.17816134
10.17829308
10.17840733
10.17850442
10.17861675
10.17872795
10.17884662
10.17894666
10.17904279
10.17914254
10.17926039
10.17937754
10.17946648
10.17956314
10.17966291
10.17976772
10.17986787
10.1799568
10.18005766
10.18016183
10.18027744
10.18038024
10.18046019
10.1805495
10.18064494
10.18074948
10.18082744
10.18090943
10.18100245
10.18110191
10.18119726
10.18127526
10.18136071
10.18146475
10.18157568
10.18168075
10.18177276
10.18188592
10.18200136
10.18212957
10.18224803
10.18235559
10.18248134
10.18263352
10.18276712
10.1828843
10.18302773
10.18316511
10.18333203
10.18347572
10.18361368
10.18377701
10.18393941
10.1841178
10.18425916
10.18441526
10.18457475
10.18476245
10.18493373
10.18508804
10.18526216
10.18542827
10.18561085
10.18577832
10.18593956
10.18612801
10.18632945
10.18649915
10.18668035
10.18688017
10.18708339
10.18726828
10.18746104
10.1876687
10.18789229
10.18813462
10.18834278
10.18856914
10.18880587
10.18905846
10.18930012
10.18953644
10.18978633
10.19005001
10.19031481
10.19056335
10.19082094
10.19109331
10.1913771
10.19164559
10.19191627
10.19220094
10.19249913
10.19278691
10.19306546
10.1933615
10.19366639
10.19397261
10.19429454
10.19459716
10.19490562
10.19522231
10.19552435
10.19585729
10.19617487
10.19649759
10.19683227
10.19713912
10.19745748
10.19782636
10.19815769
10.19848288
10.19884539
10.19918741
10.19952547
10.19987705
10.200206
10.20057878
10.20091746
10.20127432
10.2016145
10.20199825
10.20235347
10.20271738
10.20307368
10.20340352
10.2037709
10.20409034
10.20443701
10.20479902
10.20514305
10.2054965
10.20586266
10.20624292
10.20659584
10.20696292
10.20732602
10.20769763
10.2080505
10.20841573
10.20878122
10.20915611
10.20954033
10.20990818
10.21028851
10.21067717
10.21106936
10.21141634
10.21179435
10.21217881
10.21256807
10.21294139
10.21334414
10.21373333
10.21412929
10.21450697
10.21488814
10.21527446
10.21566141
10.21603554
10.21641722
10.21684413
10.21724287
10.21763218
10.21802935
10.21846917
10.21887299
10.21926306
10.21966711
10.22010873
10.2205093
10.22090478
10.22133842
10.22174774
10.22217758
10.22256117
10.22298943
10.22339687
10.22382377
10.2242224
10.2246686
10.22508498
10.22552426
10.22593151
10.22638249
10.22680058
10.22724046
10.22768802
10.22811182
10.22856863
10.22901781
10.2294464
10.22992299
10.23039799
10.23088321
10.23134151
10.23184651
10.23233931
10.23283903
10.23335229
10.23386061
10.2343169
10.23481821
10.23532609
10.23582701
10.23632074
10.23681879
10.23732735
10.23781496
10.23830286
10.23880017
10.23929546
10.23978187
10.24031652
10.24081814
10.24131335
10.24181193
10.24232196
10.24284249
10.2433942
10.24390968
10.24443678
10.24495343
10.24550232
10.24602699
10.24656368
10.24712683
10.24765133
10.24818299
10.24875
10.24926782
10.24983701
10.25037442
10.2509026
10.25148094
10.25202558
10.2526047
10.25317456
10.25371264
10.25430394
10.25484334
10.25542807
10.25602801
10.25658047
10.25716674
10.2577691
10.25833911
10.25894184
10.25954359
10.26015983
10.26073388
10.26133962
10.26195552
10.26257622
10.26317951
10.26378546
10.26438648
10.26492948
10.2655028
10.26608384
10.26666685
10.26723931
10.26781734
10.26840905
10.2689875
10.26960039
10.27017652
10.27074406
10.27130643
10.27187176
10.2724447
10.2730039
10.27360589
10.27417461
10.27472737
10.27527506
10.2758717
10.2764217
10.27696527
10.27754887
10.27809585
10.27866581
10.27919948
10.2797434
10.28031569
10.28085135
10.28143182
10.28196839
10.28253946
10.28307956
10.28366337
10.28423305
10.28477291
10.28536005
10.28593254
10.28647053
10.28705362
10.28762827
10.28816792
10.2887473
10.28931948
10.28988213
10.29045332
10.29098546
10.29154213
10.29210712
10.29267981
10.29323931
10.29379471
10.29434884
10.29488789
10.2954294
10.29597607
10.29650613
10.29703379
10.29756376
10.29808506
10.29860423
10.29916271
10.29968329
10.30019806
10.30072179
10.30124143
10.3017861
10.30229864
10.30280892
10.30333718
10.30384017
10.30434797
10.30487399
10.30536962
10.30590679
10.30639299
10.30691083
10.30740065
10.30790804
10.30837965
10.30888783
10.30935385
10.30985636
10.31033444
10.3108316
10.31133675
10.31181552
10.31231532
10.31281768
10.31331912
10.31377846
10.31427091
10.31476831
10.31525003
10.31573601
10.3162265
10.31670345
10.3171769
10.31762214
10.31808008
10.31853522
10.31899387
10.31946553
10.3199121
10.32035934
10.32079145
10.32122279
10.32165273
10.32206597
10.32247302
10.32290386
10.32329649
10.32368923
10.32408272
10.32448495
10.32486102
10.32522938
10.32560461
10.3259581
10.32632997
10.32666459
10.32702373
10.32735404
10.32769925
10.32802524
10.32835677
10.32865961
10.32898298
10.32928665
10.32956829
10.32987038
10.33015931
10.33042818
10.33071182
10.33098042
10.33125221
10.33150306
10.33175678
10.33201332
10.33225818
10.33249186
10.33272454
10.33295218
10.33317402
10.33339238
10.33359388
10.33379684
10.33399974
10.33419068
10.33438056
10.33456903
10.33475774
10.33494003
10.33511544
10.33528442
10.33545725
10.33563357
10.3358003
10.33597174
10.33614172
10.33630471
10.33647874
10.33662982
10.33678565
10.33693948
10.33707986
10.33723037
10.3373731
10.33751248
10.33766566
10.33779983
10.33794489
10.33808211
10.33820517
10.33834219
10.33847064
10.33859437
10.33871439
10.33882959
10.33895072
10.33906958
10.33918055
10.33929242
10.33939751
10.33950605
10.33962049
10.33972491
10.33983531
10.33994775
10.34005867
10.34017403
10.34028618
10.34040298
10.34052842
10.34064412
10.34076764
10.34088407
10.34099933
10.34111768
10.34122945
10.34135381
10.34147555
10.34160085
10.34172839
10.34185269
10.34197636
10.34210934
10.34222631
10.34235632
10.34247455
10.34260102
10.34272875
10.34284319
10.34296857
10.34308837
10.34320449
10.34331657
10.34342538
10.34354045
10.34364768
10.34375367
10.34386764
10.34397364
10.34408562
10.34419722
10.3443118
10.34443491
10.34455093
10.34467884
10.34480483
10.34493189
10.3450641
10.34519308
10.34532417
10.34545534
10.34558893
10.34573245
10.34586838
10.34601462
10.34616204
10.34630893
10.34646218
10.34660923
10.346775
10.34692502
10.34709136
10.3472516
10.34742218
10.34760373
10.3477735
10.34795871
10.34814041
10.34831176
10.34849898
10.34867919
10.34886807
10.34904951
10.34923876
10.34942969
10.34961861
10.34980524
10.3499916
10.35019271
10.35038167
10.35057707
10.35077445
10.35096945
10.35117356
10.35137464
10.35158382
10.35180067
10.35200686
10.35221786
10.35243532
10.3526501
10.35285815
10.35308095
10.35328767
10.35350536
10.35371452
10.35392943
10.35413891
10.35435111
10.35456535
10.35476038
10.35495976
10.35515403
10.35533256
10.35552312
10.35570162
10.35588607
10.35606357
10.35623707
10.35641574
10.35659175
10.35676859
10.35693858
10.357114
10.35728829
10.35746131
10.35763614
10.35780585
10.35796859
10.35813464
10.35830431
10.35847801
10.35864988
10.35881773
10.35898979
10.35916006
10.35932188
10.35948874
10.35964683
10.35981875
10.35997806
10.36014376
10.36029025
10.36044671
10.36060044
10.36074684
10.36088902
10.36103241
10.36117134
10.3613221
10.36147524
10.36163042
10.3617895
10.36194451
10.36210651
10.3622669
10.36243563
10.36260553
10.36277895
10.36294433
10.36310932
10.36327333
10.36343289
10.36359942
10.36375828
10.36391791
10.36406955
10.36423503
10.36439069
10.36456
10.36471658
10.36488298
10.36503689
10.36520425
10.36536163
10.3655307
10.36568933
10.3658578
10.36602133
10.36617926
10.36634764
10.36651917
10.3666893
10.36685853
10.36702681
10.36720407
10.36738392
10.36756124
10.36773874
10.36791336
10.36809016
10.36827212
10.36845218
10.36863108
10.36881384
10.3689923
10.36918299
10.36936089
10.36954213
10.36972388
10.36990292
10.37007561
10.37025667
10.37042349
10.3706029
10.37077405
10.37095551
10.37112954
10.37129812
10.37146694
10.37164182
10.37180175
10.3719678
10.37212447
10.37228429
10.37244068
10.37260015
10.3727518
10.37290499
10.37305579
10.37320608
10.37334831
10.37348656
10.37361355
10.37373974
10.37386446
10.37399941
10.37412259
10.37424571
10.37436663
10.3744826
10.37459679
10.37472106
10.37483986
10.37496407
10.37507836
10.3751954
10.37530985
10.37542053
10.3755366
10.37565251
10.37575933
10.37586415
10.37596915
10.37607653
10.37618621
10.37629092
10.37639627
10.37649914
10.37660314
10.3767057
10.37681254
10.3769118
10.37701083
10.37710917
10.37720491
10.3772987
10.37739134
10.37748419
10.37757167
10.37765962
10.37773779
10.37781488
10.37788926
10.37796594
10.37803751
10.37811243
10.37817787
10.37824638
10.37831468
10.37838433
10.37845446
10.37851991
10.37858458
10.37864568
10.37870944
10.37876687
10.37882916
10.37888542
10.37894568
10.37900351
10.37906118
10.37911583
10.37916901
10.37921831
10.37926211
10.37930637
10.37934729
10.37939206
10.37943331
10.37947681
10.37951894
10.37956044
10.37960036
10.37963093
10.37966144
10.37968805
10.37971727
10.37974662
10.37977604
10.37980498
10.37982977
10.37985469
10.37987483
10.37989654
10.37991806
10.37994002
10.37996032
10.37997859
10.37999728
10.38000897
10.38001878
10.38002508
10.38003169
10.38003461
10.38003164
10.38002262
10.38000933
10.37998937
10.37996166
10.37993196
10.37989544
10.379855
10.37982129
10.3797826
10.37975251
10.37972609
10.3797008
10.37967703
10.37964912
10.37961724
10.37958154
10.37954399
10.37950828
10.37946959
10.37942964
10.37938734
10.3793378
10.37928788
10.37923193
10.37917206
10.37910993
10.37904625
10.37898717
10.37892689
10.37887203
10.37881351
10.37875181
10.37868921
10.37862601
10.37856067
10.37849542
10.37842789
10.37835862
10.37828686
10.37821511
10.37814259
10.37806984
10.37799536
10.37791491
10.37783485
10.37775031
10.37766753
10.37758548
10.3775014
10.37742006
10.3773408
10.37725277
10.37716923
10.37708523
10.37700365
10.37692866
10.37684859
10.37676719
10.37669008
10.37660714
10.37652595
10.37644928
10.37637683
10.37630894
10.37624017
10.37617192
10.37610997
10.37605082
10.37599367
10.3759376
10.37588086
10.37582534
10.37576468
10.37570246
10.37563892
10.37557237
10.37550712
10.37544028
10.37536871
10.37529807
10.37522448
10.37514871
10.37507276
10.3750004
10.37492595
10.3748543
10.3747874
10.37471961
10.37465838
10.37459937
10.37453866
10.37447696
10.37441618
10.37435566
10.37429962
10.37424323
10.37418874
10.37414038
10.37409712
10.37406088
10.37402909
10.37399801
10.37396928
10.37393858
10.37390602
10.37387335
10.37384039
10.37380518
10.37376855
10.37373264
10.3736971
10.37366153
10.37362944
10.37360031
10.37357277
10.37354628
10.37352177
10.37349936
10.37347706
10.37345554
10.37342946
10.37340529
10.37338287
10.37335667
10.37333175
10.3733101
10.37329132
10.37327721
10.37326651
10.37325258
10.37324082
10.37323179
10.37321572
10.37319182
10.37316692
10.37314262
10.37311502
10.37309119
10.37307182
10.37305179
10.37302738
10.37299851
10.37296911
10.37293712
10.37289916
10.37285796
10.37281712
10.37277962
10.37274362
10.37270845
10.37266941
10.37263258
10.3725906
10.37254764
10.37250721
10.37246562
10.37242267
10.37237978
10.37233783
10.37229571
10.37224961
10.37220211
10.37215381
10.37210191
10.37204205
10.37198
10.37191103
10.37183978
10.37176345
10.37168859
10.37161424
10.37154169
10.37146879
10.37139876
10.37132476
10.37124486
10.37116214
10.37107636
10.37098499
10.37089557
10.37080505
10.3707133
10.37062155
10.3705313
10.37043776
10.37034814
10.37025426
10.37015944
10.37005829
10.36995709
10.36985638
10.36975104
10.36964435
10.36953769
10.36942635
10.36931018
10.36919332
10.36907954
10.36896486
10.36885128
10.36873543
10.36862171
10.3685118
10.36840124
10.3682931
10.36818223
10.36807632
10.3679715
10.36787034
10.36776737
10.36766354
10.36755551
10.36744528
10.3673357
10.36723091
10.36712176
10.36701596
10.36690719
10.3667976
10.36668752
10.36657757
10.36646247
10.36634934
10.36623358
10.36611023
10.36598854
10.36586221
10.36573561
10.36561358
10.36548859
10.36536218
10.36523056
10.36510086
10.36497094
10.36483845
10.36470126
10.3645612
10.36442179
10.36428086
10.36413755
10.3639931
10.36385686
10.36371755
10.36358198
10.36344174
10.36330458
10.36316543
10.36302698
10.36289304
10.36275678
10.36262044
10.36248166
10.36234036
10.36219551
10.36204637
10.3618937
10.36174087
10.36158631
10.36142864
10.36127511
10.36111845
10.36095752
10.36080183
10.36064042
10.36047283
10.36030342
10.36012753
10.35994836
10.35976744
10.35958229
10.35939786
10.35920432
10.35900293
10.35880337
10.35859846
10.35838981
10.35817656
10.35795322
10.35772927
10.35749249
10.35725694
10.3570097
10.35676012
10.35649839
10.35622881
10.35596062
10.35568401
10.35540267
10.35511671
10.35482657
10.35453156
10.35423302
10.35393064
10.35362073
10.3533179
10.35301375
10.35270092
10.35239556
10.3520822
10.35177562
10.35145725
10.35113548
10.35080989
10.35049352
10.35016565
10.34983284
10.34949275
10.34914551
10.34879104
10.3484309
10.3480564
10.3476846
10.34730708
10.3469113
10.34651565
10.34610288
10.34568919
10.34525543
10.34481556
10.34438343
10.34393821
10.34348633
10.34302678
10.34255808
10.34208211
10.34160098
10.34111362
10.34060389
10.34009463
10.33957764
10.33904162
10.33850722
10.33794876
10.33739138
10.33681234
10.33622243
10.33563648
10.33502818
10.33441284
10.33378898
10.33315748
10.33251592
10.33187073
10.33120709
10.33055105
10.32988628
10.32920104
10.32852381
10.32783818
10.327131
10.32641857
10.32571336
10.32498349
10.32424572
10.32350123
10.32275115
10.32199185
10.32122586
10.3204532
10.31967347
10.31888907
10.31808031
10.31728415
10.31646465
10.31565888
10.31483362
10.31402277
10.3131883
10.31234543
10.31149868
10.31066647
10.30981193
10.30895441
10.30807472
10.3072083
10.30634013
10.30546723
10.30459129
10.30369188
10.30280746
10.30190218
10.30101454
10.30010384
10.2991896
10.29827189
10.29735203
10.29644916
10.29552686
10.29460183
10.29365402
10.29272572
10.29179547
10.29086184
10.2899064
10.28896851
10.28801382
10.28707865
10.28611928
10.28515414
10.28420802
10.28324026
10.28227212
10.28130298
10.28033449
10.27936922
10.27840648
10.27742669
10.27647055
10.27551911
10.27455092
10.27360425
10.27263867
10.27169662
10.27073439
10.26977135
10.26880814
10.26784839
10.26688846
10.26593208
10.26497707
10.26402148
10.2630653
10.26209417
10.26114345
10.26019336
10.25922742
10.25826961
10.25733568
10.25638759
10.25544499
10.25450564
10.25357132
10.25263922
10.25171082
10.25078602
10.24986519
10.24895001
10.2480224
10.2471174
10.24620003
10.24530636
10.24439957
10.24351458
10.24261745
10.24172442
10.24083677
10.23995235
10.23907366
10.23819877
10.23732571
10.23643889
10.2355711
10.23470773
10.23383084
10.2329786
10.23211499
10.23125714
10.23040913
10.22958683
10.2287576
10.22793688
10.22712248
10.22630239
10.22550565
10.22471435
10.22392703
10.2231295
10.22235117
10.22156472
10.22079604
10.22001445
10.21923775
10.21846404
10.21769603
10.21693219
10.21617153
10.21541313
10.21465707
10.21388948
10.21314103
10.21239679
10.21164093
10.21090773
10.21016489
10.20942477
10.20869378
10.20796694
10.20724345
10.20652253
10.20580635
10.20509631
10.20439186
10.20367957
10.20298438
10.20227913
10.20159279
10.20090187
10.20022949
10.19954974
10.19887508
10.19820503
10.19753848
10.19687801
10.19622359
10.19556342
10.1949249
10.19429162
10.19365424
10.19303781
10.19241082
10.19178612
10.19116613
10.19056352
10.18995407
10.1893509
10.1887445
10.18815321
10.18756179
10.18697336
10.1863821
10.18580546
10.18522841
10.1846587
10.18410037
10.18353364
10.18297101
10.18241011
10.18185151
10.18129518
10.18073466
10.18016433
10.17960502
10.17904781
10.17848505
10.177926
10.17737614
10.17681599
10.17625484
10.17569352
10.17513371
10.17457623
10.17401976
10.17346493
10.17290232
10.17234964
10.171788
10.17123366
10.17066958
10.1701117
10.16954382
10.16897731
10.1684121
10.16784866
10.16728583
10.1667185
10.16616431
10.16561283
10.16505752
10.16451578
10.16396923
10.16342665
10.1628935
10.16235267
10.16181519
10.16128007
10.160737
10.16020541
10.15967503
10.15914953
10.15861391
10.15809026
10.15756192
10.15703505
10.15651438
10.15600603
10.15549325
10.15497457
10.15446751
10.15396178
10.15345846
10.15294834
10.15245143
10.15194994
10.15145906
10.15095961
10.15045979
10.14995853
10.14945673
10.1489499
10.14843811
10.14792311
10.14739696
10.1468764
10.1463416
10.14580929
10.14526523
10.14471962
10.14417072
10.1436247
10.14305635
10.14249365
10.1419288
10.1413614
10.14078514
10.14021768
10.13964187
10.13907571
10.13850217
10.13793268
10.13736651
10.13679778
10.13623083
10.1356666
10.13510479
10.13453609
10.13397965
10.13341469
10.13285916
10.13229579
10.13173594
10.13117903
10.13062416
10.13007016
10.12951636
10.12896706
10.12841254
10.12786849
10.1273189
10.12678015
10.1262392
10.12570311
10.1251693
10.12464335
10.12412566
10.12361562
10.1231117
10.12261356
10.12211378
10.12162458
10.12113457
10.12065495
10.12018255
10.11972398
10.11926567
10.1188094
10.11836581
10.11792397
10.11748829
10.11705292
10.11663239
10.11621369
10.11580242
10.1154005
10.11500543
10.11461768
10.11423657
10.11385901
10.11348525
10.11310506
10.11273093
10.11235805
10.111991
10.11163495
10.11128049
10.11093261
10.11059305
10.11026258
10.10993339
10.10961491
10.10929513
10.10898413
10.1086733
10.10836519
10.10806669
10.10777314
10.10748739
10.10720327
10.10693009
10.10666302
10.10639853
10.10614494
10.10589419
10.1056532
10.10541428
10.10518017
10.10495053
10.10472382
10.10450063
10.10427975
10.10406407
10.10385162
10.10364586
10.10344119
10.10324195
10.10304539
10.10285179
10.10266144
10.10247254
10.1022856
10.10209899
10.10191568
10.10172962
10.10154603
10.10136624
10.1011946
10.10102554
10.10085531
10.10068842
10.1005253
10.10036438
10.100209
10.10005624
10.09991073
10.0997664
10.09962402
10.09948282
10.09934807
10.09921969
10.09910297
10.09899176
10.09888536
10.09878671
10.09869686
10.09861149
10.09853162
10.09845486
10.09838114
10.09830935
10.09824009
10.09817366
10.09811217
10.09805452
10.09800054
10.09795133
10.09790816
10.09786699
10.09783026
10.09779483
10.09776189
10.09773279
10.0977038
10.09767711
10.09765544
10.09763643
10.09762307
10.09761627
10.09761589
10.09762005
10.09762754
10.0976405
10.09766244
10.09769476
10.09773626
10.09778931
10.09785451
10.09792941
10.09801337
10.09810711
10.09821176
10.09832681
10.09845379
10.09858996
10.09873501
10.09889288
10.09906981
10.09925802
10.09945728
10.09967094
10.09989394
10.10013045
10.10037407
10.1006346
10.10091302
10.10120161
10.10150469
10.10182678
10.10216374
10.10252187
10.10289569
10.10328409
10.10368549
10.10410001
10.10452961
10.10497717
10.10544749
10.10592559
10.10642051
10.1069281
10.10744874
10.10798412
10.10853406
10.10909635
10.10968003
10.11026866
10.11087716
10.11149292
10.11213144
10.11278458
10.11345006
10.11412404
10.11481487
10.11550848
10.11622072
10.11693456
10.11767221
10.11842558
10.1191947
10.11998086
10.12078464
10.12161674
10.1224551
10.1233181
10.12418536
10.12507757
10.12598293
10.12690043
10.12783281
10.1287921
10.12975299
10.13073486
10.13171828
10.13272918
10.1337577
10.13480413
10.13586677
10.13694654
10.13804262
10.13916899
10.14031216
10.14145927
10.14263904
10.14383607
10.14505043
10.14628085
10.14754022
10.14880051
10.15009005
10.1513794
10.15270023
10.15403905
10.15539089
10.15675632
10.15814922
10.15954011
10.16096117
10.16238224
10.16383584
10.16530618
10.1667973
10.16830611
10.16983109
10.17138903
10.17294666
10.17453588
10.17613969
10.17776075
10.17939666
10.1810418
10.18270067
10.18437475
10.18607892
10.18779379
10.18950025
10.1912345
10.19297777
10.19473194
10.19651715
10.19829195
10.20009828
10.20189599
10.2037218
10.20555789
10.20740595
10.20926501
10.21113715
10.21303902
10.21493121
10.21685444
10.21878785
10.22073014
10.22268333
10.22464886
10.22662545
10.2286363
10.23066027
10.23267674
10.2347297
10.23679738
10.23887697
10.24097177
10.24310509
10.24523063
10.24739222
10.24956963
10.25176271
10.2539689
10.2561905
10.25842832
10.26068003
10.2629689
10.26527165
10.26756348
10.26989236
10.2722328
10.27460896
10.27697086
10.27936676
10.28174663
10.28416104
10.28658505
10.28902034
10.29146676
10.29392157
10.2964128
10.29888782
10.30139814
10.30391665
10.30644404
10.30898023
10.31152498
10.3140797
10.31667206
10.31927363
10.32185778
10.32447569
10.32709819
10.32975
10.33237818
10.33500987
10.3376723
10.34034019
10.34300889
10.34567928
10.3483537
10.35103281
10.35374456
10.35643535
10.35915685
10.36188144
10.36460835
10.36733853
10.37007311
10.37283811
10.37557907
10.37835135
10.38112672
10.38390675
10.38669286
10.38948459
10.39228234
10.39511318
10.39794963
10.40079323
10.4036161
10.40649965
10.40936034
10.41222498
10.41512465
10.41803049
10.42091172
10.42382564
10.4267454
10.42969903
10.43262782
10.43558894
10.43852839
10.44150202
10.44448196
10.44746785
10.45048739
10.45348529
10.45651754
10.4595281
10.46257581
10.46563138
10.46872285
10.47179142
10.47486555
10.4779775
10.4810952
10.4842162
10.48734252
10.49047512
10.49361596
10.49679122
10.49994058
10.50312414
10.50631081
10.50950204
10.51269682
10.5159252
10.51912625
10.52235943
10.52559117
10.52882228
10.53205182
10.53528238
10.53854398
10.54177559
10.54504085
10.54831086
10.5515843
10.55486048
10.5581687
10.56145069
10.56476093
10.56807528
10.57139204
10.57471098
10.57803237
10.58138556
10.58471157
10.58806735
10.59141984
10.59476992
10.59811927
10.60149656
10.60484682
10.60823282
10.6116217
10.61501254
10.61840538
10.62180291
10.62523819
10.62864768
10.63208946
10.63553562
10.63899005
10.64245054
10.64594924
10.64942647
10.6529394
10.65645985
10.65998785
10.66351583
10.66707345
10.67060002
10.67415296
10.6777054
10.68125808
10.68481222
10.68836906
10.69196214
10.69555659
10.69912429
10.70272569
10.70636271
10.70997015
10.71358237
10.71722816
10.72087353
10.72451917
10.7281627
10.73179954
10.73546249
10.739087
10.74273338
10.7463632
10.74998585
10.75360251
10.75724291
10.76084298
10.76446538
10.7680835
10.77169585
10.77533252
10.77893439
10.7825615
10.78615161
10.78976342
10.79336917
10.79700027
10.80059755
10.80421888
10.80783547
10.81144564
10.81504824
10.81864369
10.82223323
10.8258462
10.8294527
10.83305303
10.83664614
10.84023437
10.84384714
10.84742581
10.85103103
10.85463368
10.85823068
10.86184862
10.86542602
10.86902526
10.87262222
10.87621534
10.87980788
10.88342627
10.88700706
10.89060684
10.89419512
10.89777451
10.90134311
10.90493344
10.90849174
10.91207232
10.9156442
10.91920804
10.92276265
10.92633248
10.92986181
10.93340573
10.93693884
10.94049006
10.94400142
10.94749988
10.95101269
10.95451264
10.95800242
10.96148459
10.96498712
10.96847885
10.97193287
10.97540365
10.9788912
10.98234491
10.98578961
10.98925228
10.99270615
10.99614966
10.99958071
11.00303124
11.00645266
11.00989462
11.01332835
11.01675802
11.02020859
11.02362964
11.02707172
11.0305053
11.0339324
11.03734802
11.04077698
11.04416878
11.04757074
11.05096018
11.05433683
11.05772371
11.06107583
11.06444114
11.06779478
11.07113431
11.07448741
11.07780095
11.08112401
11.08443526
11.08774064
11.09104243
11.09433561
11.09764643
11.10095446
11.10425866
11.10755137
11.11082998
11.11412
11.11740199
11.12067252
11.12393107
11.12717873
11.13044385
11.13370176
11.13695694
11.14021315
11.14346441
11.14673442
11.14997847
11.15324476
11.15651008
11.15979929
11.16306176
11.16634215
11.16961222
11.17287889
11.17614111
11.17940273
11.18267873
11.18595049
11.1892193
11.19248906
11.19577896
11.19904808
11.20234187
11.20562911
11.20891108
11.21221191
11.21548552
11.21878306
11.22208047
11.22539177
11.22867354
11.23197059
11.23523135
11.23850402
11.24178648
11.24503598
11.24829613
11.25154164
11.25477731
11.25800224
11.261222
11.26445404
11.26767149
11.27087422
11.27406053
11.2772508
11.28039684
11.28354399
11.28667828
11.28982108
11.29292754
11.2960399
11.29913975
11.30221988
11.30527917
11.30833743
11.31136221
11.31439354
11.31743401
11.32043788
11.32342274
11.32641021
11.32937898
11.33233428
11.33528994
11.33820696
11.3411298
11.34403831
11.34695408
11.34983948
11.35273105
11.35560558
11.35846462
11.36130403
11.36412977
11.36696791
11.36979032
11.37259819
11.37541991
11.37821517
11.38101509
11.38379894
11.38657172
11.38935238
11.39210558
11.39486581
11.39761089
11.40035942
11.40307327
11.40579149
11.40849877
11.41119133
11.41386793
11.41654578
11.41920742
11.4218525
11.42447917
11.42709925
11.42968665
11.43227388
11.43486896
11.43743785
11.44000762
11.44255049
11.44509408
11.44763512
11.45014223
11.45265234
11.45515336
11.45764598
11.46012806
11.46261552
11.46509519
11.46756515
11.47002785
11.47249263
11.47491853
11.47733486
11.47973347
11.48212779
11.48449033
11.48685047
11.48919634
11.49153909
11.49385217
11.4961592
11.49845164
11.50072735
11.50299622
11.50523502
11.50746897
11.50969142
11.51191485
11.51410667
11.5162943
11.51846445
11.52062547
11.52275836
11.52488897
11.52700653
11.52911169
11.5312138
11.53328897
11.5353647
11.53743138
11.53949582
11.54153352
11.54357232
11.54559855
11.54761961
11.54961777
11.55161908
11.55360597
11.55557373
11.55753349
11.55948036
11.56140813
11.56331718
11.56521157
11.56710695
11.56898996
11.57085526
11.57271632
11.57455046
11.57638346
11.57820379
11.58001816
11.58181623
11.58359279
11.58537691
11.58713717
11.58888612
11.59061104
11.59234625
11.59406428
11.59577207
11.59747819
11.59917423
11.6008635
11.60252981
11.60419311
11.60584333
11.60747427
11.60909712
11.6107005
11.61228982
11.61386709
11.61544574
11.6170097
11.61856222
11.62010661
11.62164383
11.62315922
11.62467337
11.62618264
11.62766561
11.629142
11.63060948
11.63206417
11.63351449
11.63495813
11.63639138
11.63781755
11.63924277
11.64065474
11.64206044
11.64345598
11.64485209
11.64623903
11.64761154
11.64897032
11.65032855
11.65167565
11.65300875
11.65432738
11.6556392
11.65693282
11.65820972
11.65946734
11.66070911
11.66192343
11.66311651
11.66429363
11.66544344
11.66658151
11.66770909
11.6688098
11.6698961
11.67096392
11.67201333
11.67304901
11.67406267
11.67505103
11.67601698
11.67696875
11.67790242
11.67882406
11.67973047
11.68060866
11.68147085
11.68231188
11.68313644
11.68394073
11.68472112
11.68547918
11.6862242
11.6869486
11.68764874
11.68832553
11.68898374
11.68961726
11.69022782
11.69081428
11.69138457
11.69192806
11.69245202
11.69296106
11.69345932
11.69394705
11.69442884
11.69489414
11.69534382
11.69578338
11.69620814
11.6966112
11.69699441
11.697363
11.69771515
11.69805066
11.69836779
11.69866777
11.6989474
11.69921298
11.69946182
11.69968893
11.69989256
11.7000775
11.70024633
11.70039929
11.70053595
11.7006547
11.70075665
11.70083956
11.70091128
11.70097018
11.70100847
11.70102304
11.70102003
11.70100039
11.70096846
11.70091554
11.70084515
11.70075813
11.70065674
11.70054471
11.70041634
11.70027074
11.70010817
11.69992867
11.69973073
11.69951464
11.6992834
11.69903712
11.69877536
11.6984901
11.6981858
11.69786064
11.69751461
11.69715602
11.69678555
11.69640512
11.69601654
11.69562096
11.69522263
11.69481291
11.69438954
11.69394942
11.69349651
11.69303537
11.69255968
11.69207332
11.69157916
11.69107647
11.69055559
11.69001761
11.68945762
11.68888213
11.68828955
11.68768158
11.68705852
11.68641504
11.68575725
11.68508064
11.68439175
11.68368765
11.68296908
11.68222983
11.6814682
11.68068048
11.67987384
11.67904108
11.67817905
11.67729891
11.67639438
11.67546711
11.6745111
11.67353289
11.67253116
11.67150575
11.67045269
11.66937807
11.66827031
11.66713919
11.66597894
11.66479026
11.66358118
11.66234215
11.6610762
11.65979344
11.65847798
11.65713818
11.65576427
11.65435788
11.65292475
11.65146976
11.64998222
11.64847364
11.64694366
11.64539574
11.64383586
11.64226318
11.64066408
11.63904135
11.63739227
11.63571265
11.63401306
11.63229565
11.63054619
11.62876804
11.62696039
11.62511679
11.62323993
11.62133679
11.61939889
11.61743725
11.61545489
11.61344873
11.611425
11.60938189
11.6073224
11.60523715
11.60312324
11.60099537
11.59884174
11.59667375
11.59447979
11.59227156
11.59004939
11.58780566
11.58555943
11.58328172
11.58100323
11.57870748
11.57640035
11.57407278
11.57173585
11.56938898
11.56701847
11.56463482
11.56223917
11.55981866
11.55737738
11.554914
11.55241993
11.54991601
11.54737238
11.54481894
11.5422327
11.53961657
11.53699215
11.53433511
11.53164683
11.52894014
11.52622194
11.52348812
11.52072229
11.51793556
11.51512848
11.51229611
11.50945334
11.50658654
11.50370875
11.50081614
11.49790986
11.49497597
11.49202517
11.48904625
11.48605039
11.48303485
11.47998907
11.47692498
11.47384495
11.47073505
11.46760983
11.46446674
11.46129555
11.45811251
11.45490256
11.451677
11.44843055
11.44516056
11.44185767
11.43852305
11.43518128
11.43180431
11.42839219
11.4249673
11.42150471
11.41800904
11.41449146
11.410948
11.40738058
11.40377589
11.40014557
11.39647621
11.39278251
11.38906012
11.38529774
11.38151108
11.37768669
11.37383883
11.36996661
11.36607147
11.36213825
11.35816692
11.35418725
11.35017185
11.34612047
11.34206251
11.33795302
11.33383771
11.32968403
11.32550985
11.32129466
11.31705268
11.31276955
11.3084754
11.30413968
11.29976202
11.29535702
11.29092806
11.28645667
11.28195852
11.27743772
11.27287906
11.26829782
11.26367781
11.25903402
11.25436522
11.24965407
11.24491289
11.24012572
11.23530981
11.23046865
11.2255851
11.22067303
11.21573105
11.2107412
11.20572101
11.20065067
11.19555503
11.19043329
11.18526899
11.18007878
11.17486359
11.16960265
11.16429132
11.1589632
11.15355903
11.14814239
11.14267493
11.13717414
11.13162032
11.12603741
11.12041177
11.1147827
11.10908753
11.10338101
11.09760465
11.09182631
11.08601116
11.08017354
11.07429639
11.06839534
11.06246889
11.05649471
11.05047313
11.04444771
11.03837366
11.03224873
11.02609728
11.01991749
11.01368929
11.00743286
11.00113127
10.99480859
10.98846638
10.9820831
10.97567802
10.96923432
10.96276737
10.95627386
10.9497317
10.94316305
10.93654822
10.92991091
10.92324702
10.91652749
10.9097568
10.90298043
10.89615285
10.88927494
10.88237051
10.87544161
10.86846238
10.86145503
10.85440573
10.84734054
10.84023855
10.83312103
10.82598436
10.81880782
10.81161322
10.80438072
10.79713341
10.78986191
10.78253235
10.77518395
10.76779345
10.76038598
10.75293728
10.74547109
10.73796077
10.73043082
10.72287626
10.71526985
10.70764233
10.69999453
10.69228744
10.68459599
10.67688151
10.66916197
10.661413
10.65365656
10.64587003
10.63807731
10.63025144
10.62240876
10.61454381
10.6066382
10.59869476
10.5907656
10.58277298
10.57480196
10.56680177
10.55876857
10.55073277
10.54269755
10.53463956
10.52658494
10.51850991
10.5104399
10.50234754
10.49424808
10.48611623
10.47797202
10.46981953
10.46163099
10.45341116
10.4451995
10.43691551
10.4286471
10.42032119
10.41201027
10.40366392
10.39528286
10.38689368
10.37849785
10.37007411
10.36162344
10.35317583
10.34473057
10.33626543
10.32780816
10.3193202
10.31082998
10.3023333
10.29379933
10.28522832
10.27664217
10.26804342
10.25940973
10.25072779
10.24201938
10.23328415
10.22450641
10.21571222
10.2068788
10.19802316
10.18911511
10.18019162
10.17121988
10.16223501
10.15323518
10.14416085
10.13509936
10.12599791
10.11683848
10.10765086
10.09843619
10.08916063
10.07985053
10.07048298
10.06106744
10.05162555
10.04215935
10.032636
10.02309225
10.01349564
10.00387541
9.994211019
9.98452572
9.974804728
9.965061724
9.955280039
9.945484096
9.935641148
9.925783108
9.915880121
9.905959273
9.895992429
9.885997809
9.875976423
9.86591123
9.855821754
9.845738186
9.835617599
9.825480136
9.81531131
9.80513502
9.794961516
9.784722624
9.774502708
9.764247824
9.753950336
9.74363639
9.733283867
9.722920541
9.712518482
9.702124783
9.69173782
9.681285455
9.670854935
9.660397612
9.649906568
9.63943003
9.628929015
9.61842091
9.607893766
9.597380893
9.58684872
9.576327571
9.565795518
9.555251058
9.544753013
9.534232728
9.523729747
9.513259229
9.502819939
9.492427269
9.482034704
9.471637537
9.46126619
9.450921828
9.44056983
9.430196566
9.419824748
9.409422215
9.399032407
9.388675468
9.378296106
9.367989975
9.357664556
9.347396382
9.337099698
9.326835015
9.316615502
9.306416889
9.296269223
9.286151227
9.276060403
9.266008309
9.255991574
9.245952827
9.235971511
9.226009769
9.216067527
9.20615202
9.196306025
9.186455238
9.176654895
9.166888795
9.157119402
9.147347023
9.137619072
9.127944621
9.118259707
9.108648288
9.099033996
9.089488823
9.079943049
9.070438014
9.060967452
9.051502899
9.042044735
9.032621749
9.023224138
9.013883987
9.004569135
8.99529928
8.986038674
8.976781863
8.967561719
8.958377538
8.949188491
8.940047965
8.930890669
8.921787169
8.912666381
8.903580478
8.894519913
8.885433496
8.876378563
8.867321761
8.858267581
8.849210037
8.840180715
8.831174895
8.822173129
8.813167434
8.804177446
8.795206361
8.786255843
8.777344312
8.76846477
8.759596466
8.750736716
8.741902086
8.733078954
8.724271199
8.71548777
8.706726748
8.697953912
8.689222807
8.680482818
8.671788634
8.663132317
8.654484722
8.645851497
8.63726127
8.62868789
8.620119412
8.611563528
8.602985451
8.594415753
8.585848612
8.577308161
8.5687784
8.560262756
8.551777599
8.543305728
8.534838071
8.52639304
8.517985295
8.509578061
8.501239016
8.492899079
8.484597613
8.476334301
8.468117551
8.459938223
8.451801777
8.443683453
8.435564574
8.427445888
8.41937045
8.411304603
8.403295793
8.395309162
8.387376609
8.379479273
8.37162903
8.363838438
8.356088039
8.348384123
8.340690096
8.333070684
8.325484927
8.317968333
8.310515846
8.303112847
8.29575896
8.288450371
8.281200733
8.273998049
8.266811149
8.259676682
8.252587982
8.245509733
8.23850266
8.231511902
8.224588756
8.217728774
8.210948732
8.204226012
8.197565669
8.190977863
8.184433355
8.177946495
8.171528368
8.165163103
8.158869867
8.152642575
8.146464535
8.140339156
8.134279948
8.128296315
8.122377679
8.116550056
8.110799836
8.105100696
8.099484894
8.09394008
8.088450271
8.083034315
8.07769075
8.072395037
8.067142355
8.061937953
8.05681268
8.051750431
8.046746742
8.041787863
8.036901112
8.032069133
8.027293207
8.022576865
8.017911846
8.013312982
8.008751637
8.00422586
7.999731784
7.995272931
7.990849917
7.986460187
7.982101068
7.977780426
7.973478899
7.969221658
7.964980033
7.960777789
7.956628835
7.95253202
7.948491517
7.944509904
7.940587477
7.936732662
7.932949179
7.929218549
7.925556596
7.92195686
7.918393981
7.91486183
7.911361879
7.907885047
7.904432776
7.901018724
7.897620539
7.894232922
7.890870677
7.887547564
7.884272265
7.881064733
7.877924441
7.874854154
7.871854803
7.868920361
7.866055839
7.86327872
7.860578342
7.857963692
7.855429509
7.852977976
7.850605592
7.848306062
7.84608787
7.843955524
7.841887565
7.839894165
7.837993631
7.836173048
7.834440917
7.832783829
7.831198301
7.829696332
7.828272785
7.826932442
7.825644786
7.824412497
7.823257269
7.822204844
7.821246026
7.820367659
7.819563344
7.818832933
7.818181472
7.81761996
7.817149461
7.81678059
7.81651001
7.816321069
7.816213846
7.816176846
7.816220851
7.816348902
7.81655864
7.816844847
7.817207053
7.817631347
7.818115087
7.81866211
7.819263343
7.819921419
7.820648274
7.82144041
7.822298659
7.82322301
7.824225777
7.82529572
7.826443834
7.82766748
7.828956724
7.830312238
7.831752597
7.833267911
7.834856394
7.836510984
7.838239552
7.840028947
7.841886432
7.84383256
7.845854241
7.847930893
7.850069754
7.852264449
7.854531076
7.856857825
7.859249592
7.861702896
7.864212189
7.866776308
7.869386539
7.872033933
7.874733714
7.877474807
7.880273055
7.883147089
7.886098276
7.889107181
7.892175883
7.895311075
7.898523873
7.901805837
7.905151473
7.90855267
7.911999491
7.915504327
7.919054739
7.922657164
7.926323016
7.930060902
7.93386472
7.937726636
7.941670924
7.945688745
7.949771747
7.953924941
7.958135213
7.962414981
7.966748691
7.971151759
7.975618106
7.980162078
7.98475228
7.989400796
7.99409904
7.998840896
8.00361612
8.008407982
8.013244144
8.018137026
8.023088723
8.028095425
8.033158865
8.038270832
8.043434711
8.048660273
8.053936107
8.059249081
8.064597333
8.069979444
8.075396747
8.080843071
8.086346297
8.091908926
8.09752768
8.103189799
8.108910253
8.114701813
8.120531996
8.126430424
8.132396623
8.138414058
8.144504504
8.150653136
8.156886029
8.163186215
8.169556213
8.17600954
8.182522472
8.189103303
8.195719382
8.20238063
8.209081394
8.21580204
8.222575723
8.229376554
8.236224857
8.243105039
8.250029283
8.256993596
8.263998654
8.271018259
8.278068492
8.28512587
8.292219237
8.29932732
8.306472918
8.313659564
8.320889997
8.328150658
8.335444042
8.342756175
8.350111454
8.357490711
8.364907823
8.372375337
8.379900558
8.38748285
8.395123544
8.402798828
8.410547561
8.418349812
8.426205045
8.434121651
8.442072848
8.450067516
8.458113203
8.466192126
8.474327799
8.482503865
8.490708291
8.498963498
8.507253894
8.515586825
8.523968029
8.532388656
8.540847968
8.549348763
8.557886576
8.566465055
8.575070054
8.583727364
8.592423348
8.601139272
8.609887276
8.618684741
8.627507402
8.636366261
8.645255385
8.654172283
8.663118748
8.672092755
8.681092394
8.690102182
8.699144507
8.708202555
8.717256953
8.726333799
8.735406391
8.744494931
8.753569633
8.762649091
8.771751923
8.78085523
8.789971007
8.799095384
8.808233535
8.817389301
8.826559141
8.835747403
8.84495228
8.854171103
8.863401219
8.872638806
8.881917102
8.891213813
8.900534891
8.909866507
8.919232708
8.928606808
8.938009701
8.947431258
8.956862856
8.96633163
8.975811243
8.985313506
8.994854278
9.004409021
9.014004821
9.023611192
9.03325273
9.042892684
9.052542916
9.062223476
9.071903715
9.081598486
9.091312251
9.10101192
9.110709665
9.120414899
9.130091677
9.1397572
9.149406962
9.159054438
9.168680098
9.178294118
9.187906529
9.197492172
9.207077612
9.216644171
9.226211798
9.23578335
9.245335315
9.254914685
9.264481209
9.274057332
9.283608455
9.293165277
9.302709673
9.312269142
9.321829418
9.331366617
9.340904691
9.350431671
9.359935459
9.369437113
9.378932598
9.38843616
9.397924382
9.407386065
9.416827592
9.426259016
9.435670416
9.445045199
9.454378989
9.463668553
9.472922649
9.482130661
9.49130394
9.500451685
9.509564867
9.518672626
9.527758857
9.536832279
9.545920234
9.555012667
9.56410035
9.573181575
9.582254019
9.591316537
9.600363268
9.609384328
9.618391566
9.627369704
9.636321769
9.645256319
9.654167466
9.663044807
9.671926326
9.680790089
9.689631321
9.698463092
9.70726679
9.716046824
9.724814711
9.733528449
9.742227487
9.75090438
9.759584653
9.768242565
9.776871474
9.785460751
9.79401347
9.802543805
9.811068189
9.81955916
9.82804525
9.836500021
9.844939786
9.853340733
9.861714497
9.870078247
9.878415328
9.886706637
9.894980029
9.903229251
9.911470887
9.919688913
9.927912358
9.936130391
9.944349965
9.952558887
9.960791546
9.969020412
9.977258464
9.985509635
9.993767116
10.00204178
10.01030223
10.01858172
10.02687813
10.03520882
10.0435469
10.05188729
10.06023693
10.0685874
10.07694558
10.08531518
10.09371083
10.10214529
10.11060005
10.11909066
10.12760338
10.1361621
10.14477163
10.15340614
10.16206147
10.17071904
10.17941706
10.18814377
10.19688479
10.20565235
10.21445334
10.22325214
10.23206781
10.24087594
10.24968068
10.25849986
10.2672978
10.27610018
10.28490979
10.29370753
10.30251426
10.31131539
10.32012808
10.32894199
10.33774332
10.34654262
10.35532228
10.36409751
10.37284572
10.38156192
10.39026387
10.39895099
10.40762612
10.41629063
10.42496851
10.43367427
10.4424123
10.45120378
10.46000651
10.46881369
10.47764281
10.48649136
10.49536101
10.5042471
10.51313884
10.52202835
10.53090218
10.53975295
10.54859395
10.55739877
10.56617914
10.5749589
10.5837022
10.59241801
10.60111926
10.60978841
10.61845434
10.62709708
10.63571992
10.64436777
10.65302326
10.6616936
10.67037072
10.67902315
10.68763803
10.69620215
10.70473183
10.71325829
10.72178943
10.73031474
10.73883133
10.74733555
10.75580645
10.76425869
10.77267499
10.78103325
10.78930118
10.7975265
10.80571294
10.81385386
10.82196139
10.830028
10.83804286
10.84602112
10.85396552
10.86191608
10.8698904
10.87787355
10.88584209
10.89378027
10.90169408
10.90960779
10.91751391
10.92539313
10.9332232
10.94100458
10.94877508
10.95650585
10.96416225
10.97172886
10.97919075
10.9865375
10.99378408
11.0009227
11.00798211
11.01500232
11.02196206
11.02888109
11.03576224
11.04263333
11.0494828
11.05635529
11.06324501
11.07011356
11.0769259
11.08367668
11.09038583
11.09703625
11.10357938
11.11001006
11.11634742
11.12255449
11.12864115
11.13458536
11.14041471
11.14612402
11.15172781
11.15729582
11.16283736
11.16837948
11.173935
11.17947282
11.18495534
11.19037639
11.19573262
11.20100481
11.20622719
11.21134693
11.21638859
11.22136475
11.22628625
11.23117894
11.2360771
11.24096521
11.2457657
11.2505295
11.25533526
11.26019554
11.26509828
11.26999423
11.27485984
11.27972575
11.2845531
11.28931577
11.29400572
11.29861584
11.30319455
11.30781185
11.3123978
11.31691974
11.32136406
11.32571083
11.33002193
11.33428377
11.3385216
11.34273569
11.34693854
11.35112524
11.3553202
11.35947635
11.36357326
11.36761155
11.37159076
11.37554696
11.37947218
11.38337636
11.38731
11.39124679
11.39514463
11.39899588
11.40281839
11.4065922
11.41026115
11.41386492
11.41745393
11.42105797
11.42466412
11.42821781
11.43157949
11.4348497
11.43805044
11.44121757
11.44424744
11.4471613
11.4500178
11.45278247
11.45552304
11.45824672
11.46090675
11.4634283
11.46581604
11.46812997
11.47037436
11.4724891
11.4744773
11.47631434
11.47795417
11.47949377
11.48094057
11.48226419
11.48343915
11.48453173
11.48556974
11.48659334
11.48761882
11.48863965
11.48958693
11.49047841
11.49140175
11.49234526
11.49333231
11.49435255
11.49542071
11.49656699
11.49771175
11.49888619
11.50011076
11.50144548
11.50289764
11.5044393
11.50607874
11.50774691
11.50940335
11.51106933
11.5127634
11.51448837
11.51623462
11.51804491
11.51993906
11.52197654
11.52412804
11.52636495
11.5285948
11.53068976
11.53265492
11.53458948
11.53649095
11.53838732
11.54024
11.54209591
11.5439811
11.54583893
11.54761635
11.54938194
11.55116594
11.55294152
11.55464451
11.5563059
11.55795195
11.55960162
11.56134465
11.56311412
11.5648404
11.56654813
11.56825028
11.56993068
11.57157209
11.57313667
11.57471609
11.57623694
11.57768597
11.57908534
11.58050085
11.58189068
11.58324355
11.58461433
11.58592401
11.58718113
11.58831798
11.58933269
11.59026429
11.59111429
11.59187117
11.59250656
11.59301166
11.59337849
11.59359818
11.59370055
11.59369017
11.59354148
11.59323236
11.59274632
11.59202333
11.5910987
11.59004619
11.58894004
11.58773485
11.58643585
11.58490436
11.58315735
11.58127786
11.57933426
11.57728031
11.57513195
11.57296829
11.57083685
11.56867157
11.56636964
11.56398856
11.5615981
11.5590563
11.55637967
11.5536381
11.55095461
11.54838775
11.54588408
11.54340486
11.54091321
11.53838278
11.53579262
11.53318567
11.53047824
11.52777
11.52502938
11.52228514
11.51955566
11.51675058
11.51387472
11.51099064
11.50823227
11.50560906
11.50306617
11.50058609
11.49815488
11.49569212
11.49323704
11.49077874
11.48826645
11.4857404
11.48307314
11.48032341
11.47747739
11.47451787
11.4713172
11.46792077
11.46437424
11.46076804
11.45705638
11.45314
11.44906686
11.44495301
11.44080893
11.43646927
11.43190333
11.42707508
11.42205176
11.41677124
11.41123192
11.40551677
11.39969469
11.39380186
11.38779003
11.38161692
11.37534155
11.36902601
11.36272066
11.35640797
11.35007359
11.3436493
11.33704654
11.33031562
11.32347219
11.31660221
11.30967454
11.30259639
11.29541523
11.2881369
11.28079019
11.27337843
11.26575653
11.25795158
11.25002771
11.24175072
11.23315618
11.22422174
11.21502858
11.20558786
11.19578669
11.18568153
11.17516998
11.16423622
11.15292275
11.14138431
