431.4328549
277.0887263
194.3382707
155.1400242
132.2345897
116.3601449
104.6395515
95.75483711
88.71608139
83.01372634
78.2219233
74.17464267
70.70475155
67.65290421
64.8885227
62.38072219
60.14838216
58.17011142
56.38216627
54.75128952
53.27452983
51.9276383
50.66510149
49.47830316
48.35365302
47.30708942
46.32832777
45.41225811
44.55803631
43.75605949
43.00943846
42.29189072
41.60187451
40.93798163
40.30552358
39.71789671
39.1562073
38.6210222
38.11910947
37.64296581
37.17950118
36.72270962
36.27286906
35.84112447
35.42963388
35.03411997
34.65184986
34.28041247
33.92989687
33.59349537
33.25685555
32.92591467
32.60809822
32.30341813
32.01087019
31.72845972
31.45529727
31.19000772
30.93702255
30.68565297
30.43937704
30.19900797
29.96750775
29.74513384
29.53011082
29.31922546
29.11404985
28.91632688
28.71935593
28.52106173
28.32199063
28.12916452
27.94147541
27.757985
27.57808807
27.40331642
27.23393694
27.06556794
26.89770605
26.73127207
26.57074844
26.41585744
26.2647587
26.11804524
25.97674912
25.83972801
25.70398819
25.5685924
25.43319807
25.30071189
25.1722604
25.04689061
24.92422941
24.80445869
24.68853058
24.57537695
24.46075429
24.3450779
24.22983946
24.11855242
24.00994379
23.90289027
23.79896219
23.69824253
23.59968252
23.50187623
23.40219794
23.30292474
23.20643872
23.11178098
23.0202896
22.93091595
22.84292446
22.7567111
22.67172894
22.58580095
22.4998527
22.41428435
22.33080115
22.24884889
22.16805125
22.08933495
22.01285308
21.93639103
21.85894762
21.78046595
21.70260273
21.62663912
21.55156147
21.47764094
21.4055521
21.33584628
21.26734848
21.19851337
21.12919309
21.06072122
20.99383381
20.92820124
20.86328912
20.80010521
20.73913212
20.67892353
20.61817669
20.55746477
20.49695833
20.43834576
20.38078979
20.32381919
20.2681226
20.21388204
20.16096465
20.10814872
20.05429654
20.00071508
19.94816716
19.89681268
19.84644043
19.79658242
19.74740875
19.69935542
19.65135916
19.6023559
19.55259418
19.50356722
19.45573958
19.40896196
19.36235856
19.31714603
19.27228412
19.22759158
19.18239528
19.13682948
19.09245618
19.04874031
19.00553111
18.963312
18.92190655
18.88123653
18.84084831
18.80031564
18.75968192
18.71903428
18.67932076
18.6406562
18.60199692
18.56386423
18.52649356
18.48952155
18.45222085
18.4139771
18.37630417
18.33931543
18.3029698
18.26732888
18.23233803
18.19809793
18.1645691
18.13077461
18.09634296
18.06164338
18.02773859
17.99458234
17.96198767
17.9293483
17.89776439
17.866903
17.8359859
17.8043625
17.77238494
17.74097457
17.71004119
17.67922777
17.64893331
17.61891675
17.58909758
17.55949859
17.52941635
17.49858846
17.46795909
17.43834251
17.40896339
17.38008741
17.35155377
17.32375529
17.29631414
17.26858451
17.2403963
17.21233777
17.18450553
17.15736858
17.13066182
17.10419931
17.07851908
17.05324454
17.02741173
17.0013708
16.97534401
16.94966617
16.9243889
16.89916272
16.87416044
16.84961307
16.82546591
16.80123598
16.77647913
16.7513718
16.72675539
16.70268024
16.67888497
16.65540792
16.63239159
16.60985711
16.58756667
16.56495043
16.54199524
16.51924801
16.49698033
16.47493872
16.45294841
16.4314643
16.41032109
16.38908195
16.3676719
16.34595357
16.32415881
16.30258177
16.28131335
16.26016034
16.2389334
16.21799106
16.19718333
16.17614531
16.15485109
16.1338299
16.11312427
16.09275616
16.07261969
16.05295291
16.03338442
16.01413019
15.9945154
15.9746925
15.95483429
15.9353442
15.91626852
15.89735089
15.87849151
15.86023459
15.84217066
15.82397421
15.80580732
15.78721321
15.76898278
15.75106365
15.73329118
15.71591592
15.69863379
15.68154141
15.66444412
15.64693566
15.62941317
15.61183195
15.59458848
15.57755941
15.56094145
15.5444254
15.52811502
15.51194406
15.49538012
15.47877278
15.46211633
15.4456703
15.42931478
15.41324479
15.39750238
15.38189266
15.366627
15.35116407
15.33528792
15.31956989
15.30415285
15.28876648
15.27355966
15.25861817
15.24383206
15.22915071
15.21431696
15.1993448
15.1841422
15.16926486
15.15450813
15.13983755
15.12527233
15.1111366
15.09714323
15.08309359
15.06877165
15.05438474
15.04007509
15.02589541
15.01185066
14.9979551
14.9842155
14.97071538
14.95732826
14.94377657
14.92996351
14.91643469
14.90297434
14.88957865
14.87622766
14.86307343
14.84990237
14.83678832
14.82343141
14.80982074
14.79626602
14.78289083
14.76957208
14.75626393
14.7430508
14.73013809
14.71736812
14.70448471
14.69135871
14.67826207
14.66530044
14.65270214
14.64020674
14.62766618
14.61528635
14.60324798
14.59109471
14.57882285
14.56647943
14.55434575
14.54243994
14.53055919
14.51876447
14.50705816
14.49542696
14.48370825
14.47183677
14.45984708
14.44791139
14.43618133
14.42467342
14.41312462
14.40170819
14.39048064
14.37921891
14.3678797
14.35641322
14.34507106
14.33379493
14.32263374
14.31167661
14.30075967
14.2901425
14.27945409
14.26864096
14.25757985
14.24677349
14.2359702
14.22527408
14.21466969
14.20406734
14.19373101
14.18331818
14.1727562
14.16190672
14.1510496
14.14026403
14.12957691
14.11890948
14.10851208
14.09828637
14.08803281
14.07776587
14.06730859
14.05676852
14.0463683
14.03614975
14.02597011
14.01590274
14.00604127
13.99633542
13.98671655
13.97690988
13.96703159
13.95724703
13.94759717
13.9380861
13.92863572
13.91924536
13.91010128
13.90098861
13.89160927
13.88204076
13.87251023
13.86315059
13.85377877
13.84447582
13.83532451
13.82628658
13.81736218
13.80821728
13.79893139
13.78963183
13.78034942
13.77115663
13.76206541
13.75307218
13.74419375
13.73526239
13.72630668
13.71731341
13.70820915
13.69927737
13.69055663
13.68183395
13.67311766
13.66458546
13.65606658
13.64750376
13.63889102
13.63014641
13.62147887
13.61297677
13.60447144
13.59600417
13.58756892
13.57933434
13.57105294
13.56263484
13.55415122
13.54574166
13.53741071
13.52918092
13.52106327
13.51305529
13.50504006
13.49711833
13.48913312
13.4810522
13.47305446
13.46518265
13.45742667
13.44977655
13.44226785
13.43480677
13.4273133
13.41976066
13.41197871
13.40415745
13.39645995
13.3887921
13.38120602
13.37356037
13.36597971
13.3584697
13.35086588
13.34321429
13.33553993
13.32789684
13.32034694
13.312892
13.30551126
13.29818541
13.29093307
13.28360966
13.27618345
13.26877447
13.26137872
13.25406636
13.24679558
13.23966127
13.23265674
13.22559847
13.21858399
13.21144831
13.20418878
13.19697351
13.18992232
13.18277564
13.17568588
13.16864192
13.16165464
13.15474849
13.14776439
13.14073026
13.1336477
13.12661595
13.11979692
13.11304548
13.10635509
13.09975941
13.0932593
13.08658613
13.07983438
13.07306433
13.06639158
13.05973588
13.05318318
13.046656
13.04014625
13.03368039
13.02713482
13.02045423
13.01382281
13.00711369
13.00046875
12.99385475
12.98721813
12.98061935
12.9741127
12.96765743
12.96103172
12.9544113
12.94787077
12.9414178
12.93504469
12.92864716
12.92235379
12.91618491
12.91002605
12.90369798
12.89735012
12.89102461
12.88474164
12.87858055
12.87241994
12.86632322
12.86037284
12.85431198
12.84821911
12.84208013
12.8359551
12.82987095
12.82380371
12.81768523
12.81161923
12.80565824
12.7997116
12.79370573
12.78756522
12.7814214
12.77538623
12.76942513
12.76354793
12.75768486
12.7517809
12.74588456
12.740016
12.73400313
12.72797416
12.7219402
12.71594852
12.71004406
12.70421189
12.69837034
12.69255756
12.68677937
12.68089495
12.67493838
12.66904335
12.66322974
12.65743036
12.65161762
12.6458443
12.64014656
12.6344455
12.62868046
12.62287582
12.61703162
12.61124135
12.60558326
12.59993051
12.59430526
12.588749
12.58319431
12.57763122
12.5719883
12.56628236
12.56063249
12.55507064
12.54954949
12.54410233
12.53870328
12.53335106
12.52796241
12.52253227
12.51707807
12.51158894
12.50618459
12.50083259
12.49542744
12.49012257
12.48478023
12.47944425
12.47400398
12.46849992
12.46301454
12.45755448
12.45211256
12.44673032
12.44137955
12.43609179
12.43078061
12.42545715
12.420077
12.41474204
12.4094938
12.40423738
12.39905011
12.39389762
12.38879139
12.38375791
12.37860583
12.373437
12.36829824
12.36312029
12.35799994
12.35292722
12.34788015
12.3428549
12.33786686
12.33286946
12.32777751
12.32269697
12.31763962
12.31269495
12.30777081
12.30284749
12.29798584
12.29317255
12.28833976
12.28341253
12.27849348
12.27363754
12.26885541
12.26404642
12.25929973
12.25455039
12.24988565
12.2451832
12.24043032
12.23562427
12.2308255
12.22603694
12.22127765
12.21652898
12.21182023
12.20712909
12.20241082
12.19757128
12.19276726
12.18792588
12.18314603
12.17838611
12.17365113
12.16897738
12.16435465
12.15973251
12.15509152
12.15044656
12.1458007
12.14120229
12.13666388
12.13217307
12.12768959
12.1232286
12.11879896
12.1143421
12.10985015
12.10528867
12.10078759
12.09635954
12.09192275
12.087485
12.08312238
12.078749
12.07433085
12.06989043
12.06539837
12.06096225
12.05656296
12.05222068
12.04791339
12.04366425
12.03943545
12.03517916
12.03088875
12.02653446
12.02217909
12.01785141
12.01355942
12.00925706
12.00499566
12.00083929
11.99668762
11.99246168
11.98815376
11.98385448
11.9796055
11.9753987
11.97122222
11.96295054
11.95885405
11.95471222
11.95048897
11.9462833
11.94211456
11.93799884
11.93388413
11.92979943
11.92574442
11.92174931
11.91771382
11.91361802
11.90949457
11.90541109
11.90132287
11.89725802
11.89323902
11.88927865
11.88530975
11.87741239
11.8734152
11.86942483
11.86543615
11.86152873
11.85765049
11.85374583
11.84989556
11.84603429
11.84209628
11.83812769
11.83415928
11.83021958
11.82233408
11.81843293
11.81454095
11.8106577
11.80673071
11.80281374
11.79888797
11.79498614
11.79111938
11.78729983
11.78349818
11.77593398
11.77212245
11.76832253
11.7645219
11.76071171
11.75690254
11.75314442
11.74941231
11.74571221
11.73820835
11.73439705
11.73057358
11.72679143
11.72304533
11.71933532
11.71565654
11.71199412
11.7047603
11.70109377
11.697392
11.69372262
11.69006597
11.68647964
11.68290975
11.67936403
11.67225038
11.66867324
11.66509245
11.66149097
11.65789453
11.65434121
11.64722713
11.64371034
11.64016007
11.63656176
11.63293718
11.62930173
11.62568878
11.61846525
11.61490074
11.61137395
11.60787234
11.60432819
11.60077931
11.59369318
11.59018921
11.58672204
11.58326776
11.57986308
11.57643674
11.56959017
11.566109
11.56266986
11.55925099
11.55585487
11.54913307
11.54578207
11.5424421
11.53903023
11.53562861
11.52881696
11.52546908
11.52213931
11.51883541
11.51558176
11.50896822
11.50566236
11.50233868
11.49903403
11.49574704
11.48924628
11.4859976
11.48277261
11.47949335
11.47622171
11.46962005
11.46637465
11.46305337
11.45977036
11.45333117
11.45006034
11.44679134
11.44350835
11.43701229
11.43378408
11.43057134
11.42738555
11.42108948
11.41790664
11.41471411
11.4115494
11.40841782
11.40218014
11.39910131
11.39603222
11.38985184
11.38672719
11.38360026
11.38050533
11.3743537
11.37132642
11.36831746
11.36529449
11.35908229
11.35595461
11.35286077
11.34976974
11.34362017
11.34056751
11.33751278
11.33128917
11.32815152
11.32503562
11.32192497
11.31576357
11.3127121
11.30968324
11.30352023
11.30040734
11.29732185
11.29124993
11.28825933
11.2852852
11.28234701
11.27634979
11.27331107
11.27030321
11.26428056
11.26129503
11.25836036
11.25249257
11.24956299
11.246582
11.24068891
11.23775282
11.23488318
11.22921199
11.22637707
11.22353157
11.2177746
11.21493827
11.21209873
11.20644833
11.20363682
11.20082683
11.19519644
11.1923189
11.18942975
11.18369011
11.18081479
11.17795801
11.17223367
11.16934208
11.16644106
11.16070694
11.15784249
11.15220946
11.14943828
11.14664814
11.14105912
11.13827758
11.13549021
11.12995948
11.12721034
11.12174507
11.11899777
11.11624937
11.11071518
11.10799643
11.10257263
11.09988728
11.09718626
11.09179144
11.08909819
11.0837683
11.08112584
11.07849822
11.07327766
11.07064669
11.06530838
11.06265643
11.06002321
11.0548265
11.05224844
11.04705385
11.04443488
11.04179609
11.03654875
11.03396001
11.0288043
11.026254
11.02111675
11.01852796
11.01342065
11.01088674
11.00837335
11.00341186
11.00093344
10.99588673
10.9933655
10.9883833
10.98590877
10.98101402
10.97859211
10.97615502
10.97126262
10.96880522
10.96400989
10.96160374
10.95683004
10.95444061
10.94958942
10.94716849
10.94234928
10.93994866
10.93521686
10.93283425
10.92801873
10.92562508
10.92086396
10.91852179
10.91390594
10.91160475
10.90693468
10.90460624
10.89996077
10.89768038
10.8930856
10.89080604
10.88621811
10.88391637
10.87939919
10.87715835
10.87271602
10.87051784
10.86608598
10.86386902
10.85949498
10.85733566
10.85306006
10.85093111
10.84661849
10.84230984
10.84015888
10.83590685
10.83380625
10.8295729
10.82741769
10.82309829
10.82095825
10.81673208
10.812538
10.81045848
10.80623703
10.80414228
10.80001909
10.79798031
10.79393655
10.79191438
10.78784282
10.78376783
10.78174405
10.77771342
10.77571527
10.77168103
10.76764808
10.7656367
10.76162506
10.75964568
10.75569008
10.75171999
10.74971514
10.74571077
10.74373623
10.73981593
10.73591175
10.73393237
10.72995339
10.72797514
10.72405444
10.72017227
10.71823708
10.71433071
10.71040673
10.70846312
10.7046041
10.7007887
10.69888428
10.69504398
10.69311858
10.68935473
10.68560905
10.68374812
10.67998286
10.67624048
10.67437855
10.67066182
10.66700161
10.66516327
10.66145955
10.65773844
10.65589715
10.65222407
10.64857504
10.64672956
10.64300302
10.63930586
10.63747288
10.63385888
10.63020949
10.62838678
10.62473017
10.62109652
10.61750233
10.61569228
10.61206336
10.60842117
10.60659361
10.60302634
10.59947359
10.59590324
10.59410374
10.5905341
10.5870285
10.58529594
10.58186567
10.57838476
10.57490042
10.57318814
10.56974557
10.56630004
10.5627956
10.56102327
10.55750127
10.55399924
10.55048949
10.54871396
10.5451447
10.54160308
10.53811321
10.53639005
10.53291776
10.52945091
10.52598812
10.5242796
10.52086999
10.51746213
10.51401205
10.51058569
10.50889129
10.50552531
10.50216843
10.49880936
10.49547229
10.49381115
10.490532
10.48726266
10.48394525
10.48062841
10.4789644
10.47565792
10.47232562
10.46897805
10.4656178
10.4639565
10.4606395
10.45735849
10.45408414
10.45079939
10.44755822
10.44595786
10.44278287
10.43958095
10.43635546
10.43315438
10.43000944
10.42684866
10.42525777
10.42206212
10.41889648
10.41578257
10.41266105
10.40950385
10.4063455
10.40320618
10.40165864
10.39855149
10.39542248
10.39228429
10.38922648
10.3861937
10.38318661
10.38012711
10.37707422
10.37555308
10.37255273
10.36957982
10.36656969
10.36359076
10.36064731
10.35771453
10.35479236
10.35184687
10.34894221
10.34606921
10.34320833
10.34177239
10.33887083
10.33595837
10.33307971
10.33019444
10.32724854
10.32430086
10.32138397
10.31849654
10.31562298
10.31273289
10.30985984
10.30702084
10.3041853
10.30135066
10.2984893
10.29564024
10.29282915
10.28999596
10.28715296
10.28430874
10.28151732
10.2787472
10.27596008
10.27315734
10.27036926
10.26759075
10.26483112
10.26203545
10.25919961
10.25637416
10.25354036
10.25072338
10.24787956
10.24504709
10.24223721
10.23948447
10.23671066
10.23394088
10.23118805
10.22846256
10.22575942
10.22303036
10.22027454
10.21755668
10.21487323
10.21219223
10.20945373
10.20538309
10.20268886
10.19998573
10.19724293
10.1945061
10.19178843
10.18907348
10.18637286
10.18367159
10.1809936
10.1783292
10.17568107
10.17166406
10.16898853
10.16634501
10.16372284
10.16106221
10.15843376
10.1558157
10.15324618
10.15067734
10.14683635
10.1442751
10.14174328
10.13917918
10.13659959
10.13401953
10.13146751
10.12763637
10.12507397
10.12253874
10.12001705
10.11753519
10.11505661
10.1113193
10.10886238
10.10640089
10.10394277
10.10146367
10.09902126
10.09542192
10.09303747
10.09064074
10.08825636
10.0858939
10.08236299
10.07997009
10.07756558
10.07517362
10.07277761
10.06912574
10.06670689
10.06432022
10.06194619
10.05838802
10.05602504
10.05367342
10.05134283
10.04900856
10.04550112
10.04317073
10.04085647
10.03853568
10.03504042
10.03271636
10.0304358
10.02817257
10.02472141
10.02244616
10.02017464
10.01678014
10.01449283
10.01224984
10.00999916
10.00667012
10.00442248
10.00218972
9.998880858
9.996667664
9.994438477
9.991135658
9.988961076
9.986788037
9.984610636
9.981356077
9.979216411
9.977078117
9.973811477
9.971643121
9.969474816
9.966235581
9.964057921
9.960812547
9.958659127
9.956521732
9.953312237
9.951181645
9.949066964
9.945874702
9.943736425
9.941619859
9.938479253
9.936381668
9.933236862
9.93116589
9.929115738
9.926047578
9.924006503
9.920951288
9.918900114
9.916812428
9.913678703
9.91161458
9.90850949
9.906424503
9.904372863
9.901311787
9.899279072
9.896244848
9.894245924
9.891246929
9.889230677
9.887207712
9.884214875
9.882239443
9.87926512
9.877291296
9.874359602
9.872405712
9.86943679
9.867469401
9.864547666
9.862592571
9.859629729
9.857670225
9.854757994
9.852821479
9.849895962
9.847973391
9.845120995
9.843206112
9.840350301
9.838465334
9.835653968
9.833766689
9.830951308
9.829096582
9.826278759
9.82439229
9.821580646
9.819712193
9.81690916
9.814122754
9.812296481
9.809559713
9.807734333
9.805027665
9.803244608
9.800552906
9.798762661
9.796111571
9.793500837
9.791723104
9.789130356
9.787425685
9.784834286
9.782226826
9.780484723
9.777888927
9.776142145
9.773548899
9.771017267
9.769312502
9.766768809
9.764244756
9.762558903
9.760013203
9.757470626
9.755788953
9.753256456
9.751561874
9.749040523
9.746515389
9.74482699
9.742298858
9.739788749
9.738102504
9.735559955
9.733048433
9.731381758
9.728855105
9.72635648
9.723877651
9.722213323
9.719746517
9.717316199
9.715701032
9.713265667
9.710831411
9.708383265
9.706745697
9.704289785
9.701842963
9.700202184
9.697724766
9.695286645
9.692852403
9.691236718
9.688833432
9.686444089
9.684033322
9.681627375
9.680043986
9.677677977
9.675310037
9.67295808
9.67138734
9.668998038
9.666601905
9.664189666
9.661759231
9.660131337
9.657721939
9.655307415
9.652912889
9.650546003
9.648173928
9.64658762
9.644208884
9.641835151
9.639453268
9.637101753
9.63476433
9.633199884
9.630848131
9.628506717
9.626132429
9.623758033
9.621389505
9.619004621
9.616624207
9.61505466
9.612700943
9.61033446
9.608007132
9.605693888
9.603376632
9.601076312
9.598782965
9.596472819
9.594173405
9.591867578
9.590326319
9.588003798
9.58568595
9.583379792
9.581068258
9.578775831
9.576477516
9.574178927
9.571909911
9.569651164
9.567412685
9.56519812
9.562990728
9.560777136
9.558576813
9.556346883
9.554091517
9.551850962
9.549608593
9.547372675
9.545136179
9.542925787
9.540705945
9.538504756
9.536309943
9.534096277
9.531906455
9.529716379
9.527519578
9.525345722
9.523174598
9.520989797
9.518811804
9.515915292
9.513744652
9.511583385
9.509437654
9.50726338
9.505101847
9.502950435
9.500794013
9.49866576
9.496555778
9.494437577
9.491640543
9.489556487
9.487464143
9.485392055
9.483314022
9.481214136
9.479146482
9.476380882
9.474315879
9.472278539
9.470223578
9.468153343
9.466111086
9.464078018
9.461383514
9.459369059
9.45735193
9.455320046
9.453290348
9.450549998
9.448504602
9.446488017
9.44446498
9.442463604
9.439837306
9.437862638
9.435905383
9.433959087
9.431359574
9.429419951
9.427492772
9.42554593
9.422965618
9.421040338
9.419111522
9.417188339
9.414627692
9.412710567
9.410809081
9.408269317
9.406384102
9.404504235
9.402615198
9.400126009
9.398250933
9.396363904
9.39387387
9.392003
9.390113518
9.387630151
9.385778927
9.383922258
9.381471007
9.379632434
9.37780962
9.375380731
9.373557567
9.371159586
9.369358317
9.367550593
9.365122782
9.363290419
9.361460786
9.359042019
9.357220398
9.354814569
9.353018067
9.350628217
9.348843075
9.34706444
9.344702939
9.342946708
9.340614406
9.338875831
9.336553447
9.334796004
9.333052599
9.330711398
9.328967923
9.326658591
9.324934004
9.322649781
9.320948183
9.318692817
9.31703117
9.314830666
9.313197641
9.311044909
9.309416465
9.307262315
9.305639148
9.303480601
9.301343356
9.299738533
9.297611277
9.296030563
9.293912623
9.292340238
9.290240283
9.28867229
9.286590852
9.284497763
9.282920897
9.280800557
9.279214091
9.277109192
9.27501012
9.273452576
9.271384924
9.269833876
9.26778283
9.265735599
9.264210553
9.26219361
9.260178977
9.258673226
9.256645067
9.254631808
9.253126072
9.251119976
9.249123439
9.247623508
9.245637439
9.243668381
9.242184455
9.24021968
9.23825491
9.236303848
9.234847119
9.232881251
9.230926994
9.229474145
9.227552682
9.22564383
9.223741352
9.222321616
9.220437504
9.218578792
9.216722338
9.214850254
9.213453351
9.211572148
9.209705131
9.207848004
9.206000126
9.204627113
9.202790933
9.200964607
9.199130111
9.197320783
9.19596594
9.194162069
9.192385534
9.190591406
9.18878546
9.186976968
9.185166253
9.183825224
9.182051743
9.180296226
9.178545189
9.176819532
9.175093471
9.173388013
9.171682154
9.169968494
9.168265746
9.166556289
9.165287238
9.1636049
9.161935568
9.160282468
9.158621198
9.156983131
9.155361202
9.153749773
9.152155316
9.150557058
9.148960772
9.147352014
9.145761092
9.144175509
9.142594398
9.141025694
9.139462037
9.137913451
9.136359592
9.134808927
9.133258535
9.131705622
9.130142737
9.128582099
9.126646268
9.125120934
9.123597231
9.122078937
9.120564755
9.119050245
9.11755524
9.116060539
9.114563754
9.113066161
9.111560487
9.10968043
9.108174647
9.10667809
9.105187648
9.103713366
9.102235094
9.100403195
9.098941254
9.097473975
9.096006603
9.09453074
9.093063553
9.091239662
9.089805064
9.088385291
9.086969879
9.085562272
9.083820804
9.082434182
9.081068926
9.079693544
9.077957966
9.076569164
9.075188085
9.073809801
9.072099959
9.070741071
9.069382944
9.067686585
9.06634042
9.065004686
9.063667783
9.06199318
9.060642934
9.059297782
9.057626316
9.056299744
9.054978168
9.053321992
9.05201445
9.050362715
9.049048348
9.047736359
9.046091288
9.04477204
9.043466979
9.041844557
9.040560196
9.038964008
9.037697894
9.036127608
9.034898942
9.033673091
9.032131404
9.030904535
9.029379783
9.028175452
9.02668499
9.025499721
9.024031322
9.022863164
9.021404536
9.020247787
9.018803458
9.017652717
9.016206226
9.015035042
9.013575331
9.012429808
9.010998412
9.009865439
9.008454877
9.007347173
9.005963026
9.004591791
9.003485656
9.002118528
9.001033717
8.999697316
8.998373733
8.997324029
8.996020834
8.994984569
8.993701071
8.99243426
8.991415504
8.990151118
8.988896236
8.987910849
8.986684193
8.9854683
8.984494225
8.983297239
8.982113145
8.981175961
8.979990619
8.978800653
8.977616136
8.976685263
8.975528687
8.974371375
8.973217123
8.972300057
8.971163489
8.970026506
8.968892838
8.967985263
8.9668492
8.965710408
8.96458642
8.963482295
8.962618733
8.961549197
8.960491328
8.959429952
8.958365389
8.957297871
8.956458456
8.955409159
8.954374171
8.953340441
8.952318955
8.951314294
8.950317985
8.94930995
8.948292357
8.947477879
8.946459556
8.945444778
8.94444302
8.943452298
8.942466601
8.941496142
8.940525345
8.939554234
8.938583931
8.937616933
8.93665721
8.935716418
8.934786513
8.933858617
8.932949051
8.932047958
8.93115288
8.9302534
8.929359284
8.928475848
8.927601154
8.926739834
8.925890105
8.924878553
8.924050878
8.923226026
8.922398871
8.921563874
8.920729289
8.919901927
8.919075663
8.918253598
8.917272366
8.916459848
8.915650189
8.914818888
8.913987036
8.913149489
8.91215157
8.911324516
8.91049011
8.909660237
8.908843453
8.907875947
8.90706857
8.906252466
8.905448495
8.904501601
8.903722336
8.902943257
8.902173118
8.901255298
8.900498062
8.899726399
8.89879967
8.898034577
8.89727451
8.896373903
8.89563258
8.89490289
8.894039789
8.893319874
8.892588281
8.891698656
8.890959962
8.890076767
8.889349757
8.888627634
8.887757483
8.887034648
8.886175195
8.885465054
8.884765801
8.88393246
8.883248873
8.882434166
8.881758252
8.880957879
8.880299948
8.879507406
8.878831284
8.878021591
8.877351813
8.876568005
8.87593014
8.875172326
8.874549509
8.873805113
8.873056365
8.872434934
8.871688531
8.871079843
8.87036494
8.869778156
8.869081112
8.868402051
8.867832687
8.86714697
8.866461394
8.865892581
8.865216527
8.864549303
8.864006474
8.863357975
8.862716626
8.862174151
8.86152413
8.860890053
8.860373005
8.859769986
8.859173805
8.858587395
8.858102358
8.857522492
8.856935601
8.856345348
8.855860542
8.855293103
8.854727451
8.854168637
8.853614784
8.85315175
8.852590831
8.852027843
8.851474256
8.850915225
8.850364127
8.849811237
8.849359307
8.848810767
8.848263984
8.847718809
8.847181807
8.846652581
8.846120254
8.845587258
8.84506174
8.844534717
8.844001627
8.843464166
8.842935711
8.842420572
8.84190195
8.841395185
8.840891499
8.840391408
8.839894431
8.839399466
8.838905761
8.838418795
8.837930214
8.837451851
8.836975646
8.836498247
8.836013753
8.835529884
8.8350521
8.834500688
8.834026751
8.833550513
8.833074888
8.832598821
8.832113047
8.83155837
8.831088881
8.83061853
8.830146721
8.82967644
8.829201138
8.828639362
8.828151458
8.827672012
8.827193237
8.826631213
8.826153831
8.825683015
8.825135449
8.824668006
8.82420624
8.823750083
8.823225636
8.822786246
8.82236233
8.821863914
8.821432717
8.820998605
8.82051335
8.820111757
8.819661372
8.819294043
8.818940895
8.818529601
8.818174765
8.817752631
8.817384339
8.816951371
8.816585831
8.816169396
8.815819956
8.815415418
8.815071405
8.814682339
8.814352423
8.813961359
8.813627429
8.813236222
8.81289896
8.812498693
8.8121683
8.811795165
8.811477492
8.811105508
8.810733767
8.810408615
8.810025419
8.809648737
8.809333154
8.808966712
8.808608494
8.808304631
8.807935483
8.807564086
8.807249415
8.806887037
8.806531148
8.806235626
8.805900267
8.805562125
8.805221355
8.804936883
8.8046152
8.80430176
8.803986062
8.803669392
8.803398905
8.803072889
8.80274572
8.802418398
8.80208869
8.801752406
8.801457245
8.801106538
8.800746917
8.800391992
8.800050932
8.799715505
8.799383442
8.799056077
8.798710915
8.798359758
8.798005035
8.797657254
8.79730291
8.796944107
8.796585128
8.796221451
8.795849867
8.79547582
8.795105592
8.794735366
8.794369051
8.794004268
8.793637361
8.793269536
8.792900665
8.792540618
8.792182593
8.791838229
8.791451121
8.791105369
8.790757408
8.790416162
8.790078503
8.789740636
8.789352755
8.789005434
8.788652859
8.788298412
8.787895451
8.787551944
8.787217834
8.786884873
8.786503693
8.786169615
8.785834145
8.785449598
8.785115815
8.784782287
8.784388338
8.784036539
8.783692905
8.783311996
8.782984919
8.782663123
8.782306976
8.781992435
8.781634388
8.781326577
8.781023126
8.78068631
8.780392022
8.780046512
8.779738881
8.779385113
8.779068954
8.778711371
8.778407448
8.778057138
8.777744946
8.777397954
8.777065061
8.776775986
8.776447795
8.776155705
8.775816107
8.77547562
8.775181481
8.774858183
8.774537647
8.774260355
8.773942688
8.773626209
8.773350795
8.773035066
8.772728524
8.772465228
8.772156658
8.771840771
8.771530485
8.771260762
8.770955265
8.770662506
8.770369003
8.770065574
8.76980709
8.769520477
8.769233309
8.768945027
8.768649008
8.768343838
8.768042925
8.767785158
8.767493959
8.76720849
8.766919739
8.766627721
8.766334197
8.766044465
8.765765548
8.765503472
8.765234393
8.764956492
8.76468411
8.764414399
8.764152555
8.763899928
8.763650881
8.763404777
8.763164945
8.762897166
8.76266758
8.762437321
8.762207983
8.761974611
8.761751382
8.761530997
8.761291463
8.761077868
8.76085941
8.760643449
8.760437517
8.760203947
8.760003625
8.759811342
8.759617124
8.75940124
8.759216645
8.759039132
8.758851272
8.758689313
8.75852973
8.758354418
8.758199775
8.758050269
8.757886774
8.757738783
8.757565626
8.757414748
8.757265524
8.757100863
8.756958873
8.75679808
8.756653459
8.756493837
8.756358504
8.756215755
8.756077642
8.755921161
8.755786632
8.755638067
8.75549313
8.755373289
8.755236882
8.755120024
8.755000931
8.754887686
8.754795802
8.754692096
8.75459019
8.754506172
8.754425943
8.754364448
8.754310251
8.754254941
8.754192631
8.754133534
8.754086784
8.754043696
8.753998864
8.753952205
8.753913143
8.753870867
8.753834759
8.753806373
8.753777159
8.753745952
8.753719748
8.753693349
8.753669544
8.753630939
8.753593093
8.753561814
8.753530242
8.753504148
8.753484735
8.753463623
8.753452774
8.753444216
8.75344459
8.753453952
8.753460227
8.753459245
8.753456601
8.753459444
8.753462322
8.753453567
8.753443664
8.75343786
8.75344178
8.753451675
8.753456328
8.753458931
8.753466765
8.753471012
8.753477091
8.753482673
8.753477889
8.753474511
8.753476667
8.753485048
8.753487168
8.753479529
8.753478507
8.753484005
8.753496467
8.753502256
8.753498643
8.753497219
8.75350784
8.753525221
8.753539872
8.753555242
8.753571253
8.753601376
8.753636042
8.753672608
8.753702012
8.753739736
8.75377742
8.753823541
8.753867262
8.753919183
8.753972797
8.754009097
8.754047679
8.754077594
8.754105216
8.754140729
8.754175553
8.754219641
8.754266117
8.754318219
8.754372243
8.754441086
8.754524219
8.754608936
8.754688432
8.754786109
8.754886484
8.754993588
8.755092769
8.755192684
8.75528483
8.75539027
8.75549561
8.755592922
8.755700234
8.755816271
8.755936251
8.756063264
8.756188594
8.756313568
8.756443455
8.756580335
8.756709831
8.756838084
8.756971733
8.757112805
8.757260217
8.75740545
8.757562267
8.757703917
8.757852969
8.758003704
8.75814048
8.758277552
8.758431305
8.758582086
8.758735314
8.758889951
8.759070612
8.759237174
8.759410682
8.759597029
8.759767695
8.759950778
8.760163792
8.760359518
8.76055121
8.760768445
8.76097373
8.761209686
8.761418255
8.761622351
8.761853592
8.762069006
8.762310099
8.762522806
8.76276261
8.762988656
8.763248788
8.763514982
8.763754016
8.764027883
8.764285207
8.76456845
8.764839756
8.765086503
8.765358069
8.765631888
8.76587991
8.766158357
8.766452087
8.766751219
8.767028358
8.767333615
8.767645049
8.767966344
8.768297964
8.768597145
8.768930032
8.769263552
8.769599423
8.769936455
8.770273854
8.770615099
8.770962185
8.771316038
8.771668867
8.772028107
8.772392473
8.772762459
8.7731376
8.773513492
8.773891122
8.774277275
8.774659113
8.775040553
8.775433014
8.775835881
8.776245823
8.776690658
8.777100979
8.777515713
8.777924352
8.778328885
8.778774933
8.779189198
8.779611713
8.780081031
8.780518495
8.780966636
8.781461292
8.781907607
8.782353204
8.782847544
8.783308895
8.783761481
8.784251792
8.784704391
8.785207204
8.78566989
8.786176594
8.786642515
8.787161148
8.787640865
8.78816387
8.788689364
8.789176374
8.789710723
8.790202617
8.790744843
8.791300777
8.79181852
8.792380347
8.792951205
8.79353193
8.794072936
8.794659776
8.79524843
8.79583477
8.796377473
8.796964926
8.79755516
8.798154688
8.79875482
8.799348562
8.799942895
8.800544825
8.801148669
8.80169877
8.802298293
8.802907873
8.803522793
8.804134068
8.804798245
8.80541
8.806025173
8.806641507
8.807262774
8.807886427
8.808511258
8.809131908
8.809757509
8.810437499
8.811068629
8.811698006
8.812328593
8.813018919
8.813661591
8.814306179
8.814958453
8.815669721
8.816326802
8.816981069
8.817693581
8.818359116
8.819077599
8.819744168
8.820471352
8.821148702
8.82188167
8.822561743
8.823300045
8.823981346
8.82471897
8.825405201
8.826158113
8.826852958
8.827605715
8.828363019
8.829067771
8.829827111
8.830585241
8.83128967
8.832055512
8.832811288
8.833567628
8.834264349
8.83501645
8.835755381
8.836495891
8.837237858
8.837980991
8.838667864
8.839417916
8.840167477
8.840909885
8.841651649
8.842392098
8.843136281
8.843878183
8.844622616
8.845369008
8.846114671
8.846862992
8.847670937
8.848425421
8.849177868
8.849935011
8.850690648
8.851453026
8.852274502
8.853039928
8.853804142
8.854567609
8.855388813
8.856149482
8.856910351
8.857730949
8.858498894
8.859271919
8.860102536
8.860868147
8.861692605
8.862454374
8.863211102
8.864029338
8.864792512
8.865613308
8.866429943
8.867188432
8.868011126
8.868771473
8.869591719
8.870414376
8.87117809
8.871995561
8.872819685
8.87359257
8.874424032
8.875258427
8.876101858
8.876883399
8.877717544
8.878550203
8.87938337
8.880213448
8.881050219
8.88189247
8.882673744
8.883516655
8.884364369
8.885211492
8.886056057
8.886901352
8.887750259
8.888599265
8.889515306
8.890379404
8.891242285
8.89210435
8.89297054
8.8938387
8.894705614
8.895637792
8.896512772
8.897384278
8.898255578
8.89919329
8.900069231
8.900944775
8.901891251
8.902780354
8.90373245
8.904628054
8.905527726
8.906490672
8.907394666
8.908365762
8.909271574
8.910241898
8.911146449
8.912116688
8.913088984
8.914005048
8.91499046
8.915972955
8.91689469
8.917882108
8.918862031
8.919777446
8.920756727
8.921735011
8.92271353
8.923695916
8.924615023
8.92559534
8.926577127
8.927553564
8.928532907
8.929514903
8.930497473
8.931478809
8.932468484
8.933463755
8.934453285
8.935441568
8.936430513
8.937413112
8.938394469
8.939446687
8.940430557
8.941410595
8.942391358
8.943367997
8.944403294
8.945377124
8.946352066
8.947386025
8.948355261
8.949322302
8.950350426
8.95132117
8.952360037
8.953329724
8.954364209
8.955333913
8.956357952
8.957321064
8.958347303
8.959301276
8.96031971
8.961281847
8.962304168
8.96332415
8.964279985
8.965299106
8.966321033
8.967349687
8.968311883
8.969339279
8.970367455
8.971391353
8.972412071
8.973429425
8.974446938
8.975461523
8.976409518
8.977413329
8.978422467
8.979437724
8.980509828
8.981515817
8.982517215
8.983512751
8.984506888
8.98550005
8.986488924
8.987481081
8.988540409
8.989539202
8.990536678
8.991532962
8.992583554
8.99357156
8.994559123
8.995607291
8.996596689
8.997645923
8.998634106
8.999683757
9.000670788
9.001716351
9.002700838
9.003748282
9.004731164
9.005773605
9.006811208
9.00778851
9.008825759
9.009861629
9.010836749
9.011868558
9.012895668
9.013924054
9.014891391
9.015918671
9.016952397
9.017986471
9.019018981
9.020052366
9.021086564
9.022121347
9.023158048
9.024189104
9.025223499
9.026260057
9.02729627
9.028336045
9.029377446
9.030474502
9.031512964
9.032545809
9.033569728
9.034594147
9.035675347
9.036698581
9.037718552
9.038796064
9.039813982
9.040889574
9.041902935
9.042914196
9.043987942
9.045002772
9.046080715
9.047152116
9.048164392
9.049238938
9.05025555
9.051338004
9.052417602
9.053433196
9.054508849
9.055581454
9.056652047
9.057660959
9.058723415
9.059790069
9.060857268
9.06192312
9.06299521
9.064061944
9.065125521
9.066189296
9.067246634
9.068304045
9.069354322
9.070401833
9.071450034
9.072499619
9.073554205
9.074668038
9.075721652
9.07677775
9.077832676
9.078947442
9.080003924
9.081054722
9.082164091
9.083213849
9.084322577
9.085379482
9.08649297
9.087545109
9.088655402
9.089706493
9.090813537
9.09185736
9.092959692
9.094065927
9.095108624
9.096208355
9.097304077
9.09840464
9.09945283
9.10055758
9.101659175
9.102760326
9.103861447
9.104959137
9.106055567
9.107152165
9.108248994
9.109338734
9.11042526
9.111505841
9.112586161
9.11366191
9.114732938
9.115801116
9.116917095
9.117979565
9.11904241
9.120104975
9.121225743
9.122287919
9.12335567
9.124478687
9.125547146
9.126666621
9.127726931
9.128840146
9.129890563
9.130992073
9.132039334
9.133141023
9.134242563
9.135286961
9.136388337
9.137488373
9.138532595
9.139632436
9.140733737
9.141843139
9.142949167
9.144055179
9.145159906
9.146262404
9.147310658
9.148410989
9.149564155
9.150661114
9.151757534
9.152855063
9.15395184
9.155049844
9.156141054
9.157228521
9.158367441
9.159450408
9.160530643
9.161662875
9.162749297
9.163840818
9.164986452
9.166074634
9.167213322
9.168300444
9.169439735
9.17052524
9.171659513
9.172792081
9.173866847
9.174995759
9.176119583
9.177187408
9.178303212
9.17942027
9.180540797
9.181653608
9.182714871
9.183827546
9.184935121
9.186040662
9.187143247
9.188245961
9.189344519
9.190448641
9.191604521
9.19270893
9.193816343
9.194920064
9.196020435
9.197171032
9.19827202
9.199370866
9.200475984
9.201636695
9.202745573
9.203905564
9.205009511
9.206162839
9.207263202
9.208416554
9.209514267
9.210662193
9.211808478
9.212902464
9.214044562
9.215185724
9.21627452
9.21741922
9.218560189
9.219701987
9.220841891
9.221977721
9.223117923
9.224254768
9.225394574
9.226532844
9.227668345
9.228799993
9.22993237
9.231061339
9.232193068
9.233370756
9.234488681
9.235600638
9.236708375
9.237865257
9.238967528
9.240118367
9.241223542
9.242378638
9.243475857
9.244622988
9.245718465
9.246862555
9.247951566
9.249086711
9.250222385
9.251306341
9.252439089
9.253572872
9.254701036
9.255827926
9.256910355
9.25804577
9.2591834
9.260315506
9.261450825
9.262587663
9.263725868
9.26490765
9.266036012
9.267162475
9.268290395
9.269412179
9.270581784
9.271702337
9.272817957
9.273976573
9.275088585
9.276201777
9.27736016
9.278464418
9.279621349
9.28072948
9.281893142
9.28305138
9.284159051
9.285310178
9.286460219
9.287556081
9.288699976
9.289839691
9.290978142
9.292117175
9.293252219
9.294382478
9.295508319
9.296629882
9.297747673
9.29886049
9.299974398
9.301084817
9.302191532
9.303294385
9.304445106
9.305547474
9.306648692
9.307790216
9.308886598
9.309978746
9.311113741
9.312200458
9.313335582
9.314425133
9.315553985
9.316676486
9.317748321
9.318855386
9.319963151
9.321026746
9.322127502
9.323223903
9.324318106
9.325408559
9.326490126
9.327569078
9.328645521
9.329725477
9.330802725
9.331879603
9.332949883
9.33401148
9.335115927
9.336174951
9.33722894
9.338277028
9.339362087
9.34039849
9.341467065
9.342485381
9.343503348
9.344561216
9.345615986
9.346628214
9.347683614
9.348696364
9.349746472
9.35078744
9.351827477
9.35286368
9.353859578
9.35489554
9.355925584
9.356961292
9.357997524
9.359029787
9.360057934
9.361087001
9.36211294
9.363176467
9.364195006
9.365212756
9.366226148
9.367271707
9.368277556
9.369278825
9.370312579
9.371298556
9.372321404
9.373301497
9.374310057
9.375318465
9.376281558
9.377275168
9.378256365
9.379195196
9.380164723
9.38113069
9.382092315
9.383052283
9.384011495
9.384961311
9.385905837
9.386842629
9.387775241
9.388704971
9.389629403
9.390553824
9.391506611
9.392421296
9.393325611
9.394257594
9.3951483
9.396033304
9.396950876
9.397834231
9.398745181
9.399653637
9.400525582
9.401432889
9.402335017
9.403199631
9.404091116
9.404981548
9.405873045
9.406763006
9.407650578
9.408537915
9.409421793
9.410302362
9.41117828
9.412051361
9.412914333
9.413774851
9.414631518
9.415511289
9.416357123
9.417197119
9.418062805
9.418894292
9.419750249
9.420573648
9.421419844
9.422235825
9.423078211
9.42391926
9.424764569
9.425579487
9.4264211
9.427255792
9.428091129
9.428924232
9.429751145
9.430575766
9.431396698
9.432211556
9.433021744
9.433826337
9.434617791
9.435423003
9.436191275
9.436956209
9.437743847
9.438500761
9.439251906
9.440020668
9.44076057
9.441511412
9.44225636
9.442975806
9.443715338
9.444453779
9.445167106
9.445900918
9.446630692
9.447353931
9.448069188
9.448780774
9.449483085
9.450183998
9.450884116
9.451583354
9.452278335
9.45298756
9.453667214
9.45433954
9.455030039
9.455694058
9.456356213
9.457033944
9.457686333
9.458355029
9.459016061
9.4596473
9.460294603
9.460939036
9.461581221
9.462203107
9.462842839
9.463479047
9.464111001
9.464736566
9.465363701
9.465986768
9.466601662
9.467232655
9.467838245
9.468436106
9.46902775
9.469629058
9.470204624
9.470770869
9.471342755
9.47188303
9.472432778
9.472975479
9.473493852
9.474025646
9.474550405
9.475053132
9.475559677
9.476054714
9.476541735
9.477017386
9.477482158
9.477937301
9.478389798
9.478839178
9.479275317
9.479717917
9.480138552
9.48055444
9.480981901
9.481385336
9.48177692
9.482172072
9.482551932
9.482934483
9.483316573
9.483680531
9.484045845
9.484403117
9.484755853
9.485099146
9.485426072
9.485764126
9.486094276
9.486412833
9.486725404
9.48703966
9.487334514
9.487621662
9.487903207
9.488185508
9.488448485
9.488706303
9.488961872
9.489206506
9.489457651
9.489694287
9.489934098
9.490166204
9.490393621
9.490607533
9.490816402
9.49101693
9.49120452
9.491383064
9.491554
9.491717782
9.491871315
9.492011445
9.492140903
9.49226495
9.492372222
9.492467601
9.492557622
9.492636388
9.492708896
9.492767633
9.49281667
9.492857358
9.492888182
9.492908309
9.492913592
9.492905875
9.492888284
9.492860871
9.492818742
9.492763485
9.492702978
9.492631696
9.492548159
9.492450951
9.492345403
9.49222667
9.492090708
9.491947484
9.491794669
9.491642892
9.491478879
9.491317035
9.491137075
9.49094481
9.490745823
9.490532963
9.490313764
9.490091506
9.489861396
9.489622347
9.489379307
9.489136005
9.488888147
9.488629784
9.488357185
9.488084516
9.487806616
9.487513217
9.487225176
9.486924304
9.486622951
9.486307638
9.485995745
9.485669693
9.485336687
9.484998872
9.484654894
9.484308086
9.483959089
9.48358994
9.483223768
9.482850768
9.482473552
9.482084954
9.481690548
9.481280571
9.480879231
9.480471732
9.480049493
9.479629337
9.479188974
9.478743471
9.47830868
9.477853968
9.47739253
9.476927405
9.476456882
9.475977737
9.47548898
9.474998866
9.474502921
9.474002699
9.473500016
9.472992571
9.472468916
9.471952523
9.471418753
9.47089638
9.470352819
9.469816811
9.469257485
9.468686128
9.468120301
9.467531058
9.466930196
9.466316114
9.46569453
9.465065271
9.464426784
9.463781208
9.463127471
9.462465711
9.461779445
9.461105744
9.460425961
9.459727423
9.459042964
9.458333156
9.457620045
9.456914523
9.456180344
9.455434654
9.454679791
9.453916678
9.453165697
9.452389463
9.451588967
9.450799426
9.450004395
9.449202759
9.448389694
9.44754608
9.446716687
9.445862502
9.445025231
9.444159288
9.443310226
9.442435664
9.441552541
9.440681208
9.439779411
9.438869436
9.437955635
9.437033993
9.436104896
9.435166992
9.434224291
9.433253546
9.432303282
9.431346206
9.430360273
9.429393464
9.428400217
9.427427201
9.426423581
9.425414845
9.424398556
9.423402411
9.422375664
9.421341731
9.420301832
9.419257934
9.418206122
9.417142322
9.416045223
9.414963788
9.41387205
9.412739697
9.411622582
9.410474113
9.409349088
9.408197108
9.407043753
9.405911993
9.404748338
9.403577947
9.402401374
9.401219035
9.400033117
9.39884379
9.397648545
9.39641754
9.395210536
9.394004089
9.392765714
9.391552915
9.390311221
9.389095041
9.387847712
9.386597613
9.385378852
9.384128688
9.382871478
9.381610949
9.380346088
9.379078405
9.377810738
9.376513138
9.375242985
9.373967469
9.372656815
9.371371211
9.370080139
9.368749097
9.367407455
9.366095161
9.364755285
9.363412934
9.362065313
9.360717465
9.359364881
9.358004355
9.356638779
9.355270375
9.353901054
9.352491991
9.351106187
9.349686621
9.348291078
9.346856701
9.345449816
9.344006704
9.342555109
9.341087729
9.339643998
9.338163222
9.336670757
9.335136483
9.333623583
9.332105623
9.330584359
9.329053146
9.327480742
9.325935778
9.324351762
9.322791678
9.321198371
9.3195999
9.317993763
9.316380458
9.31480032
9.313190653
9.311572428
9.309910009
9.30827242
9.306634006
9.30499186
9.303311529
9.301665041
9.299982143
9.298330027
9.296641466
9.294949105
9.29328621
9.291585435
9.289888822
9.288197165
9.28651158
9.28483597
9.283161981
9.281452521
9.279777975
9.278102451
9.276388549
9.274702814
9.27297468
9.27127998
9.269546842
9.267810626
9.26607574
9.264347899
9.262624098
9.260899262
9.259175847
9.257456183
9.255736504
9.253979886
9.252260085
9.250539318
9.248782766
9.24703224
9.245323703
9.243580587
9.24184156
9.240112191
9.238388899
9.236668623
9.23494591
9.233226086
9.231509294
9.229797934
9.22806199
9.226364349
9.224635888
9.222943755
9.221223519
9.219539275
9.217827014
9.216119975
9.214422517
9.212731779
9.211047543
9.209370624
9.207697157
9.20599373
9.204327663
9.202668044
9.200979835
9.199328297
9.19764927
9.195975815
9.194305515
9.192672075
9.191006205
9.189342522
9.187683726
9.185999546
9.184355809
9.182722698
9.181098548
9.179453407
9.177848185
9.176221199
9.174630359
9.173016751
9.171409318
9.169806794
9.168210151
9.166616906
9.165030727
9.1634527
9.161873295
9.160268731
9.158697036
9.15713196
9.155548425
9.154003483
9.152437181
9.150877563
9.149319304
9.147759668
9.146201936
9.144644048
9.14308918
9.141538872
9.139994958
9.13843176
9.136907794
9.135365714
9.133865543
9.132354151
9.130880207
9.129390918
9.127908971
9.126430588
9.12495062
9.123473076
9.121996983
9.12049976
9.119035173
9.117581237
9.116116185
9.114689695
9.113243158
9.111799688
9.110359995
9.108949571
9.107514523
9.106076538
9.104614935
9.103179509
9.101745718
9.100319413
9.098869588
9.097452349
9.096016879
9.094584167
9.093177386
9.091747827
9.090319649
9.088900032
9.087488733
9.086085652
9.084688928
9.083276928
9.081895046
9.080516778
9.079120587
9.077729067
9.076376105
9.075005275
9.073644609
9.072294589
9.070956729
9.069631672
9.068316176
9.067016499
9.065707162
9.064439439
9.063161233
9.061916497
9.060661457
9.059436001
9.058200464
9.056980129
9.055766694
9.054562696
9.053370144
9.052165975
9.050984905
9.049807431
9.048610176
9.047440103
9.046263264
9.045091203
9.043946103
9.04279376
9.041649327
9.040512956
9.039374282
9.038268997
9.037170254
9.036082954
9.034981602
9.033900396
9.032813938
9.03174183
9.030678058
9.029639305
9.028588791
9.027526683
9.02648881
9.025458457
9.024436147
9.023401079
9.022389772
9.021368095
9.020364036
9.01934526
9.018333859
9.017326813
9.016320088
9.015311301
9.014303927
9.013301891
9.01228531
9.011285589
9.010271932
9.009274055
9.008266586
9.007263034
9.006270514
9.005301585
9.004309216
9.003340649
9.002380122
9.001429315
9.000467129
8.999530106
8.998586937
8.997669338
8.996747975
8.995833354
8.994931857
8.994038422
8.993154868
8.992281134
8.991417072
8.990551112
8.989707693
8.988864948
8.988041258
8.987210988
8.986393604
8.985591149
8.984797691
8.98400779
8.983223824
8.9824459
8.981664528
8.98090491
8.980145747
8.979408024
8.978669159
8.977937409
8.977216349
8.97650887
8.975815787
8.975131979
8.974456563
8.973795867
8.973142796
8.972512929
8.971886441
8.97127073
8.970665251
8.970078804
8.969494043
8.968908735
8.968342953
8.967786119
8.967241843
8.966697253
8.966171511
8.965650594
8.965140918
8.964648177
8.964163905
8.963692362
8.963231229
8.962785708
8.962353147
8.961925643
8.961515966
8.961115311
8.960725863
8.96035653
8.959995148
8.959649801
8.959327571
8.959019992
8.958716393
8.958432258
8.958158422
8.957908527
8.957674154
8.957456617
8.957258093
8.957074521
8.956908669
8.95675996
8.956632288
8.956515751
8.956415267
8.956332923
8.956271235
8.956232612
8.956210655
8.956207508
8.956221427
8.956256301
8.956303027
8.956369994
8.956451617
8.956543568
8.956648377
8.956759587
8.956880653
8.957013117
8.9571547
8.957304015
8.957465639
8.957640249
8.957829042
8.958025172
8.958232646
8.958450435
8.95868602
8.958929883
8.959191063
8.959468985
8.959751337
8.960047358
8.960363823
8.960694055
8.961042515
8.961399977
8.961774036
8.962163399
8.962572965
8.962997682
8.963445578
8.963906107
8.964378384
8.964866178
8.965361792
8.965858591
8.96637164
8.966890705
8.967414515
8.967950674
8.968506805
8.969064953
8.969640453
8.970218798
8.970811997
8.971412917
8.97203358
8.972669283
8.973315629
8.973977651
8.974649304
8.975335903
8.976018263
8.976716663
8.977418196
8.9781154
8.978827898
8.979554581
8.980278689
8.981011221
8.981755149
8.9825279
8.983317042
8.984113243
8.984935012
8.985764805
8.986602577
8.987450487
8.988306864
8.989183514
8.990065301
8.990973305
8.991888588
8.992793856
8.993715623
8.994646944
8.995585909
8.996540638
8.997494454
8.998456788
8.99944247
9.000438915
9.001447497
9.002449699
9.003467574
9.004503612
9.005535769
9.006579466
9.007642978
9.008709602
9.009808352
9.010921948
9.012047936
9.01318373
9.01433322
9.01549074
9.016668614
9.017878875
9.019091486
9.020333113
9.021586528
9.022849799
9.024129289
9.025424541
9.026734438
9.028072689
9.029405481
9.030766798
9.032127851
9.03351724
9.034922303
9.036337496
9.037758077
9.039194429
9.040619914
9.042071271
9.043513304
9.044982145
9.046462101
9.047945464
9.049441054
9.050952764
9.052491637
9.054015059
9.055562227
9.057091707
9.058647455
9.060216257
9.061790216
9.063371774
9.064975996
9.066562715
9.068170847
9.069760727
9.071375507
9.072997942
9.074627808
9.076260026
9.077898299
9.07954692
9.081223977
9.082910092
9.084580725
9.086282869
9.087994457
9.089715702
9.091442124
9.093195604
9.094934299
9.096699964
9.098457757
9.100248388
9.102055119
9.103877878
9.105714658
9.107579995
9.109425693
9.111293855
9.113157407
9.115060452
9.116988002
9.118938575
9.12091163
9.12290467
9.12493597
9.126953263
9.12900546
9.131067617
9.133133977
9.135205632
9.137284717
9.139377975
9.14148259
9.143622599
9.145777714
9.147919476
9.150090873
9.152271487
9.154463207
9.156689338
9.158899093
9.161140656
9.163368203
9.165627401
9.167896597
9.170180257
9.17247693
9.174780356
9.177116908
9.17944016
9.181807798
9.184186082
9.186572546
9.188968715
9.191379041
9.193796077
9.196244829
9.198697482
9.201126079
9.203579061
9.206023624
9.208472402
9.210930969
9.213423827
9.21589801
9.218408085
9.220925441
9.223449484
9.225977077
9.228508081
9.231046289
9.233599166
9.236189852
9.238789337
9.241366877
9.243978102
9.246585601
9.249221319
9.251834756
9.254482059
9.257113278
9.259782572
9.262462563
9.265150261
9.267844591
9.270548071
9.273286384
9.275999242
9.278743492
9.281494365
9.284254047
9.287018734
9.289784169
9.29255222
9.295352539
9.298156514
9.300941445
9.303763643
9.30658859
9.309439205
9.31225495
9.315068633
9.317914216
9.320762544
9.323608989
9.326458708
9.329310308
9.33216292
9.33505145
9.337916332
9.340805214
9.343689989
9.346576552
9.349465902
9.352360898
9.355291102
9.35819771
9.361140405
9.364086955
9.36703076
9.369966761
9.372901406
9.375836192
9.378797501
9.381761479
9.384727438
9.387674325
9.39068464
9.393668996
9.396656332
9.399675081
9.402695262
9.405689246
9.408716415
9.41174361
9.414799618
9.417824996
9.42087978
9.423910617
9.426974758
9.430041487
9.433111039
9.436211476
9.439286876
9.442394343
9.445474695
9.448585659
9.451696716
9.454835265
9.457941933
9.461049826
9.464187395
9.467324338
9.470454396
9.473575425
9.476688206
9.479798003
9.482932407
9.486035124
9.489166766
9.492301668
9.495439157
9.498576923
9.501743194
9.504876033
9.508033351
9.51118019
9.514319776
9.517450478
9.520575071
9.523722468
9.52683576
9.529972155
9.533103959
9.536236722
9.539365466
9.542517091
9.545634662
9.548771746
9.551898746
9.555015962
9.558129275
9.56123851
9.564369351
9.567466999
9.570589211
9.573705645
9.576818994
9.579929266
9.583065197
9.586166602
9.589291254
9.592413333
9.595529097
9.598638926
9.601748856
9.60488527
9.607989528
9.611118077
9.614242956
9.617361017
9.620473407
9.623605508
9.626702513
9.629823518
9.632939434
9.636049996
9.639152929
9.642270911
9.645356651
9.648460945
9.651558587
9.654652715
9.657740638
9.660823397
9.663924001
9.667016984
9.67007703
9.673164486
9.676274725
9.67935562
9.682434491
9.685537356
9.6886356
9.691733162
9.694829803
9.697927611
9.70105171
9.704147399
9.707269816
9.710390321
9.713506663
9.716621628
9.719764195
9.722883537
9.726031395
9.729179222
9.732325416
9.735489827
9.738621715
9.741778325
9.74490683
9.74806768
9.751229232
9.754409409
9.757559261
9.76073408
9.76390683
9.767081086
9.770252363
9.773419129
9.776584346
9.779774874
9.782959394
9.786141411
9.789322764
9.792506583
9.795715525
9.798896744
9.802101612
9.805311364
9.808529113
9.811774673
9.814992411
9.818234759
9.821476852
9.824715655
9.827956642
9.831222568
9.834461609
9.837725147
9.84098802
9.844250332
9.847511006
9.850795586
9.854052161
9.85733338
9.860610599
9.86388433
9.867151311
9.870440868
9.873698912
9.876975929
9.880245719
9.883532786
9.88678632
9.890032948
9.893298409
9.896555994
9.899807743
9.903053909
9.906316426
9.909572705
9.912800554
9.91605119
9.919324132
9.922566408
9.925802473
9.929057359
9.932307905
9.935549398
9.938784282
9.942036908
9.945258669
9.94849666
9.951725177
9.954945451
9.95818318
9.961388689
9.964607026
9.967811039
9.971002336
9.974185682
9.977389927
9.980567048
9.98376257
9.986953775
9.990138978
9.993340277
9.996509259
9.999691085
10.00286619
10.00603289
10.00921295
10.01235821
10.01551473
10.0186617
10.02179958
10.02492806
10.02804558
10.03117634
10.03429493
10.03740244
10.04049927
10.04358446
10.04668009
10.04976425
10.05283902
10.05590199
10.0589538
10.06202079
10.0650792
10.06812974
10.07117365
10.07421008
10.07726026
10.08028281
10.08331881
10.08634616
10.08938173
10.09238629
10.09540102
10.0984062
10.10140227
10.10438766
10.10736409
10.11035213
10.1133325
10.11630582
10.1192702
10.12224782
10.12519837
10.12816415
10.13112331
10.13407245
10.13703528
10.1399697
10.14291567
10.14585542
10.14880931
10.15173385
10.15466871
10.15757293
10.16048827
10.16341548
10.16631199
10.16921395
10.17210309
10.17498069
10.17784774
10.18070556
10.18357142
10.18642577
10.18926754
10.19209393
10.19492241
10.19771594
10.20051309
10.20329417
10.20608183
10.20883958
10.21160433
10.21436114
10.21710571
10.2198387
10.22258056
10.22529793
10.2280245
10.23075933
10.23346565
10.23615941
10.23885842
10.24154475
10.24421985
10.24690345
10.24955999
10.25222069
10.25486921
10.25752138
10.26014556
10.26277507
10.26539368
10.26799832
10.27058851
10.2731685
10.27575476
10.27833107
10.28090025
10.28347683
10.28602619
10.28858043
10.29111894
10.2936434
10.29617024
10.29867041
10.30117686
10.30367326
10.30617448
10.3086505
10.31113344
10.31360744
10.31607132
10.31852766
10.32099266
10.32344984
10.32590019
10.32834156
10.33078748
10.33320672
10.33563365
10.33806866
10.34048119
10.34290057
10.34529715
10.34770136
10.35011239
10.35250057
10.35489724
10.35728699
10.35966917
10.36204299
10.36442148
10.36679166
10.36915357
10.37150578
10.37386469
10.37620038
10.37854241
10.38087705
10.38322051
10.38554317
10.38787514
10.39020264
10.39253816
10.39485287
10.39717491
10.3994891
10.40179609
10.40410937
10.40640332
10.40870472
10.41100231
10.41331103
10.41560291
10.4179042
10.42019934
10.42250178
10.42478684
10.42708198
10.42937366
10.43165907
10.43395299
10.43622971
10.43851791
10.44080349
10.44310139
10.44538409
10.44767691
10.44996356
10.45225902
10.45453423
10.45681589
10.45908969
10.46135655
10.46362921
10.46589442
10.4681517
10.47040184
10.47264739
10.47490144
10.47715103
10.47939406
10.48164475
10.48387635
10.48611188
10.48833888
10.49057114
10.49279565
10.49499819
10.49721793
10.49941827
10.50162415
10.50381014
10.50601361
10.50819774
10.51037488
10.51255647
10.5147294
10.51690362
10.51905314
10.52120446
10.52334405
10.52547361
10.52760444
10.52972374
10.53183371
10.53393214
10.53603086
10.53811823
10.54019276
10.54225188
10.54430831
10.54634179
10.54837465
10.55040693
10.55241543
10.55441913
10.55640896
10.55838591
10.56036134
10.56232212
10.56426979
10.56620403
10.56813567
10.57005347
10.57195794
10.57385104
10.57574098
10.57761461
10.57947364
10.58132016
10.58316325
10.58499315
10.58681391
10.58862433
10.59043466
10.59223646
10.59403157
10.59581878
10.5976084
10.59938882
10.6011591
10.60292872
10.60467692
10.60642082
10.60816155
10.60988316
10.61160315
10.6133116
10.61500918
10.61670558
10.61839062
10.62006562
10.62172907
10.62338834
10.62503529
10.6266711
10.62830422
10.62991714
10.63152921
10.63313098
10.63472913
10.63631511
10.63788958
10.63945368
10.64101388
10.64256196
10.64409776
10.64562246
10.64714085
10.64864676
10.65014151
10.65162155
10.65309361
10.65455116
10.65600402
10.65743353
10.6588532
10.66025625
10.66164961
10.66302132
10.66438663
10.66573762
10.66708264
10.66841581
10.6697379
10.67105072
10.67235826
10.67365552
10.67494145
10.67621455
10.67748411
10.67874461
10.67999566
10.68124268
10.68248374
10.68371667
10.68494239
10.68616496
10.68737866
10.68858405
10.68978731
10.69098425
10.69217487
10.69336235
10.69455319
10.69574004
10.69691926
10.69809562
10.69925949
10.70042629
10.70158078
10.70273839
10.7038883
10.70503455
10.70617514
10.70731367
10.70844467
10.70957744
10.71070614
10.71182997
10.7129507
10.71407148
10.71518198
10.71629574
10.71739713
10.71849789
10.71959285
10.72068203
10.72177178
10.7228591
10.72394337
10.72502823
10.72610332
10.72718418
10.72825515
10.72932507
10.73039042
10.7314504
10.73251132
10.73356506
10.73460987
10.73564804
10.73668534
10.73771506
10.73874042
10.73975491
10.74076508
10.74177048
10.74275979
10.7437457
10.7447265
10.7457052
10.74667593
10.74764109
10.74860015
10.74955822
10.75050783
10.75145827
10.75240267
10.75334859
10.75429175
10.75522319
10.75615142
10.75707614
10.75799953
10.75891397
10.75982205
10.76072271
10.76162283
10.76250953
10.7633869
10.76424892
10.76510054
10.76594395
10.76677255
10.76759559
10.76840682
10.76920133
10.76998928
10.77076629
10.77153666
10.77229885
10.77305207
10.77378847
10.77450923
10.77521171
10.77589735
10.77656061
10.77720112
10.77781519
10.77840896
10.77898588
10.77954971
10.78009965
10.78062944
10.78113496
10.78162298
10.78209419
10.7825519
10.78299806
10.78343368
10.78385389
10.78426015
10.78465256
10.78503245
10.78539461
10.78573851
10.7860613
10.78636602
10.78665521
10.78693029
10.7871909
10.78743232
10.78765585
10.78786957
10.78807573
10.78827316
10.78845706
10.78862495
10.78877751
10.78891277
10.78903467
10.78913375
10.78921156
10.78927142
10.78931465
10.78934194
10.78935082
10.78934025
10.7893124
10.78926999
10.78921452
10.78914492
10.78906228
10.78896669
10.78885898
10.78874023
10.78860941
10.78847129
10.78832282
10.78816784
10.78800263
10.78782051
10.78762731
10.78742313
10.78720814
10.78697768
10.78673662
10.78648388
10.78621893
10.7859403
10.7856439
10.78533244
10.78500958
10.78467481
10.78432719
10.78396991
10.78359708
10.78320434
10.78279018
10.78236218
10.78192159
10.78146944
10.78100907
10.78053819
10.78005714
10.77956343
10.77905913
10.77855071
10.77803214
10.77749434
10.77694177
10.77638098
10.77580364
10.77521715
10.77462371
10.77401584
10.77339587
10.77276724
10.7721288
10.77147976
10.77082262
10.77015487
10.76947829
10.7687984
10.76810729
10.76739986
10.7666854
10.76595545
10.76521545
10.76446621
10.76370687
10.76293646
10.76214802
10.76134874
10.76053026
10.75969543
10.75884828
10.75798096
10.75710441
10.75621111
10.75530424
10.7543845
10.75345916
10.75252281
10.75158086
10.75062839
10.74967398
10.74871855
10.74776692
10.74681445
10.74585842
10.74490163
10.74393673
10.74296333
10.74197932
10.74098481
10.7399806
10.73895582
10.73791171
10.73684851
10.73576883
10.73466488
10.73353795
10.73239603
10.73123732
10.73005289
10.72885679
10.72765168
10.726432
10.72519502
10.7239432
10.72268018
10.72141788
10.72015529
10.7188818
10.71760989
10.716322
10.71502625
10.7137102
10.71238674
10.71105809
10.70971814
10.70836943
10.70703063
10.70567739
10.70431736
10.7029348
10.70155572
10.70017168
10.69877032
10.69734516
10.6959074
10.69445716
10.69298122
10.69148059
10.68996781
10.68842342
10.68684599
10.685252
10.68363475
10.68198473
10.68030795
10.67859972
10.67686044
10.67510108
10.67330981
10.67149899
10.66966234
10.66779201
10.66589807
10.66396954
10.66200971
10.66002356
10.65800981
10.65595991
10.65386838
10.65173912
10.64957685
10.64737334
10.64513821
10.64287969
10.64059089
10.6382618
10.63589105
10.63347799
10.63103127
10.62853832
10.62601964
10.62347455
10.62090542
10.61831547
10.61569377
10.61306084
10.61040649
10.60771384
10.60500301
10.60226409
10.59951305
10.59672152
10.59390974
10.59106937
10.58820252
10.58531294
10.58239436
10.5794642
10.57652049
10.57355071
10.57058724
10.56762302
10.56466393
10.56167853
10.55867382
10.55564546
10.55261391
10.54957495
10.5465161
10.54343942
10.54035218
10.53725092
10.53415571
10.53106351
10.52799159
10.52492647
10.52186175
10.51881006
10.51577709
10.51274968
10.5097233
10.50668838
10.50366303
10.50064066
10.49762255
10.49459461
10.49156181
10.4885199
10.48547174
10.48240731
10.47933125
10.47621403
10.47308717
10.46991116
10.46672184
10.46350865
10.46027391
10.45701335
10.4537334
10.45041906
10.44706537
10.44368527
10.44028685
10.43685533
10.43338608
10.42987951
10.42634979
10.42279592
10.41920035
10.41556413
10.4118985
10.40818125
10.40441371
10.40057843
10.39669586
10.39277876
10.38881855
10.38480427
10.38072568
10.37657517
10.37235737
10.36807692
10.36371973
10.3592997
10.35483907
10.35031074
10.34572968
10.34107134
10.3363267
10.33153511
10.32670389
10.32180882
10.31686775
10.31188513
10.30684732
10.30176004
10.29664271
10.29147626
10.28626777
10.28098669
10.27565759
10.27027521
10.26487061
10.25941411
10.25393083
10.24842257
10.24291727
10.23734557
10.23174435
10.22609883
10.22041957
10.2147028
10.20895767
10.2031783
10.1973561
10.19150273
10.18565757
10.17979863
10.17393633
10.16802698
10.16208215
10.15613139
10.15015913
10.14417777
10.13814697
10.13206246
10.12593787
10.11974328
10.11348769
10.10719866
10.10089881
10.09461365
10.08829596
10.08200436
10.07568541
10.06931609
10.06294899
10.05655531
10.050157
10.04372896
10.03730386
10.0308794
10.02446983
10.01808491
10.01172185
10.00540513
9.999057293
9.992700314
9.986347305
9.980010498
9.973709597
9.967417091
9.961138401
9.954897148
9.948681206
9.942481872
9.936297045
9.93011321
9.923922739
9.91776327
9.911628514
9.905482724
9.899373316
9.89326526
9.887214687
9.881159405
9.875140414
9.869163974
9.863221118
9.857323915
9.851454955
9.845616353
9.839800796
9.834026342
9.828253441
9.822549962
9.816886627
9.811255251
9.805647851
9.800076898
9.794522458
9.788996986
9.783470487
9.777926599
9.772376965
9.766860944
9.761401741
9.755974347
9.750591816
9.745195188
9.739823097
9.734457089
9.729102114
9.72376974
9.71843958
9.713115141
9.707801569
9.7024748
9.697164211
9.691844277
9.686533206
9.681223801
9.675904444
9.670595063
9.665288164
9.65994747
9.65459081
9.649187367
9.64375845
9.63829997
9.632850485
9.627387098
9.621898726
9.616419125
9.610930353
9.605396094
9.599844914
9.594309885
9.588766458
9.583185524
9.577568128
9.571943418
9.566301043
9.560640495
9.554992738
9.549344326
9.54369575
9.538048281
9.532398707
9.526743947
9.521058712
9.515343778
9.509596042
9.50380916
9.498026324
9.492205633
9.486381428
9.480558012
9.474736292
9.468958106
9.46321407
9.45745874
9.451710602
9.445982577
9.440246884
9.43451448
9.428792902
9.423083047
9.417392843
9.411729932
9.4061057
9.400490065
9.394887593
9.389307459
9.383749123
9.378192834
9.372685539
9.367161609
9.361683572
9.356257324
9.350878551
9.345526398
9.340199833
9.334898607
9.329608379
9.324333132
9.319091388
9.313839306
9.308623368
9.303463379
9.29833067
9.293222619
9.288147607
9.283132193
9.278152432
9.273204781
9.26826088
9.263368111
9.258507905
9.253676302
9.248866753
9.244114051
9.239421943
9.234791045
9.230221494
9.225722223
9.221265521
9.216864575
9.212525342
9.20822316
9.203988841
9.199797545
9.195704376
9.191671668
9.187718377
9.183837912
9.180016079
9.17629447
9.172635381
9.169050497
9.165540189
9.162077882
9.15866951
9.155309893
9.151985473
9.148728137
9.145552865
9.142489167
9.139515161
9.136598733
9.133748822
9.130939624
9.128188964
9.125511786
9.122879068
9.120314949
9.117838901
9.115442232
9.113127842
9.110884921
9.108714357
9.106608777
9.104564241
9.102582378
9.100704345
9.098910458
9.097168592
9.095488047
9.093880249
9.092360009
9.090915461
9.089510639
9.088144506
9.086851731
9.085644909
9.084530384
9.08349771
9.082531771
9.081615971
9.080781435
9.079996729
9.079260292
9.078573041
9.077932964
9.077353581
9.076860469
9.076447155
9.076128865
9.075871313
9.075652916
9.075467616
9.075336598
9.075257022
9.075218957
9.075210589
9.075233653
9.075293378
9.075387861
9.075527249
9.075706911
9.07594093
9.076208915
9.076529314
9.076901064
9.077317589
9.077770869
9.078289342
9.078851909
9.079463683
9.08013182
9.080851549
9.081639039
9.082484811
9.083389809
9.084345736
9.085357454
9.086420873
9.087550669
9.088749622
9.090011861
9.091321557
9.0926921
9.094150176
9.095694625
9.097346404
9.099095113
9.100903422
9.102758512
9.104672417
9.106617819
9.108592139
9.110599196
9.112639151
9.11473445
9.116886448
9.119084282
9.121333194
9.123628892
9.125946167
9.128290091
9.130664444
9.133089366
9.135554559
9.13808672
9.140677887
9.143331357
9.146051259
9.14881583
9.151625841
9.154489068
9.157395106
9.160327665
9.163315573
9.166363087
9.16945337
9.172561086
9.175678754
9.178804462
9.181949198
9.185108506
9.188278653
9.191453306
9.194647897
9.197858814
9.201074961
9.204310127
9.207588351
9.210896807
9.214230874
9.217591119
9.220986524
9.224421655
9.227910651
9.231429257
9.234998985
9.238607811
9.242261111
9.24595641
9.249724111
9.253554299
9.257422464
9.261339017
9.265303875
9.269297546
9.273347566
9.277436182
9.281575562
9.285754469
9.290000255
9.294300723
9.298659286
9.303077109
9.307541848
9.312031878
9.316550094
9.321098946
9.325659533
9.330240724
9.334850883
9.339499485
9.344163852
9.348842736
9.353549321
9.358275128
9.363036756
9.367822339
9.372628492
9.377482874
9.382372324
9.387301691
9.392252983
9.397237514
9.402247361
9.407288322
9.41234962
9.417439863
9.422567179
9.427728791
9.432935038
9.438171152
9.443435999
9.448741936
9.454089229
9.459482626
9.464907521
9.470350277
9.475833218
9.481359329
9.486929165
9.492541505
9.498190567
9.50388286
9.509621187
9.515387042
9.521188427
9.527007949
9.532879684
9.538773576
9.544695609
9.550657835
9.556624485
9.56262076
9.568633548
9.574656014
9.580705545
9.586762089
9.592833432
9.598922377
9.605014991
9.611124218
9.617231452
9.623367522
9.6295065
9.635658803
9.641828054
9.648009306
9.654216448
9.660425034
9.666655241
9.672877443
9.679100772
9.685330465
9.691567684
9.697810499
9.704075629
9.710339092
9.716618548
9.722900881
9.729191727
9.735487346
9.741790662
9.748087805
9.754406307
9.760721382
9.767049452
9.773364279
9.779679165
9.785979868
9.792257362
9.798518606
9.804775467
9.811025492
9.817276735
9.823507229
9.829727304
9.835943073
9.842144966
9.848341789
9.854527276
9.860684256
9.866836094
9.872981189
9.879118823
9.885259922
9.891383116
9.897491637
9.903584995
9.909668677
9.915742704
9.921808791
9.927874463
9.933927783
9.93995148
9.94597242
9.951983798
9.95797595
9.963970057
9.969978358
9.975987305
9.982010915
9.988051394
9.994108953
10.0001836
10.0062789
10.01238821
10.01851763
10.02468322
10.0308846
10.03711248
10.04338044
10.0496862
10.05604926
10.06243906
10.06886273
10.07532346
10.08179053
10.08829052
10.09482385
10.10138422
10.10797484
10.11459363
10.12122257
10.12786521
10.13452086
10.1412004
10.14789703
10.15462497
10.16138576
10.16816942
10.17497091
10.18180627
10.18864978
10.19552564
10.20243656
10.20936253
10.2163183
10.2232835
10.23028636
10.23732681
10.24438129
10.25147495
10.25859324
10.26576517
10.27298497
10.28025263
10.28756644
10.29491173
10.30230523
10.30975609
10.31724691
10.32479119
10.33239351
10.34003096
10.34771555
10.3554484
10.36324648
10.37108154
10.37896928
10.38691935
10.39490641
10.40294909
10.41101913
10.4191241
10.42727316
10.43544586
10.44366331
10.45189764
10.46017575
10.46847827
10.47682914
10.48520443
10.49362584
10.50208351
10.51056687
10.51910006
10.52766783
10.53625651
10.54488979
10.55355485
10.56224202
10.57095628
10.57970361
10.58847449
10.59726759
10.606086
10.6149266
10.62378356
10.63266934
10.64159941
10.6505386
10.65950561
10.66851636
10.67754171
10.68660476
10.6956966
10.70480441
10.71395053
10.72312051
10.73230768
10.74151024
10.75072777
10.75995265
10.76919573
10.77845663
10.78774818
10.79703929
10.80634674
10.81568789
10.82505385
10.83444304
10.84387065
10.85331929
10.86279221
10.87229746
10.88183078
10.89137802
10.90095386
10.9105413
10.92017858
10.9298349
10.93953591
10.94925714
10.95899968
10.96875786
10.97852907
10.98829812
10.99807902
11.00786526
11.0176773
11.0274896
11.03733457
11.04721202
11.05711684
11.06705533
11.07703724
11.08704633
11.09710303
11.10718813
11.11732976
11.12750744
11.13772009
11.1479609
11.15823683
11.16851252
11.17881994
11.18912984
11.19945226
11.20977358
11.22010806
11.23046389
11.24083679
11.25125739
11.2616911
11.27216304
11.28264685
11.29313507
11.30363845
11.31414718
11.3246963
11.33526346
11.3458331
11.3564071
11.36699515
11.37759718
11.38818495
11.39879163
11.40941565
11.42005527
11.43072155
11.44136903
11.45201906
11.46265366
11.47328365
11.4839124
11.49454522
11.50516876
11.51579341
11.52640196
11.53699453
11.54759052
11.55815896
11.56873111
11.57928973
11.58982354
11.60036041
11.61088081
11.62141494
11.63193325
11.64244362
11.65298038
11.66349329
11.67399956
11.68449782
11.69499403
11.70550561
11.71600792
11.72646778
11.73685624
11.74718274
11.75746619
11.76769422
11.77789114
11.78802616
11.79807495
11.80809306
11.81808361
11.82805916
11.83800831
11.84790146
11.85778834
11.86767845
11.87754245
11.88738961
11.89719524
11.90695461
11.91665963
11.92629685
11.93589986
11.9454842
11.95504926
11.9645781
11.97409698
11.98362154
11.99320776
12.00277761
12.01233224
12.02187959
12.03137426
12.04079947
12.05014935
12.05942266
12.06865105
12.07784335
12.08696741
12.09600458
12.1049674
12.11387918
12.12276659
12.13161038
12.14039346
12.14910285
12.1578133
12.16650643
12.1751539
12.18378069
12.19238169
12.20090924
12.20939796
12.21785565
12.22631504
12.23477895
12.24324876
12.25171243
12.26015235
12.26853193
12.2768769
12.28520894
12.29351897
12.30177057
12.30993008
12.31803327
12.32606875
12.33402316
12.34185963
12.34958149
12.35719931
12.36474547
12.3722371
12.37965854
12.38702607
12.39435496
12.40166266
12.40897873
12.41623699
12.42343464
12.43059304
12.43769676
12.44477743
12.4517872
12.45875344
12.46564236
12.47241449
12.47909569
12.48568324
12.49221213
12.49864166
12.50494191
12.51107764
12.51709226
12.52301837
12.5288424
12.53455642
12.54023395
12.54588966
12.55155217
12.55722916
12.56283928
12.56842019
12.57398324
12.57953844
12.58510409
12.59060271
12.59606703
12.60148806
12.60687991
12.61225271
12.61759298
12.62284328
12.62799875
12.63304591
12.63800647
12.64285712
12.64760333
12.65219079
12.65665824
12.66103208
12.66533586
12.6695433
12.6736649
12.67769681
12.68167054
12.68558695
12.68942756
12.69322211
12.6969446
12.70059049
12.70413727
12.70755103
12.71095719
12.71433232
12.71760567
12.72076955
12.72388702
12.72691722
12.729848
12.73268832
12.73546053
12.73810792
12.74064458
12.74311635
12.74554954
12.74798315
12.75035722
12.75268208
12.75498144
12.7572856
12.75963038
12.76203607
12.76448452
12.76698496
12.76949585
12.77196703
12.77439165
12.77682302
12.7792999
12.78175777
12.78417998
12.78648058
12.78869237
12.79086021
12.7930336
12.79526401
12.79740948
12.79949032
12.80145788
12.8033328
12.80518799
12.8069442
12.80849005
12.80977384
12.81081055
12.811655
12.81230294
12.81274747
12.81298692
12.81307966
12.81304489
12.81294945
12.81280713
12.81251361
12.81216491
12.81177256
12.81136296
12.81087103
12.81032979
12.80982638
12.80943358
12.80913694
12.80887543
12.80862123
12.80841065
12.80831298
12.8082716
12.80829974
12.80833753
12.80836785
12.80844581
12.80853046
12.8085693
12.80865119
12.80865893
12.8086454
12.80868047
12.80876561
12.80888612
12.80903942
12.80909895
12.80903248
12.80879572
12.80848369
12.80814458
12.80773224
12.8071846
12.80652683
12.80577241
12.80491736
12.80390531
12.80274218
12.80145823
12.80005906
12.79851141
12.79680583
12.7950133
12.79314141
12.79136848
12.78963561
12.78784983
12.7860248
12.78421736
12.78244128
12.78075745
12.77910371
12.77749584
12.77590742
12.77427574
12.77263157
12.77094577
12.76921307
12.76746779
12.76589107
12.76434087
12.76286592
12.76149843
12.76024147
12.75910178
12.75796564
12.75673896
12.75550506
12.7542865
12.75307841
12.75186127
12.75066895
12.74935954
12.74799028
12.74656635
12.74508438
12.74359257
12.74202185
12.74049765
12.73910777
12.73765425
12.73611599
12.73435773
12.73233366
12.73016658
12.72778472
12.72515937
12.72238554
12.71952135
12.71659338
12.71353789
12.71036068
12.70708259
12.70377617
12.70037497
12.69687073
12.6933198
12.68979201
12.68635888
12.68314171
12.68006517
12.67696796
12.67390544
12.67093713
12.66812693
12.66547156
12.66299243
12.66073361
12.65867074
12.65681429
12.6551124
12.65359835
12.65230312
12.65122628
12.650344
12.64949767
12.64860202
12.64774534
12.64696742
12.64612884
12.64526804
12.64436828
12.64345637
12.64244106
12.64122893
12.63984262
12.63825282
12.63632846
12.63416198
12.63189329
12.62950204
12.62692652
12.62417143
12.62129017
12.61837797
12.6155192
12.61259899
12.60952811
12.60640395
12.6032752
12.60010476
12.59692675
12.59360382
12.59031937
12.58715528
12.58403894
12.58095141
12.57780237
12.57463726
12.5714297
12.56826792
12.56514385
12.56195893
12.55858075
12.55514936
12.55167557
12.5481542
12.54452737
12.54079887
12.53692811
12.53292588
12.52866655
12.52418695
12.51947421
12.5146623
12.50976693
12.50480031
12.49977104
12.49464799
12.48947945
12.4842785
12.47897707
12.47361015
12.46812319
12.4624909
12.45668886
12.45085723
