0.03428950053
0.02424988863
0.01980287058
0.01715232159
0.01534376948
0.01400895083
0.01297168469
0.01213569269
0.011443331
0.01085770043
0.01035393991
0.009527051742
0.008871820241
0.008336082607
0.007887469996
0.007333227323
0.006749561648
0.006393739033
0.005909266721
0.005521531186
0.005202162475
0.00483693594
0.004502329933
0.004229927227
0.003951457873
0.003681838462
0.003445699754
0.003224224042
0.003009371733
0.002816573661
0.002636944705
0.002466588034
0.002308948716
0.002165268817
0.002029502311
0.001904255058
0.001788490352
0.001681639189
0.001583327084
0.001492230426
0.001408590794
0.001331095705
0.00126077636
0.001195790171
0.00113673521
0.001082961448
0.001034350864
0.0009904458603
0.0009510138996
0.0009158159862
0.0008847839569
0.0008575871013
0.0008341056722
0.0008141545766
0.0007976824993
0.0007845283256
0.000774628681
0.0007679412904
0.0007644663076
0.0007642198187
0.0007672661523
0.0007737140373
0.0007837076838
0.0007974635322
0.0008152282146
0.0008373345053
0.0008641652305
0.0008961941679
0.0009339878486
0.0009782046238
0.001029617807
0.001089140044
0.001157831395
0.001236923847
0.00132786255
0.001432322264
0.001552223821
0.00168982453
0.001847717705
0.002028897813
0.002236841396
0.002475546779
0.002749622478
0.003064399477
0.003425986507
0.003841454751
0.004318909026
0.004867696367
0.005498574055
0.006223901895
0.007057915113
0.008016965025
0.00911988862
