215.1357359
233.6326364
204.1999532
182.8382782
166.5278962
153.993085
143.9526087
135.5494093
128.529792
122.2330444
116.7720126
107.5002304
100.0877461
94.16225923
89.24505417
83.19103795
76.87401299
73.03427369
67.5479573
63.21608304
59.71087207
55.67493602
51.88080833
48.80983767
45.6023572
42.51967733
39.77532001
37.19259167
34.68520772
32.41217742
30.32206753
28.31874979
26.43359101
24.70840627
23.07375908
21.55924907
20.1721483
18.93155074
17.82794608
16.82110626
15.87406972
15.01444133
14.24331612
13.55941849
12.9595111
12.43195601
11.98349738
11.64342165
11.37977114
11.18367791
11.05654283
10.97819083
10.92793893
10.8843913
10.83857138
10.80510233
10.79164444
10.79660138
10.80969643
10.84062787
10.87851462
10.89293033
10.86397057
10.79519594
10.63767322
10.41263702
10.1371555
9.797367212
9.341490449
8.823624754
8.285252247
7.768880642
7.491122012
7.547177794
7.73962029
7.919525817
8.079297482
8.167128309
8.149130099
8.290156199
8.657392687
9.147498084
9.751789063
10.33018944
10.71096773
10.88708535
11.03538544
10.65295086
9.94578744
9.029050949
8.457408008
7.860226249
7.030717626
