0.01652193067
0.01386981257
0.01122076239
0.009642966143
0.008554610183
0.00778144631
0.007202203146
0.006740378264
0.006370099022
0.006055345925
0.005765774088
0.005283335294
0.004919245281
0.004630884437
0.004372621983
0.004063600701
0.003736941104
0.003540420106
0.003267742584
0.003051832647
0.002876511847
0.002675797271
0.002491234188
0.002341187217
0.002186675138
0.002034728354
0.001899456592
0.001772767891
0.001650792082
0.00154179689
0.001440156491
0.001345162151
0.001257060332
0.001177040766
0.001102202688
0.001033762923
0.0009694879809
0.0009091798119
0.0008505036242
0.0007952585412
0.0007435183021
0.0006967178075
0.0006545186312
0.0006160856584
0.0005791602747
0.000544916488
0.0005122544314
0.0004832729541
0.000457758717
0.0004360560801
0.000417249132
0.0004015537985
0.0003871478539
0.0003776140333
0.0003728517217
0.0003712221587
0.0003742777869
0.0003830987653
0.0003951925675
0.0004117547317
0.0004333359
0.000458852177
0.0004874494246
0.0005178822213
0.0005503902579
0.0005866339185
0.000628358662
0.0006784627011
0.0007390731266
0.0008132801483
0.0009028366624
0.001008220711
0.001130539607
0.001272928256
0.001438520207
0.001630604198
0.001853397138
0.002114171746
0.002418745071
0.00277692427
0.003191581574
0.003665119627
0.004199403625
0.00479810806
0.005468981902
0.006240650033
0.007141681932
0.008197966935
0.009433986249
0.01086061748
0.01244650665
0.01419047296
0.01622262147
