1587.873029
819.6534915
563.062124
434.4112689
356.9597636
305.1247397
267.9403485
239.9223753
218.0230665
200.4130288
185.9275254
163.4610281
146.7951846
133.8997426
123.5968838
111.4772519
99.42141233
92.41651359
83.28392817
76.29927446
70.75414512
64.6335049
59.22339448
54.95155057
50.70122698
46.69227865
43.26198529
40.10897398
37.10570673
34.45379218
32.01670826
29.73274613
27.640529
25.74921653
23.97376107
22.34407291
20.84301315
19.46033579
18.18894415
17.0099849
15.92527003
14.91679177
13.99733995
13.1424505
12.35980625
11.64090085
10.98444577
10.38472821
9.839160121
9.345159452
8.902650848
8.507888391
8.160122975
7.857607502
7.600530456
7.387239721
7.217338949
7.090444101
7.00651646
6.965214974
6.966511016
7.01038516
7.096822648
7.226054091
7.39816922
7.613595476
7.872717093
8.176218355
8.525025389
8.92020929
9.363096273
9.855348776
10.39887864
10.99588001
11.64894971
12.3609831
13.13507305
13.97485681
14.88421834
15.86739865
16.92912195
18.07445295
19.30887851
20.63842361
22.06946523
23.60903311
25.26457533
27.04418703
28.9565851
31.01109746
33.21780068
35.58746308
38.13172418
