418.4643876
290.3354593
235.5301911
203.3142598
181.4970013
165.4703997
153.0565351
143.0748617
134.8226849
127.8521786
121.8626617
112.0432706
104.2718298
97.9231247
92.61018211
86.04975909
79.14433067
74.93568139
69.20604434
64.62040523
60.84278396
56.52152379
52.56072313
49.33434386
46.03370371
42.83488687
40.03005002
37.39584611
34.83626994
32.53503814
30.38629444
28.34322868
26.44700278
24.71276033
23.06755208
21.54285549
20.12618344
18.81070559
17.59200404
16.45381037
15.39929768
14.41205102
13.50549578
12.65617912
11.87213071
11.14514179
10.47404603
9.852995031
9.279120611
8.749378656
8.263296524
7.816257552
7.406751562
7.03195171
6.691305117
6.381813044
6.101933564
5.850036682
5.62517663
5.425673933
5.250657645
5.099026328
4.970204759
4.863502686
4.778761604
4.715923192
4.67534132
4.65770066
4.664133
4.696270271
4.756299914
4.847053177
4.972069869
5.13567219
5.343075651
5.600444487
5.914922743
6.294856101
6.749786113
7.290614194
7.929835155
8.681662798
9.562315413
10.59039934
11.78712057
13.17692874
14.7877956
16.65195309
18.80650026
21.29409038
24.16389285
27.47244377
31.28493865
