0.01767328777
0.01241557484
0.01011701386
0.008754085835
0.007826778983
0.007143641354
0.006613488366
0.006186637865
0.00583340759
0.005534827918
0.00527813418
0.004857082302
0.004523702994
0.004251303388
0.004023335819
0.003741870351
0.003445698555
0.003265274988
0.003019803262
0.002823522417
0.002661987796
0.00247743672
0.002308555956
0.002171236825
0.00203104435
0.001895520778
0.001777034304
0.001666118279
0.001558756886
0.001462656227
0.001373366267
0.001288949527
0.001211109705
0.001140438629
0.001073948204
0.001012904577
0.0009567805033
0.0009052764288
0.0008581839931
0.0008148409378
0.0007753310513
0.0007390008537
0.0007062937386
0.0006763096068
0.0006492810954
0.0006248612577
0.0006029457218
0.000583275845
0.0005656948226
0.0005500429036
0.0005362367289
0.0005240772146
0.0005134603208
0.0005042535145
0.000496387135
0.0004897408929
0.0004842394468
0.0004798157947
0.000476425061
0.0004740220403
0.0004725862387
0.0004721086151
0.0004725986683
0.0004740843143
0.0004766111893
0.0004802489786
0.0004850882769
0.000491248255
0.0004988790829
0.0005081632136
0.0005193216401
0.0005326210297
0.0005483774385
0.0005669635584
0.0005888200768
0.0006144612381
0.0006444797956
0.000679570264
0.0007205295559
0.0007682736305
0.0008238586584
0.000888491467
0.0009635530237
0.001050629165
0.00115152619
0.001268322901
0.001403391823
0.001559459449
0.001739655813
0.00194757123
0.002187336393
0.002463693447
0.002782104214
