406.2741267
345.4965012
208.5066195
188.3572279
198.2274003
161.2321766
144.7413867
145.7272107
137.6944526
122.9200619
119.8082115
109.9584333
105.565641
95.64984606
93.39060963
86.30225125
79.20843209
74.69764439
68.59789989
64.04220624
60.61741393
56.41493533
52.10955598
49.07516121
45.74720924
42.72843667
39.96244856
37.35734799
34.79362488
32.57751216
30.45207458
28.42777525
26.52571865
24.77465158
23.11602683
21.57986359
20.1152329
18.77541757
17.57542702
16.47315521
15.4543764
14.48835435
13.59487402
12.75798234
11.96845546
11.25325579
10.60293469
9.991840256
9.435010483
8.922154384
8.45437831
8.014677016
7.58673271
7.157504588
6.746539276
6.343449967
6.006422915
5.759777534
5.583272928
5.432096311
5.311271892
5.18056313
5.021341338
4.85965956
4.709273787
4.571540783
4.489635798
4.445060593
4.482515062
4.598390052
4.73711207
4.894779103
5.110602466
5.33625251
5.584141189
5.866558778
6.173389103
6.498048021
6.856197291
7.238881714
7.698979511
8.304637464
9.175584369
10.27196883
11.50295974
12.85607767
14.48359574
16.3816589
18.72685696
21.56280783
24.87688882
28.57846999
32.26770261
