0.005000003472
0.01000000694
0.01500001042
0.02000001389
0.02500001736
0.03000002083
0.0350000243
0.04000002778
0.04500003125
0.05000003472
0.05500003819
0.06500004514
0.07500005208
0.08500005903
0.09500006597
0.1100000764
0.1250000868
0.1400000972
0.1600001111
0.1850001285
0.2100001458
0.2400001667
0.275000191
0.3100002153
0.3550002465
0.4050002812
0.4650003229
0.530000368
0.6050004201
0.6900004791
0.7850005451
0.900000625
1.025000712
1.170000812
1.335000927
1.525001059
1.745001212
1.990001382
2.27500158
2.600001805
2.970002062
3.390002354
3.870002687
4.420003069
5.050003507
5.770004007
6.590004576
7.530005229
8.600005972
9.820006819
11.22000779
12.8150089
14.63501016
16.72001161
19.10001326
21.81501515
24.9200173
28.46501977
32.51002258
37.14002579
42.42002946
48.45503365
55.35003844
63.2250439
72.22005015
82.50005729
94.23506544
107.6450748
122.9600854
140.4550975
160.4351114
183.2651273
209.3401454
239.1251661
273.1451897
312.0102167
356.4052475
407.1102827
465.0353229
531.2053689
606.7854214
693.1204813
791.7355498
904.385628
1033.065717
1180.050819
1347.950936
1539.736069
1758.816221
2009.061395
2294.916594
2621.44182
