1275.347622
674.4453759
472.8807955
371.2842107
309.7587401
268.3249315
238.4113536
215.7264255
197.8818884
183.4419104
171.4906835
152.793239
138.7653042
127.7955193
118.9443836
108.4156128
97.79344531
91.54171101
83.28907959
76.88956144
71.74838187
66.00526563
60.86406524
56.75846761
52.63085453
48.69684911
45.29813663
42.14704162
39.12110651
36.42919781
33.93887494
31.59081675
29.42800453
27.46328988
25.61083126
23.90372201
22.32577084
20.86761239
19.52290585
18.27258628
17.11925164
16.0442565
15.06162076
14.14545311
13.30409604
12.52844357
11.81703782
11.16352603
10.56481556
10.0177063
9.52169379
9.072083748
8.667430967
8.30504581
7.9844922
7.703049164
7.459466572
7.252482122
7.081437605
6.945149597
6.843100583
6.774681446
6.739619319
6.737693081
6.768903456
6.833410203
6.931497129
7.06364333
7.230519008
7.432924931
7.671830391
7.948415856
8.264025199
8.620180745
9.018657205
9.461423761
9.950580328
10.48857846
11.07803891
11.72182313
12.42311974
13.18535456
14.01224626
14.90788681
15.87661856
16.92323873
18.05284251
19.27097948
20.58363796
21.99723834
23.51872838
25.15554465
26.91573691
