427.6797617
276.5310022
199.0705295
162.5390203
138.9667907
120.8559837
107.315224
97.82451977
90.88810287
85.36384084
80.90546827
77.46034743
74.57085222
71.61842992
68.39407307
65.17505892
62.3461759
59.93144578
57.81451908
55.95908757
54.41682106
53.09473638
51.79707989
50.39868619
48.97971399
47.68336291
46.55141542
45.53006771
44.60752958
43.84181261
43.20807726
42.56089011
41.82504772
41.05656035
40.36089428
39.75578401
39.19936159
38.67868195
38.24032458
37.88249086
37.51801458
37.06636696
36.54075354
36.03331856
35.58354343
35.15616588
34.72518338
34.32384051
33.98878876
33.68995876
33.34667851
32.94973286
32.56011134
32.22874938
31.93918477
31.65397974
31.37844097
31.13909539
30.92257559
30.68793052
30.41117399
30.1283514
29.8869507
29.68805975
29.50684919
29.33198914
29.17532024
29.0299647
28.86094793
28.64292065
28.39841575
28.16476621
27.95835342
27.76509989
27.57963471
27.41189467
27.2573011
27.09407173
26.90092737
26.69165017
26.49584815
26.32827789
26.18255878
26.04819771
25.93117763
25.82897388
25.71786727
25.57621156
25.4103537
25.25104601
25.11522287
24.9952987
24.88404747
24.7888788
24.71217391
24.63642827
24.53414295
24.39955778
24.25561341
24.12424946
24.00789387
23.89508996
23.7891485
23.70142084
23.62310425
23.53069339
23.4128002
23.28415181
23.16682498
23.06698638
22.97507698
22.89069187
22.81938412
22.76075484
22.69526163
22.60875234
22.50778736
22.41001693
22.32407816
22.24730393
22.17580958
22.11419049
22.06397604
22.01126354
21.941429
21.85528967
21.76582293
21.67992945
21.59662464
21.51427533
21.43858158
21.37273704
21.30877594
21.23420476
21.14892947
21.06398623
20.9877189
20.91812793
20.85216036
20.79216206
20.74110304
20.69415994
20.63861265
20.57162946
20.50264962
20.44015886
20.38381962
20.32936534
20.27903517
20.23789606
20.20222534
20.16026131
20.10538171
20.04550253
19.99024616
19.94043133
19.88978413
19.83779887
19.78983761
19.74692032
19.70117463
19.64421506
19.58009175
19.52056587
19.46881193
19.421301
19.37470359
19.33185319
19.29463457
19.25652259
19.20925604
19.15357333
19.10002247
19.05434539
19.0145473
18.97787601
18.94381117
18.91447173
18.88519989
18.84862973
18.80392877
18.75717582
18.71434307
18.6756728
18.63821809
18.60279443
18.57066845
18.53818741
18.49918662
18.45199663
18.40261364
18.35832195
18.31914903
18.2827787
18.25017719
18.22265767
18.19720249
18.16689199
18.12800614
18.08531383
18.04622158
18.01194647
17.98080327
17.95175731
17.92892279
17.91054832
17.88883843
17.85861025
17.82228048
17.78659887
17.75507042
17.72511552
17.69480285
17.66707197
17.64307014
17.61775127
17.58557294
17.54655288
17.50665569
17.47123544
17.43978348
17.41062745
17.38383121
17.36146751
17.34074053
17.31599199
17.28507899
17.25176486
17.22090413
17.19369773
17.16866594
17.14613044
17.12729798
17.11021294
17.09055727
17.06544922
17.03766997
17.01066786
16.98521225
16.96018428
16.93609869
16.91471847
16.89479259
16.87220729
16.84415315
16.8134778
16.78429976
16.75776884
16.73276899
16.70898126
16.68884954
16.67161136
16.65312071
16.63027443
16.60420257
16.57912323
16.55711069
16.5362328
16.51596072
16.49772895
16.483166
16.46902348
16.45097163
16.42869952
16.40592077
16.38581812
16.36717815
16.34811128
16.32868811
16.31074924
16.29293495
16.27183995
16.2463525
16.21962586
16.19538437
16.17401338
16.15358235
16.13427287
16.11703753
16.10078907
16.08270471
16.06100795
16.03756268
16.01578688
15.99667044
15.97918146
15.96309294
15.94903952
15.93598938
15.92131127
15.9033957
15.88369389
15.86522043
15.84866376
15.83305679
15.81819617
15.80460846
15.79195069
15.77742759
15.75867352
15.73670394
15.7150004
15.69574259
15.67806008
15.66135768
15.64626447
15.63323253
15.61991566
15.60327169
15.58310082
15.56255882
15.54417526
15.52750081
15.51190687
15.49756862
15.48542336
15.47437726
15.46098823
15.44396239
15.42553729
15.40847072
15.393531
15.37959397
15.36629454
15.35443227
15.34314372
15.32975225
15.31286747
15.2937558
15.27518885
15.25833802
15.24255711
15.22798516
15.21530372
15.20405859
15.1920541
15.17726532
15.16033743
15.14334473
15.12759198
15.11291964
15.09918119
15.08732428
15.07726224
15.06704607
15.05478647
15.04069116
15.02650841
15.01336318
15.00087342
14.98860144
14.97727225
14.96739301
14.95726987
14.9444835
14.92893773
14.91251969
14.89721191
14.88271686
14.86836254
14.85478431
14.84298777
14.83215927
14.81999651
14.80561576
14.79057839
14.77669728
14.76415121
14.75187974
14.74006803
14.7296815
14.72040887
14.71037005
14.69823177
14.6848823
14.6724335
14.66131669
14.65083852
14.64052475
14.63067922
14.62113979
14.61063389
14.59793885
14.58349128
14.56940272
14.55655308
14.54466805
14.53349532
14.52316225
14.51364822
14.50385714
14.49257213
14.47975903
14.46693928
14.45544268
14.44501483
14.43530464
14.42648838
14.41858041
14.41030623
14.40039955
14.3887396
14.37697417
14.36630214
14.35666595
14.34751535
14.33913522
14.3315931
14.32383783
14.31402226
14.30161455
14.28800657
14.2750589
14.26325379
14.25201933
14.24165875
14.23255707
14.2243487
14.21517031
14.20403312
14.19157412
14.17960877
14.16891325
14.15907611
14.14983717
14.14162927
14.13452789
14.12715178
14.11808902
14.10752044
14.09687978
14.08740323
14.07873932
14.07067953
14.06338973
14.05695234
14.05039532
14.0420948
14.03190024
14.02093749
14.01039408
14.00029623
13.99058099
13.98158318
13.97373776
13.96626137
13.95783357
13.947934
13.93742434
13.92730046
13.91755716
13.90809771
13.89938036
13.89169662
13.88455226
13.87658012
13.8673416
13.85760142
13.84838947
13.83992755
13.83167192
13.8236748
13.81658435
13.81009711
13.80306727
13.79437238
13.78468632
13.77512583
13.76619849
13.7573834
13.74862786
13.7404686
13.73306336
13.72548979
13.7169234
13.70735954
13.69805188
13.68977018
13.68211572
13.67452829
13.66728991
13.66057222
13.65376844
13.64602906
13.6373229
13.62852797
13.62057091
13.61353893
13.60696154
13.60073206
13.59503813
13.589072
13.58190099
13.57341629
13.56438734
13.55572411
13.54764447
13.53988147
13.5324738
13.52558398
13.51880518
13.51114374
13.50223714
13.49282877
13.48401933
13.47606866
13.46870083
13.46183248
13.45573982
13.4500053
13.44361118
13.43580739
13.42725458
13.41905814
13.41172433
13.40510582
13.39893572
13.39347438
13.38858479
13.38326437
13.37644813
13.3682599
13.35980776
13.35179616
13.34431291
13.33703999
13.33024125
13.32419525
13.31816186
13.3111983
13.30310104
13.29461947
13.28671783
13.27954963
13.27285425
13.26663803
13.26126587
13.25618007
13.25046313
13.24365275
13.23628365
13.22916658
13.22268336
13.2165708
13.21097557
13.2060253
13.20150061
13.19646114
13.19017067
13.18307967
13.17588634
13.1688927
13.16200639
13.15531097
13.14908176
13.14333332
13.13728509
13.13050061
13.12317622
13.11591865
13.10922857
13.10286629
13.09671582
13.09107938
13.08604727
13.08098924
13.07509194
13.06842701
13.06181769
13.05576194
13.05005707
13.04463198
13.03950998
13.03490689
13.03038876
13.02516698
13.0190132
13.01264839
13.00670443
13.00101689
12.99531357
12.98972512
12.98454588
12.97953739
12.97390999
12.96737675
12.96060302
12.95430904
12.94854998
12.94318356
12.93801956
12.93309967
12.92836989
12.92319936
12.91721724
12.91068104
12.90433098
12.89861065
12.89336495
12.88843865
12.88394146
12.87974155
12.87518498
12.86976345
12.86358658
12.85747656
12.85176079
12.84632994
12.84108902
12.83619317
12.83155346
12.82668126
12.82101157
12.81457697
12.8080907
12.8021677
12.79668199
12.79146408
12.78678143
12.78264057
12.7785135
12.77367141
12.76791131
12.76183125
12.75619525
12.75112231
12.74630579
12.74184606
12.73798015
12.7343878
12.73032607
12.72536706
12.71985948
12.71444944
12.70938751
12.70449865
12.69973469
12.69528619
12.69109904
12.68655668
12.68124982
12.67528851
12.66929939
12.66370945
12.6585148
12.65355057
12.64905205
12.64494622
12.64080589
12.63601013
12.63062638
12.62515332
12.62003186
12.61524653
12.61069681
12.60659764
12.6029001
12.59920379
12.59501109
12.59020076
12.58520626
12.58032299
12.5755893
12.57086827
12.5663233
12.56210248
12.55788538
12.55319977
12.54786141
12.54231806
12.53707331
12.53213797
12.52739431
12.52287887
12.51875279
12.51494319
12.51086588
12.50619374
12.5012111
12.49649001
12.49217146
12.48807019
12.48410856
12.4804546
12.47707149
12.47349885
12.46935902
12.46479091
12.46029024
12.45609553
12.45202852
12.44797664
12.44400226
12.44016289
12.43608235
12.43136083
12.42607666
12.42075785
12.41580243
12.41119763
12.40679914
12.4026731
12.39887066
12.39499245
12.39063014
12.3858216
12.38099399
12.37650012
12.3724166
12.36855408
12.36495356
12.36170785
12.35851528
12.35491303
12.35069706
12.34628019
12.34209128
12.33821789
12.33454855
12.3310547
12.32780888
12.32459185
12.32093494
12.31653968
12.31178658
12.30720868
12.30298954
12.29899796
12.29523258
12.29185097
12.28873943
12.2854016
12.28147314
12.27704395
12.27258631
12.26845114
12.26460141
12.26100179
12.25770035
12.25466909
12.25153731
12.24793695
12.24373781
12.2395063
12.235454
12.23163059
12.22791592
12.22121884
12.21800656
12.21428954
12.20998745
12.20544563
12.20104607
12.19690307
12.19294987
12.18930025
12.1860215
12.18289669
12.1795317
12.17570293
12.1715925
12.16763925
12.16386685
12.16023068
12.15679501
12.15365324
12.15081113
12.144242
12.1404722
12.13679932
12.13332885
12.12995082
12.12664746
12.12352454
12.12052073
12.11733029
12.11362691
12.10950585
12.10538317
12.10146239
12.09387685
12.09031418
12.08699886
12.08370507
12.08004114
12.07602025
12.07204403
12.06827496
12.06478643
12.06142163
12.05822072
12.0523364
12.04914426
12.04556798
12.04190573
12.03847491
12.03525212
12.03217286
12.0291378
12.02620306
12.01991876
12.01614614
12.01209061
12.00816311
12.00449242
12.00102768
11.99772028
11.99460216
11.98843892
11.98485878
11.98102666
11.97732953
11.97389843
11.97074204
11.96778928
11.96505607
11.95979491
11.95668148
11.95322813
11.94975895
11.94651242
11.9434754
11.93786856
11.93530372
11.9325816
11.92933804
11.92560727
11.92172876
11.91795929
11.91094225
11.9077245
11.90475623
11.90184161
11.89867903
11.89505697
11.8876581
11.88431115
11.88115191
11.87820295
11.87553665
11.87298812
11.86725273
11.86395218
11.86066188
11.85756755
11.85463197
11.84925513
11.84677315
11.84409879
11.84106667
11.83769802
11.83097152
11.82778252
11.82469865
11.82184818
11.8192241
11.81361521
11.81037879
11.80712399
11.8040211
11.801021
11.79537708
11.79284388
11.79035397
11.78760329
11.78457812
11.77860265
11.77584506
11.77316617
11.7705801
11.76571273
11.76306978
11.76001124
11.75678623
11.75070065
11.74778076
11.74497051
11.74230473
11.73700546
11.73402464
11.73089994
11.72789043
11.72510007
11.71996767
11.71758011
11.71531458
11.71022002
11.70730377
11.7044846
11.70187815
11.69712822
11.69493567
11.6928212
11.69055229
11.68500995
11.68200875
11.67913517
11.67640854
11.67127512
11.66891196
11.66651307
11.66078607
11.6576909
11.65476007
11.65201398
11.64694715
11.64468699
11.64247509
11.63725787
11.63431507
11.63150687
11.62645676
11.62418032
11.62206762
11.62004137
11.61524272
11.61238265
11.6094752
11.60393428
11.60128564
11.59879916
11.59406907
11.5913605
11.58843588
11.5826876
11.58005723
11.57756356
11.57312753
11.57099352
11.56864846
11.56344057
11.56092323
11.55853544
11.55412036
11.55214756
11.55019953
11.54553009
11.54288958
11.54026075
11.53507945
11.53256273
11.53017433
11.52532087
11.52257551
11.51973099
11.51436668
11.51184911
11.50712222
11.50493484
11.5026895
11.49762172
11.49508251
11.49272883
11.48829282
11.48622814
11.48226444
11.48000218
11.4775014
11.47256009
11.47020976
11.46564089
11.46349245
11.46131995
11.4563463
11.45372575
11.44897353
11.44675386
11.44461769
11.44058264
11.43836091
11.43335375
11.43091594
11.42865547
11.42451177
11.42260287
11.41869374
11.41636106
11.41388555
11.40909212
11.40678686
11.40243647
11.40036071
11.39568941
11.39307444
11.38804471
11.38574628
11.383562
11.37961615
11.3776312
11.37306743
11.37066804
11.36622642
11.36419397
11.36056719
11.3588336
11.35688589
11.35238938
11.3501701
11.3459214
11.34388849
11.34006879
11.33800166
11.3332715
11.33087353
11.32639066
11.32430478
11.32049793
11.31853483
11.31401892
11.31173134
11.3074556
11.3054909
11.3019224
11.3001182
11.2960219
11.29386678
11.28969955
11.28767232
11.28379778
11.2818482
11.27733555
11.27497923
11.27054006
11.26845901
11.26459994
11.26274981
11.25865194
11.25646452
11.25246489
11.25058525
11.24711489
11.24547203
11.24174147
11.23769032
11.23578951
11.23212507
11.23034222
11.22661012
11.22445868
11.21986934
11.21770329
11.21364097
11.2098996
11.20801053
11.20378064
11.20159838
11.19763706
11.19579714
11.19249267
11.19085713
11.18705106
11.18311422
11.18127076
11.17775022
11.17609411
11.17254687
11.16829584
11.1661902
11.16229876
11.16051874
11.15722072
11.15350378
11.15145324
11.14754093
11.14570335
11.14231931
11.13908292
11.13725182
11.13329484
11.13138054
11.12777868
11.12445048
11.12273728
11.11875839
11.11462562
11.1126664
11.1089602
11.10561244
11.1038248
11.09994223
11.09803692
11.09447659
11.0912815
11.08975566
11.08638662
11.08279631
11.08109757
11.07780815
11.07472424
11.07307019
11.06930734
11.0655606
11.06376086
11.06035619
11.05705886
11.05524382
11.05144988
11.04794964
11.0462759
11.04315666
11.03989658
11.0380932
11.03457208
11.03135062
11.02831539
11.02676755
11.02320627
11.01942596
11.01764906
11.01428135
11.01113862
11.00764455
11.00576268
11.00222838
10.99905464
10.99759654
10.99467806
10.9913132
10.98796691
10.98639003
10.98344307
10.98054444
10.97704564
10.97519149
10.97166299
10.968381
10.96530821
10.96360917
10.95993893
10.95644912
10.95332029
10.95188888
10.94898918
10.94570157
10.94249374
10.94097018
10.93810592
10.93523523
10.93188527
10.92849698
10.92686001
10.92379463
10.92082132
10.9175574
10.91427999
10.91271615
10.90977936
10.90698099
10.90383878
10.90065916
10.89915105
10.89626614
10.89346908
10.89028271
10.88696201
10.88538107
10.88228113
10.8793526
10.87613771
10.87286237
10.86985178
10.86843062
10.86571335
10.8627622
10.85963779
10.85676094
10.8541235
10.85146786
10.84995838
10.8467436
10.84371534
10.84091116
10.8381899
10.83508044
10.83189818
10.82895799
10.82757289
10.82495491
10.82197623
10.81886834
10.81603157
10.8134552
10.81086565
10.80781569
10.80476171
10.80330011
10.80053909
10.79779218
10.79464547
10.79152716
10.78862939
10.78600623
10.78325888
10.78028011
10.77748771
10.77493166
10.77249466
10.77115846
10.76824023
10.76535248
10.76255557
10.75988368
10.75689589
10.75379995
10.75087212
10.748136
10.74539157
10.74238838
10.73950408
10.73682793
10.7343147
10.73158958
10.72860654
10.72573842
10.72300961
10.72030811
10.7173019
10.71430507
10.71153464
10.70894798
10.70624778
10.7032734
10.70043806
10.69782883
10.69532993
10.6925136
10.68951312
10.6866526
10.683948
10.6812224
10.67816492
10.67515602
10.67236856
10.66980463
10.66710244
10.66418828
10.66145604
10.65891964
10.65649119
10.65375231
10.65095175
10.64826538
10.64575593
10.64313634
10.64025872
10.63614606
10.63364269
10.63113123
10.62830763
10.6255578
10.62299922
10.62060169
10.61805465
10.61534086
10.61270719
10.6102024
10.6076653
10.60343658
10.600691
10.59812261
10.59566044
10.59295945
10.5902686
10.5877813
10.58547364
10.58313667
10.57926786
10.5768204
10.57447947
10.57205006
10.56932274
10.56662213
10.56409175
10.56044613
10.55774556
10.55508699
10.55262534
10.55035885
10.5479728
10.54417054
10.54175908
10.53948293
10.53705647
10.53439147
10.53182792
10.52837064
10.5260801
10.52356513
10.52110659
10.51882288
10.51552276
10.51304946
10.51056432
10.50818828
10.50592635
10.50213356
10.49950518
10.4970188
10.49473448
10.49115614
10.48867085
10.48634797
10.48419429
10.48199315
10.47841335
10.47611236
10.47392496
10.47168049
10.4679674
10.46560066
10.46337382
10.46118049
10.45758666
10.4552723
10.45308677
10.44974053
10.4473372
10.44504267
10.44286349
10.43956717
10.43711805
10.43474946
10.43142873
10.4291674
10.42673076
10.42328746
10.42119618
10.41908237
10.41676682
10.4134399
10.41139043
10.40930838
10.40578746
10.40347354
10.40131095
10.39803281
10.39561493
10.39218729
10.39008499
10.38793697
10.38448844
10.38229998
10.38022827
10.3769691
10.37462072
10.3723461
10.36917691
10.36696186
10.36358488
10.36148905
10.35949323
10.35625727
10.35406688
10.35091999
10.34883606
10.34654932
10.34306919
10.34088441
10.33761535
10.33527883
10.3330608
10.32996114
10.32789051
10.32455359
10.32245177
10.31946005
10.31729661
10.31501967
10.31176465
10.30972725
10.30642637
10.30419727
10.30108243
10.29909136
10.2957728
10.29361469
10.29058618
10.288522
10.28514882
10.28298251
10.27989466
10.27771435
10.27435905
10.27225832
10.26926332
10.26712335
10.26403048
10.26210689
10.25917021
10.25704882
10.25394475
10.25197422
10.24884077
10.24667608
10.24361631
10.24164627
10.23845713
10.23536988
10.23343972
10.23046097
10.22833618
10.22531452
10.22338715
10.22027818
10.2181926
10.21531671
10.21249449
10.21049032
10.20765521
10.20589465
10.2030255
10.19999669
10.1980712
10.19520585
10.19314344
10.19015511
10.18741816
10.18552598
10.18263533
10.17999453
10.17828386
10.17543294
10.17264334
10.17087112
10.16804897
10.16611165
10.16338066
10.16072382
10.15881787
10.15609119
10.15353536
10.15172242
10.14891249
10.1462505
10.14446342
10.1415626
10.13882302
10.13622552
10.13437577
10.13169072
10.12925568
10.12759846
10.12497547
10.12245585
10.11992234
10.11808497
10.11541954
10.11291618
10.11114381
10.10842293
10.1059196
10.10342262
10.10164702
10.09910346
10.09663139
10.09393304
10.09133215
10.08971332
10.08716804
10.08460081
10.08225107
10.08067524
10.07811319
10.07562513
10.07315389
10.07045834
10.06871577
10.06628185
10.06375301
10.0612725
10.05900682
10.05665428
10.05504695
10.05272952
10.05040492
10.04789952
10.04554567
10.04326284
10.04164209
10.0392931
10.03710612
10.03477661
10.03246326
10.03026634
10.0278986
10.0254983
10.02400299
10.02174247
10.01936034
10.01714511
10.01500438
10.01273946
10.01063278
10.00856213
10.00628988
10.00411203
10.00202602
10.00052463
9.998306222
9.996253051
9.994103966
9.991939508
9.989940886
9.98783993
9.985647798
9.983585869
9.981483306
9.979340983
9.977388363
9.975444301
9.973433516
9.971529012
9.969550717
9.967418455
9.965372648
9.96330895
9.96115816
9.959177292
9.957234722
9.955196894
9.953301404
9.951424907
9.949367385
9.947411035
9.945522493
9.943486706
9.941554553
9.939735137
9.937736676
9.935817901
9.933326436
9.931283634
9.929343198
9.927429979
9.925371636
9.923422954
9.921527995
9.919527923
9.917644775
9.91584604
9.913894446
9.911382376
9.909499387
9.907499465
9.905600196
9.903716159
9.901714189
9.899854715
9.897362792
9.895422745
9.893608872
9.891724971
9.889770536
9.887967806
9.886167183
9.883729083
9.882051474
9.880258578
9.878408878
9.876634232
9.874094533
9.872214669
9.870447291
9.868580068
9.866784438
9.864551754
9.862757502
9.861021348
9.859341042
9.856923951
9.855213143
9.853523391
9.851755076
9.849564638
9.847857181
9.84608952
9.844402324
9.842053469
9.840305991
9.838674395
9.836360419
9.834709461
9.833142647
9.831463357
9.829311446
9.827702453
9.826000522
9.823871358
9.822205662
9.82049633
9.81838108
9.816710331
9.815058413
9.812959925
9.811268171
9.809650794
9.807556831
9.805904894
9.803900127
9.802363326
9.800786364
9.798767337
9.797124301
9.795495092
9.793425113
9.791779848
9.789726693
9.788214264
9.786120116
9.784640944
9.78307126
9.780972067
9.779495797
9.777412804
9.775937404
9.773983683
9.772467142
9.771008709
9.768957369
9.767414353
9.765490401
9.763964106
9.762017965
9.760581013
9.75860201
9.757231708
9.755279822
9.753827474
9.751995945
9.750526683
9.748666459
9.747247845
9.745308135
9.743472036
9.741996954
9.740107654
9.738737182
9.736846025
9.735521625
9.733716837
9.732395221
9.730696535
9.728841195
9.727502152
9.725662887
9.724269121
9.722521577
9.720691296
9.719408293
9.717672468
9.716321413
9.714603995
9.712784082
9.71150012
9.709811332
9.70806985
9.706843301
9.705062192
9.703311339
9.702025676
9.700262547
9.698627627
9.69734181
9.695684142
9.694068251
9.692802029
9.691197799
9.689524624
9.687921764
9.68672248
9.685044799
9.68344206
9.682165318
9.680524197
9.678882057
9.677230449
9.67608584
9.674470762
9.672955253
9.671405547
9.669826556
9.668666579
9.666988584
9.665424126
9.663793811
9.662207831
9.661056322
9.659443239
9.657907339
9.656280306
9.654731886
9.6535844
9.652035694
9.650582447
9.649013523
9.647488952
9.645906182
9.644384634
9.643283228
9.641761457
9.640340428
9.638837184
9.637389856
9.635910984
9.634452055
9.6330515
9.631586751
9.630209969
9.628727974
9.627656222
9.62623027
9.624767368
9.623428388
9.622035444
9.620767038
9.619444638
9.618154968
9.616830631
9.615471498
9.614173922
9.612822435
9.611580027
9.61027751
9.609043551
9.607763872
9.606489603
9.605249652
9.603966503
9.60278742
9.601544095
9.600327701
9.599020705
9.597729842
9.596150936
9.594905133
9.593690593
9.592427708
9.591229062
9.589951225
9.588756481
9.58751933
9.586311858
9.585118076
9.583882389
9.582362786
9.581084547
9.579880279
9.578633906
9.577485791
9.576322092
9.57493956
9.573781287
9.572621746
9.5714498
9.570253588
9.569124558
9.567680915
9.566588137
9.565419255
9.564312668
9.563164608
9.561800028
9.56070214
9.559636678
9.558565196
9.557150611
9.556039005
9.554901434
9.553841825
9.552455004
9.551408268
9.550289649
9.548963913
9.547851817
9.546801074
9.54572792
9.544404016
9.543313923
9.542203107
9.540821818
9.539727162
9.538688956
9.537370046
9.536379803
9.535070102
9.534045793
9.532934798
9.531620176
9.530513128
9.529485342
9.528155324
9.527119033
9.525761956
9.524715731
9.523394193
9.522392339
9.521386103
9.520119871
9.519076192
9.517767489
9.516754105
9.515513868
9.51453274
9.513296152
9.512315683
9.511080115
9.510132562
9.508918994
9.507962097
9.506713766
9.505733152
9.504443577
9.503478653
9.502243973
9.501313454
9.500115289
9.499208056
9.497996207
9.496803533
9.495805378
9.49462637
9.493653342
9.492511317
9.491333767
9.490439531
9.489289958
9.488428433
9.487312143
9.486222859
9.485281168
9.484146019
9.482988892
9.482117162
9.480981058
9.479879785
9.478970552
9.477908375
9.476816831
9.47597989
9.474888691
9.473810657
9.472693803
9.471829229
9.470746749
9.469702038
9.468676787
9.467858264
9.466828975
9.465775181
9.464717653
9.463844922
9.462799333
9.461738245
9.460729431
9.459680613
9.45888924
9.457876532
9.456934336
9.455933678
9.454951612
9.4539375
9.453172733
9.452192009
9.451255515
9.450287117
9.449351191
9.448434806
9.447526212
9.446643641
9.445716231
9.444976709
9.444034298
9.443145564
9.442246267
9.441407563
9.440522287
9.439682248
9.4388051
9.437953024
9.437073853
9.436220939
9.435377496
9.434532529
9.433723731
9.432902298
9.432119782
9.431307342
9.430516763
9.429689817
9.428898285
9.428094319
9.427305577
9.426511225
9.4257122
9.424809905
9.424054632
9.423335537
9.422571851
9.421809377
9.421014843
9.420272886
9.419535017
9.418803532
9.417943517
9.417211517
9.41650973
9.415769721
9.415042575
9.414298909
9.4134183
9.41270751
9.411985615
9.411293721
9.410571847
9.409722542
9.408985232
9.408250655
9.407520983
9.406647466
9.405927634
9.40517208
9.404459114
9.403600934
9.402904206
9.402186878
9.401284902
9.400547225
9.399799602
9.398956015
9.3982461
9.397541442
9.396709316
9.395998099
9.395307302
9.394457274
9.393769029
9.392943614
9.392264917
9.391624902
9.390838041
9.390200303
9.389399217
9.388722337
9.388061263
9.387272106
9.386634204
9.385826912
9.385176808
9.384429076
9.383801253
9.383067353
9.382394071
9.381585944
9.380934349
9.380158485
9.379537324
9.378764196
9.378152839
9.377435645
9.37668999
9.376079709
9.375319351
9.374688612
9.373957523
9.373341137
9.372617633
9.371875636
9.371248672
9.370509651
9.36974432
9.369133952
9.368388402
9.3676276
9.367029106
9.366299268
9.365588374
9.36497051
9.364197398
9.363451425
9.362838854
9.362120229
9.361408561
9.360675333
9.360075655
9.359347731
9.358592498
9.357847635
9.357211389
9.356475788
9.355766794
9.355042143
9.354324121
9.35370895
9.352945021
9.352182851
9.351419379
9.350641784
9.349866389
9.349097545
9.348467324
9.347714407
9.346917401
9.34610653
9.345312956
9.344534543
9.343776811
9.343015136
9.342255403
9.341499629
9.340705975
9.339900511
9.339109385
9.33832128
9.337550753
9.336794742
9.336030385
9.335267797
9.334503146
9.333726938
9.332964649
9.33219869
9.331418585
9.330663189
9.329916277
9.329137321
9.328345852
9.327546825
9.326758795
9.325860547
9.325093964
9.32433196
9.32358898
9.322829164
9.322038281
9.321128304
9.320363706
9.319599968
9.318852529
9.318107594
9.317351531
9.316476856
9.315729595
9.314981217
9.314242597
9.313383833
9.312653254
9.311944015
9.31111557
9.31038094
9.309639116
9.30890285
9.308046491
9.30731029
9.30659566
9.305755114
9.30501132
9.304273125
9.303406169
9.302667232
9.301816135
9.301086323
9.300353408
9.299512867
9.298783871
9.297923502
9.297187931
9.296336404
9.295616719
9.294781172
9.294072179
9.293244911
9.292522722
9.291689051
9.290989898
9.290175578
9.289490771
9.288703414
9.288007032
9.287176633
9.286470512
9.285681771
9.284998586
9.284185893
9.283380958
9.282699232
9.281886465
9.281065254
9.280374448
9.279576722
9.278798749
9.278138438
9.277356715
9.276556851
9.275870158
9.275075047
9.274280201
9.273598944
9.272832997
9.272045384
9.271229702
9.270523637
9.269723631
9.268927109
9.268113838
9.26729967
9.266613472
9.265806108
9.264981969
9.264157866
9.263338931
9.262534559
9.261836922
9.261020696
9.260198611
9.259377779
9.258549684
9.257711925
9.256898461
9.256110031
9.255303529
9.25446653
9.253632085
9.252828013
9.252026513
9.251208675
9.250392751
9.24958303
9.24875954
9.247927678
9.247102245
9.246297279
9.245499684
9.244682375
9.243860055
9.243042174
9.242226523
9.241404611
9.240588056
9.239801034
9.238887869
9.238057224
9.237223846
9.236416202
9.235604686
9.234779543
9.233846034
9.233025947
9.232197608
9.231366809
9.230412551
9.229583206
9.228768076
9.227952136
9.227003788
9.226162394
9.225324077
9.224352556
9.223520132
9.22269927
9.221720708
9.220841713
9.219980864
9.219022259
9.218183635
9.217332888
9.216375969
9.21553888
9.214579476
9.213741493
9.212907024
9.211968496
9.211156409
9.210218429
9.209390928
9.208442397
9.207622468
9.206691623
9.20590284
9.204992369
9.204179802
9.203260026
9.202354805
9.201567862
9.200666277
9.199890291
9.198991439
9.198092481
9.197314965
9.196444161
9.195585534
9.194843988
9.193985174
9.193117143
9.192366663
9.191521506
9.19069481
9.189977471
9.189142773
9.188304631
9.187480985
9.186770909
9.185955038
9.185145073
9.184331807
9.183497056
9.182771456
9.181950226
9.181134804
9.18033257
9.179522638
9.178698799
9.177882116
9.177174702
9.176375222
9.175575885
9.174751259
9.173924247
9.173112096
9.172314726
9.171515695
9.170721466
9.169924518
9.169115833
9.168310934
9.167517291
9.166732215
9.165962132
9.165196369
9.164411295
9.163627272
9.162769275
9.162025138
9.16128034
9.160508054
9.15973429
9.158968866
9.158209978
9.157358856
9.156609077
9.155846595
9.155085658
9.154334825
9.153486108
9.152730839
9.151979309
9.151218536
9.150343481
9.149575351
9.148818543
9.147967384
9.14719226
9.146411406
9.145548039
9.144785852
9.14403133
9.143188873
9.142429001
9.141576405
9.140832009
9.140095578
9.13927333
9.138556354
9.137746197
9.137020196
9.13621475
9.135509877
9.134735574
9.13404348
9.133270067
9.132598333
9.131842689
9.131092685
9.130430883
9.129674764
9.129007622
9.128270745
9.127532275
9.126886824
9.126167055
9.125441306
9.124801391
9.124101117
9.123422027
9.122818131
9.1221254
9.121446981
9.120779485
9.120192092
9.119549874
9.118904263
9.118261622
9.117709322
9.117096435
9.116498449
9.11590593
9.115306626
9.114707261
9.114114519
9.113539349
9.113031088
9.112442869
9.111856456
9.111285828
9.110719543
9.110167429
9.109616705
9.10906113
9.108515765
9.107983089
9.107467475
9.10695026
9.10643268
9.105916066
9.105361256
9.104883569
9.104409602
9.1039203
9.103450992
9.10300019
9.102556491
9.102075725
9.101639448
9.101204905
9.100774851
9.100347148
9.099879491
9.09945361
9.09901366
9.098588821
9.098133407
9.097735166
9.097329438
9.096881868
9.09649395
9.096121421
9.095709269
9.095333981
9.094957388
9.09455224
9.094185408
9.093793786
9.093438676
9.093031159
9.092675161
9.0922874
9.091950015
9.09156622
9.091215884
9.090836376
9.090502229
9.09013926
9.089810557
9.089443359
9.08908465
9.088767282
9.088431278
9.088132498
9.087783118
9.087439495
9.087140492
9.086807857
9.086462881
9.086114921
9.085806733
9.085473843
9.085146374
9.084802794
9.08449768
9.084157702
9.083828459
9.08351375
9.083182293
9.082848205
9.082559202
9.082244304
9.081939541
9.081621772
9.081305148
9.080991841
9.080675615
9.080353142
9.080031698
9.079718663
9.079398591
9.079096484
9.078792093
9.078471609
9.078165362
9.077873333
9.077588852
9.07729887
9.076987409
9.076711692
9.076446943
9.076185412
9.07591636
9.075654714
9.075363273
9.075108535
9.074854156
9.074588925
9.074314178
9.074074058
9.073844807
9.073585548
9.073347453
9.073116196
9.072877746
9.072662568
9.072442161
9.072206725
9.071998777
9.071784245
9.071584073
9.071386861
9.071191252
9.071029843
9.070845858
9.070668427
9.07048543
9.07033022
9.070161868
9.069989206
9.069838101
9.06968298
9.069550376
9.069412776
9.069267177
9.069135335
9.069001734
9.068875702
9.068747941
9.068604012
9.068476122
9.068356709
9.06825193
9.06813107
9.068019751
9.067923847
9.067834812
9.067749822
9.067661655
9.067582776
9.067521807
9.067460315
9.067403581
9.06736471
9.067324312
9.067291491
9.067258579
9.067232522
9.067221747
9.067218141
9.067214759
9.067214854
9.067228253
9.067260515
9.067279355
9.06729841
9.06733431
9.067376333
9.067418069
9.067467723
9.067520686
9.067591444
9.067674181
9.067750358
9.067837128
9.067925861
9.068026101
9.068125611
9.06821927
9.068316759
9.068424146
9.06852327
9.068622501
9.068735639
9.068851858
9.06896855
9.069089151
9.06920706
9.069350631
9.0694853
9.069624549
9.069763377
9.069924697
9.070075422
9.070243449
9.070410525
9.07057291
9.070757092
9.070913759
9.071092509
9.07128506
9.071470831
9.071665495
9.071868791
9.072082064
9.072278167
9.072491221
9.072707058
9.072932266
9.073147687
9.073369668
9.073595721
9.073822963
9.074055402
9.074271076
9.074493689
9.074730181
9.074968489
9.075187734
9.075433774
9.075689974
9.07595597
9.076218247
9.076500587
9.076770569
9.077040966
9.077295462
9.077563275
9.077840759
9.078121812
9.078401505
9.078691154
9.079012084
9.079317178
9.079613953
9.079923251
9.080268641
9.080587972
9.080905952
9.081239778
9.081613943
9.081963592
9.082311554
9.082702368
9.083072715
9.083470966
9.083837726
9.084246717
9.084632654
9.085041809
9.085426324
9.085856543
9.086262829
9.086699556
9.087110593
9.087565739
9.087994075
9.088452704
9.088916493
9.089363781
9.089852952
9.090342207
9.090801863
9.091307922
9.091815721
9.09233244
9.092818695
9.0933626
9.093902659
9.094450654
9.095017371
9.095585067
9.096103745
9.096676112
9.097255872
9.09783753
9.09841725
9.098999963
9.099593328
9.100186684
9.100786746
9.101396879
9.102009193
9.10261776
9.103283891
9.103908447
9.10453196
9.105160535
9.105802678
9.106452845
9.107149407
9.107807117
9.108473294
9.109138579
9.109857193
9.110533694
9.11121604
9.111947945
9.112634758
9.1133339
9.114089697
9.114793669
9.115558036
9.116281122
9.116998632
9.117790336
9.118536378
9.119351364
9.120167883
9.120941456
9.121788524
9.122575798
9.123430514
9.12429657
9.125103185
9.125972928
9.12685756
9.127681395
9.12857225
9.129472515
9.13038431
9.131235606
9.132157308
9.133090834
9.134031331
9.134963932
9.135905918
9.136858217
9.137738634
9.138687564
9.139640255
9.140600362
9.141558686
9.142522479
9.143491282
9.144447545
9.145472735
9.146435759
9.147398329
9.14836321
9.14932695
9.150296224
9.151256172
9.152286267
9.15326179
9.154231981
9.155203828
9.156258952
9.157248452
9.158234884
9.159296247
9.160299295
9.161374136
9.162381603
9.163398536
9.164480823
9.165500158
9.166596372
9.167614179
9.168699275
9.169720909
9.170823757
9.171917835
9.172949668
9.174059539
9.175162061
9.176201067
9.17731867
9.178432338
9.179471157
9.18058944
9.181707198
9.18281884
9.183940239
9.184983139
9.18610406
9.187232582
9.188362168
9.189488884
9.190614952
9.191741244
9.192866328
9.193990983
9.195122341
9.196242111
9.197365987
9.198494995
9.19962005
9.200746891
9.20194967
9.203073449
9.204188447
9.205308267
9.206422259
9.207600824
9.208709211
9.209814
9.210982474
9.212082299
9.213180618
9.214340575
9.215430782
9.216589619
9.217667162
9.218815381
9.219890216
9.221029809
9.222101763
9.22325277
9.224324692
9.225474415
9.226560673
9.227713062
9.228871628
9.229954879
9.231099165
9.23224055
9.233384096
9.234442367
9.235568978
9.236698229
9.237820587
9.238948174
9.240073188
9.241189253
9.242298405
9.243341345
9.244449093
9.245561574
9.24667946
9.247858331
9.248970765
9.250083572
9.25118856
9.252294399
9.253409508
9.254520387
9.255637985
9.256833426
9.257952129
9.259080038
9.260210521
9.261414177
9.262550078
9.263691445
9.264900206
9.266045537
9.267255043
9.268390977
9.269603042
9.270749514
9.271965471
9.27311005
9.274333543
9.275484081
9.276714396
9.277939825
9.279102918
9.280349699
9.281593582
9.282769641
9.28402237
9.28527593
9.286539091
9.287724832
9.288979286
9.290231642
9.291480413
9.292727792
9.29397581
9.295216749
9.29645415
9.297699146
9.298933962
9.300166524
9.301403267
9.302635587
9.303869891
9.305104579
9.306401734
9.30763473
9.308862576
9.310088629
9.311317129
9.312614936
9.313839965
9.315067751
9.316358733
9.317578417
9.318868466
9.320083279
9.321300959
9.32257963
9.323785368
9.325063128
9.326335097
9.327530163
9.328784474
9.329959449
9.331201901
9.332433392
9.333589062
9.334813857
9.336029683
9.33724304
9.338390501
9.339592257
9.340792545
9.341989119
9.343180437
9.344364685
9.345536457
9.346702973
9.347862333
9.349009611
9.350159815
9.351302961
9.352447038
9.353586255
9.354712836
9.355839643
9.35702408
9.35813848
9.359253897
9.360353612
9.361505934
9.362596095
9.363671972
9.364810303
9.365883419
9.367010874
9.368074423
9.369188371
9.370243721
9.371354709
9.372398486
9.373505257
9.374547491
9.375648361
9.37674321
9.377773445
9.378858089
9.379937033
9.38100837
9.382024674
9.383089185
9.38415511
9.385215634
9.386277059
9.387342947
9.388396058
9.38945542
9.390510105
9.391565739
9.392616002
9.393657565
9.39470029
9.395737901
9.396772668
9.397805556
9.398877357
9.399888818
9.400891361
9.401888012
9.402935254
9.403922197
9.404907949
9.405936478
9.406915333
9.407941559
9.40891043
9.409930456
9.410893616
9.411909253
9.412868408
9.413870044
9.414867533
9.415807105
9.416796934
9.417777445
9.418704086
9.41967501
9.420634571
9.421592357
9.422543092
9.423494782
9.424447904
9.425394789
9.426293811
9.42723922
9.428237923
9.429183876
9.430129672
9.431079016
9.432016701
9.432954174
9.433884832
9.434818778
9.435787107
9.436703024
9.43761568
9.438565735
9.439471996
9.440368781
9.441311564
9.442207877
9.44314103
9.444021983
9.444936058
9.44581016
9.446715673
9.447618545
9.448469797
9.449363518
9.450249615
9.451087597
9.451971773
9.452844541
9.453714995
9.454582122
9.455409655
9.456273606
9.457128364
9.457980052
9.458823109
9.459663375
9.460493486
9.461321612
9.462180017
9.462999281
9.463813408
9.464626545
9.465439157
9.466282092
9.467085842
9.467879683
9.468669813
9.469492339
9.47028126
9.471102489
9.471880823
9.472687824
9.473451446
9.474247484
9.47499742
9.475775078
9.476542494
9.477267597
9.478018755
9.478768864
9.479481547
9.480227412
9.480967541
9.48169994
9.482433821
9.483159126
9.483884937
9.484603
9.48531688
9.486022055
9.486721901
9.487412487
9.48809676
9.48877482
9.489446564
9.490136117
9.490787546
9.491433272
9.492069503
9.49273093
9.493354975
9.494002811
9.494612758
9.495251725
9.495862765
9.496498887
9.497101383
9.497730228
9.498324606
9.498946226
9.499560011
9.500141607
9.500748026
9.501353843
9.50195911
9.502562776
9.503142777
9.503751266
9.504359296
9.504958628
9.505552325
9.50614362
9.506730911
9.507339239
9.507924175
9.508509567
9.50909861
9.509682987
9.510293993
9.510875144
9.511455447
9.512054836
9.512628266
9.513199408
9.513797434
9.51436382
9.514955227
9.515517192
9.516105711
9.516690734
9.517249086
9.517827726
9.518406715
9.518961048
9.519544029
9.520120252
9.520693445
9.521260039
9.521826892
9.522390681
9.522953135
9.52351314
9.524073949
9.524636469
9.525204495
9.525770619
9.526342297
9.526910479
9.527503352
9.528066122
9.528630475
9.529210006
9.529770173
9.530324652
9.530902428
9.531454582
9.532033675
9.532590395
9.533171148
9.533747817
9.534300357
9.534874018
9.535446357
9.535989995
9.536553089
9.537109671
9.537661208
9.538206642
9.538747885
9.539288463
9.539819775
9.540344195
9.54085818
9.541368891
9.541872556
9.542375826
9.542890666
9.543384302
9.543873656
9.544357239
9.544855754
9.545328244
9.545819309
9.54628157
9.546739355
9.547209147
9.547674211
9.548111753
9.548561829
9.548983916
9.549411709
9.549831394
9.550245903
9.550654016
9.551033385
9.551421212
9.551801006
9.552173348
9.552535245
9.55288725
9.553229431
9.553570292
9.553906681
9.554252589
9.554585122
9.554913641
9.555239211
9.555574038
9.55589406
9.556203562
9.556523048
9.556827803
9.557145843
9.557445031
9.557749542
9.558052107
9.558336445
9.558628454
9.558909052
9.559174337
9.559439983
9.559697958
9.559950917
9.560199894
9.560443458
9.560680623
9.560913052
9.561134807
9.56135104
9.561559333
9.561759207
9.561953974
9.56215179
9.562341941
9.562523497
9.562709099
9.562885622
9.563060853
9.563243606
9.563412746
9.563583284
9.563747196
9.563901995
9.564064351
9.564222209
9.564371342
9.564514954
9.564645839
9.564770417
9.564892739
9.565017184
9.565135088
9.565249858
9.565362047
9.565477558
9.565595476
9.565712848
9.56583047
9.565948454
9.566064157
9.566174485
9.56628189
9.566394446
9.566506352
9.566620563
9.566726722
9.566833952
9.566934391
9.56703482
9.567135648
9.567239635
9.567335699
9.567432146
9.567523161
9.567611655
9.567698493
9.567782149
9.567863563
9.567942898
9.568013362
9.568076697
9.568132429
9.568189621
9.568251756
9.568307785
9.568364205
9.568417877
9.568468228
9.568516041
9.568560752
9.568601154
9.568642442
9.568677355
9.568704704
9.568729389
9.568748261
9.568763378
9.568775315
9.568783983
9.568789784
9.568789587
9.56878353
9.568777361
9.568768045
9.568759878
9.56874985
9.568742399
9.568736344
9.568723255
9.568705711
9.568684541
9.568659276
9.568632081
9.568600823
9.568569386
9.568532952
9.568489204
9.568443066
9.568391862
9.568343765
9.568294355
9.56824902
9.568203967
9.568154625
9.568104486
9.568053531
9.567995974
9.567931344
9.567860787
9.56778654
9.567708404
9.56762596
9.567542202
9.567454641
9.567368494
9.567281513
9.567191244
9.567104102
9.567010847
9.566913512
9.566818606
9.56671388
9.566605775
9.566497366
9.566383098
9.56626023
9.566132285
9.565996827
9.565854163
9.565706136
9.565554598
9.565398822
9.565237638
9.56506656
9.564896775
9.564724581
9.564542317
9.564359581
9.56417518
9.563988621
9.56380134
9.563599543
9.563390267
9.563179105
9.562955326
9.562723283
9.562480166
9.562230438
9.5619924
9.561749684
9.561495291
9.561232753
9.56096379
9.560677199
9.560394087
9.560106341
9.559815258
9.55950543
9.559201091
9.558890305
9.558560453
9.558229739
9.557879808
9.557529893
9.557160695
9.556784134
9.556401321
9.556023403
9.555623231
9.555213184
9.554802121
9.554383158
9.553950021
9.553511857
9.553070374
9.552617361
9.552159734
9.551685199
9.551219632
9.550752455
9.550265641
9.549790357
9.549295548
9.548812347
9.548312992
9.547824349
9.54731753
9.546814552
9.546312067
9.545820837
9.545312291
9.544797661
9.544280264
9.543761385
9.543241053
9.542714879
9.542175799
9.541651549
9.541128145
9.540601694
9.540058369
9.539533193
9.538993813
9.538466247
9.53791926
9.537389878
9.536849139
9.536307514
9.535777873
9.535231027
9.53468353
9.534135439
9.533591201
9.53305093
9.53251421
9.531983434
9.531452812
9.530920547
9.530374203
9.529848245
9.529326578
9.528790524
9.528265189
9.527728762
9.527213537
9.52668894
9.526182053
9.525662753
9.525146755
9.524631402
9.524113413
9.52359218
9.523083473
9.522541711
9.522015013
9.521487506
9.520957467
9.520421426
9.519881914
9.519328005
9.518787745
9.518242015
9.517681294
9.517135997
9.516575553
9.516020053
9.515482559
9.514931938
9.514381292
9.513831826
9.513285213
9.512739233
9.51219192
9.51164802
9.511113551
9.510583058
9.510056871
9.509537113
9.509009649
9.50849693
9.507976212
9.507477145
9.506969301
9.50647508
9.505963311
9.505454952
9.504961942
9.504460555
9.503965248
9.503472894
9.502986118
9.502502934
9.502020986
9.501541665
9.50106619
9.50059384
9.500106939
9.499633399
9.499158902
9.498674317
9.498201971
9.497721258
9.497239749
9.496769551
9.496284016
9.495797818
9.495308267
9.494810132
9.494319386
9.493812649
9.493290066
9.492777826
9.492264876
9.491748121
9.491230513
9.490699343
9.49017948
9.489649581
9.489136944
9.488610499
9.488095781
9.487567583
9.487040603
9.486528984
9.486004795
9.485480625
9.484956428
9.484429013
9.483896248
9.483353153
9.482805479
9.482244848
9.481696484
9.481144846
9.480579566
9.480025451
9.479455533
9.478900828
9.478330144
9.477752159
9.477164816
9.476585577
9.475992262
9.475398932
9.474805591
9.47421475
9.473621366
9.473030265
9.472429632
9.471842506
9.47125555
9.4706473
9.470047083
9.469433544
9.468837278
9.468234306
9.467639449
9.467064046
9.466480451
9.465898517
9.465316649
9.46473604
9.464154051
9.463574995
9.462996629
9.462405483
9.461829912
9.461252454
9.460660885
9.460078329
9.459478177
9.458886598
9.458282095
9.457677833
9.457089922
9.456489059
9.455890559
9.455292769
9.454698863
9.45410888
9.45352315
9.452925448
9.452339983
9.451752871
9.451152755
9.450565736
9.449982266
9.449383715
9.44878587
9.448202613
9.447607814
9.447021467
9.446440647
9.4458635
9.445288662
9.444717174
9.444146407
9.443580195
9.443017486
9.442445174
9.44188659
9.44132011
9.440766189
9.440200192
9.439641878
9.439066802
9.438481795
9.437890753
9.437305201
9.436701542
9.436094823
9.435470898
9.434857502
9.434239232
9.43361532
9.432983805
9.432336629
9.431701328
9.431050142
9.430412219
9.429760642
9.429106843
9.428449491
9.427788192
9.427137549
9.426472471
9.425805352
9.425118888
9.424440427
9.423757444
9.423071992
9.422369969
9.421684368
9.420980746
9.420289226
9.419582271
9.418878025
9.418187451
9.417484145
9.416785024
9.416086094
9.415383353
9.414679165
9.413970545
9.413244912
9.41253276
9.411820614
9.411089282
9.410372718
9.409640889
9.408919992
9.408182501
9.407436191
9.406686066
9.405926442
9.405155407
9.404374443
9.403585765
9.402790085
9.401987345
9.401166383
9.400357562
9.399544867
9.39871143
9.397868801
9.397040246
9.396190753
9.395342193
9.394494822
9.393640931
9.392784541
9.391928706
9.391075204
9.390219398
9.38936132
9.388481572
9.387616126
9.386721691
9.385841196
9.38493892
9.38405305
9.383153858
9.38225436
9.381356362
9.380462876
9.379566364
9.378668113
9.377765336
9.376846826
9.375946477
9.37505246
9.374137721
9.373239595
9.372325773
9.371415251
9.37050417
9.369611773
9.368703719
9.367799222
9.366896957
9.36598126
9.365085263
9.364188431
9.363288019
9.362362781
9.361453591
9.360528867
9.359623493
9.3587048
9.357788997
9.356874186
9.355956682
9.355037017
9.354118365
9.353197402
9.352269715
9.351317698
9.350379672
9.349441265
9.348486317
9.347553491
9.346603225
9.345650919
9.344694559
9.34373942
9.342783882
9.34182636
9.340867079
9.339906386
9.338941577
9.33795881
9.336990166
9.335996256
9.335019216
9.334022528
9.333042389
9.332039411
9.331032357
9.330017377
9.329000071
9.327979905
9.326960219
9.325919561
9.324895351
9.32387749
9.322844528
9.321831572
9.320805671
9.319776296
9.318742875
9.317725093
9.316696407
9.315670596
9.31462761
9.313601786
9.312566763
9.311524453
9.310460688
9.309413888
9.308349172
9.307282479
9.30623087
9.305158282
9.304074665
9.302985791
9.301895397
9.300802377
9.299708782
9.298590958
9.297482348
9.296362992
9.295219751
9.294074092
9.292947862
9.291799756
9.290649466
9.289498696
9.288348079
9.28719603
9.28604764
9.284907361
9.283756174
9.282625913
9.281472139
9.28033421
9.279171948
9.278025146
9.276858166
9.275690662
9.274523416
9.273359049
9.272194012
9.271010423
9.269846829
9.268678589
9.267491832
9.266327652
9.265139807
9.263952701
9.262783921
9.261597083
9.260412325
9.259225149
9.25802181
9.256842215
9.255665095
9.254489968
9.253294672
9.252122261
9.250936027
9.249754889
9.248579847
9.247426082
9.246254762
9.245065012
9.243897814
9.242731552
9.241566717
9.240378571
9.239203767
9.238009299
9.236827366
9.235618225
9.234411804
9.233203918
9.231995704
9.230786521
9.229575531
9.228364999
9.22713377
9.225926626
9.224700861
9.223492642
9.222260104
9.221027249
9.21979331
9.218575148
9.21731064
9.216064758
9.214817722
9.213570666
9.212305184
9.211057062
9.209784773
9.20853079
9.20725621
9.205980617
9.20470413
9.203424707
9.202147832
9.200869061
9.199591278
9.198292218
9.197011776
9.195711965
9.19443189
9.193133835
9.191837105
9.190539359
9.18924245
9.187947665
9.186653646
9.185360832
9.184056087
9.182777538
9.181486216
9.180218007
9.178935005
9.17765262
9.176371886
9.175094113
9.173820218
9.172553295
9.171292865
9.170034312
9.168759406
9.167506463
9.166242763
9.164979789
9.163723587
9.16249227
9.161246249
9.159986085
9.158751639
9.157523692
9.156298394
9.155061288
9.153847711
9.152619807
9.151399159
9.15018539
9.148984584
9.147799212
9.146621065
9.145447364
9.144281937
9.143109526
9.14196257
9.140807427
9.139663303
9.138544954
9.137416449
9.136294159
9.13518208
9.13407754
9.132965832
9.131880639
9.130787024
9.129716042
9.128638317
9.127572206
9.12653468
9.125493519
9.124464468
9.123433813
9.12243011
9.12143877
9.120451064
9.119494843
9.118542469
9.117619716
9.116693898
9.115779124
9.114875753
9.113983502
9.113103761
9.112227115
9.111374165
9.110520794
9.109689135
9.108852823
9.108023336
9.107199057
9.106378787
9.105564138
9.104752128
9.103944443
9.103128299
9.102328443
9.101523353
9.100723438
9.099931591
9.099156086
9.09837485
9.097588433
9.096816446
9.096050583
9.095278675
9.094519512
9.093755874
9.093011279
9.092264162
9.091525523
9.090799637
9.09008115
9.08936133
9.088663703
9.087977442
9.087290966
9.086615672
9.085955127
9.085293927
9.084640154
9.08399452
9.08335573
9.082713111
9.082085513
9.081453466
9.080833387
9.080209316
9.079595158
9.078990535
9.078392351
9.077802353
9.077215373
9.076634278
9.076049388
9.075479675
9.074913271
9.074353667
9.073808649
9.073256792
9.072701719
9.072159598
9.071625188
9.071096616
9.070569115
9.070044337
9.069528276
9.069008681
9.068492145
9.067979036
9.067472166
9.066967483
9.066459615
9.065967253
9.065481812
9.065006164
9.064546101
9.064086178
9.063637932
9.063197658
9.062759497
9.062329143
9.061903714
9.061477887
9.061057579
9.060645769
9.060244323
9.059843034
9.05944154
9.059049898
9.058663596
9.058276307
9.05790228
9.05753457
9.057176328
9.056821059
9.056466196
9.056113897
9.05577201
9.055442055
9.055116603
9.054800963
9.054485668
9.054173862
9.053870129
9.053575829
9.053292299
9.053021863
9.052758145
9.052502262
9.052255469
9.052019289
9.051787208
9.051566404
9.051353357
9.051143792
9.050937604
9.050738532
9.050541215
9.05034842
9.050155067
9.04996346
9.049775738
9.049594556
9.049420418
9.049244569
9.049069446
9.048891098
9.048714276
9.048543377
9.048377676
9.048208525
9.048037824
9.047860448
9.047678089
9.047493161
9.047309946
9.047124961
9.04693881
9.046750947
9.046564768
9.046373972
9.046184017
9.045994277
9.045804379
9.045619992
9.045439374
9.045264816
9.045093262
9.044926849
9.044758619
9.044591441
9.044422343
9.044256568
9.044093455
9.043933461
9.043773641
9.043614684
9.043452819
9.043288986
9.043129799
9.042977633
9.042831417
9.04269677
9.042569986
9.042448023
9.042327778
9.042207595
9.042092103
9.041973419
9.041851235
9.041725901
9.04159876
9.041470049
9.041346418
9.041224834
9.041109601
9.040998402
9.040891456
9.040783752
9.040674718
9.040567971
9.040460352
9.040347187
9.040233299
9.040118842
9.040007167
9.039908518
9.039819813
9.039737055
9.039657177
9.039573642
9.039488914
9.03940526
9.039318905
9.039237078
9.039160597
9.039084452
9.039009506
9.038936471
9.038860841
9.038784589
9.038712899
9.038649129
9.038581706
9.038511959
9.038438631
9.038370553
9.038306845
9.038249095
9.038188783
9.03812323
9.038048521
9.037970051
9.037892352
9.037810535
9.037721249
9.037614312
9.037494509
9.037366833
9.037223799
9.037074597
9.03691878
9.036757848
9.036585871
9.036409564
9.036226655
9.036041853
9.035858982
9.035674274
9.035496608
9.035321152
9.035146272
9.034972662
9.034799827
9.034619369
9.03443787
9.034255545
9.034069806
9.033886902
9.033697421
9.033506182
9.033308916
9.033106545
9.032889463
9.032657188
9.032415059
9.03217789
9.031937458
9.031686654
9.031425522
9.031161579
9.030900053
9.030629339
9.030352669
9.030080059
9.029809078
9.029536237
9.029248573
9.028950237
9.02864286
9.028335036
9.028024053
9.027707864
9.027388749
9.027070496
9.02674663
9.026421216
9.026094053
9.025772793
9.025443322
9.025110364
9.024772051
9.024430436
9.024081496
9.023727149
9.023361415
9.022990076
9.022612892
9.02223803
9.021859093
9.021481445
9.02110087
9.020718215
9.020330662
9.019933924
9.019537649
9.019134492
9.01873073
9.01832089
9.017910562
9.017495936
9.017081021
9.016655121
9.016228087
9.015805055
9.015378096
9.014950768
9.014522479
9.014096613
9.013664329
9.01323722
9.012805599
9.012371174
9.011936028
9.011493206
9.011038788
9.010575406
9.010090136
9.009591933
9.009087239
9.008571833
9.008046468
9.007511154
9.006974224
9.006430968
9.005894213
9.00535326
9.004808638
9.004257421
9.003709147
9.003155589
9.002588334
9.002010287
9.00142553
9.000833838
9.000238197
8.999648904
8.999049766
8.998441674
8.997830271
8.997212962
8.996587032
8.995970595
8.995353725
8.994731619
8.994109493
8.993483138
8.992859161
8.992226137
8.991591494
8.990955313
8.990318078
8.989680978
8.989049051
8.988413245
8.987781877
8.987148362
8.986520189
8.985890631
8.985257459
8.984616765
8.983975734
8.9833236
8.982667099
8.982010874
8.981350592
8.980685525
8.980001174
8.97930884
8.978625011
8.977934533
8.977236011
8.976545978
8.975857428
8.975158997
8.974458591
8.973761573
8.973067103
8.972374201
8.971680229
8.970991992
8.970293512
8.969603173
8.968913167
8.968224461
8.967528145
8.96683923
8.966142195
8.965441053
8.964735791
8.964023824
8.963312046
8.962593042
8.961886076
8.961177182
8.960469144
8.959734223
8.958988791
8.958237471
8.957483408
8.956719451
8.955943465
8.955161065
8.954379212
8.953594264
8.95280991
8.952025002
8.951234122
8.95044398
8.949657911
8.948872786
8.948079688
8.94727759
8.946478118
8.945666598
8.944859942
8.94404857
8.943232139
8.942423324
8.9416048
8.940775619
8.939948671
8.939115615
8.938277309
8.937430134
8.93657976
8.935725792
8.934881587
8.934030474
8.933188641
8.932356879
8.931532032
8.930714761
8.929917941
8.929122772
8.928331765
8.927532329
8.926741145
8.925951248
8.925158998
8.924373746
8.92359025
8.922810908
8.922029587
8.921245201
8.920465502
8.919685406
8.918915509
8.91815182
8.917383736
8.916605273
8.915826674
8.915060791
8.914302342
8.913534495
8.912776316
8.912017848
8.911256103
8.910485981
8.909715966
8.90895073
8.90816155
8.90737028
8.906577326
8.905779931
8.904985694
8.904204974
8.903421607
8.9026449
8.901875266
8.901097125
8.900330981
8.899561929
8.898798971
8.898037318
8.897281742
8.896531127
8.895765818
8.894985263
8.894198566
8.893418835
8.892640899
8.891853031
8.891052314
8.890248548
8.889429824
8.888593641
8.887740427
8.886886892
8.886036827
8.885177249
8.884314061
8.883451859
8.882590931
8.881734933
8.880878712
8.880021016
8.879147884
8.87827794
8.877399365
8.876515683
8.875621595
8.874727489
8.873810582
8.87287381
8.871923264
8.870958439
8.869978264
8.868986982
8.867989552
8.866983966
8.865960187
8.864907253
8.863848114
8.862778471
8.861709326
8.860642025
8.859572643
8.858531945
8.857500189
8.856483247
8.85547216
8.854469979
8.853454836
8.852452391
8.851442915
8.850420979
8.849395072
8.84835523
8.847316335
8.846287459
8.845270385
8.844277647
8.843290726
8.842309333
8.841326128
8.840341449
8.83935446
8.838382756
8.837399803
8.836422846
8.835447382
8.834483473
8.833495172
8.832507012
8.831525945
8.830545631
8.829570649
8.828614484
8.827660134
8.826698784
8.825746402
8.824792718
8.823819367
8.822829551
8.821830863
8.820818493
8.819799279
8.818767545
8.817725703
8.816663537
8.815598873
8.814512174
8.813409847
8.812297243
8.811175031
8.810046867
8.808909074
8.807774258
8.806641595
8.805519188
8.804410535
8.803291802
8.802164235
8.801032981
8.799884142
8.798746547
8.797609872
8.796461325
8.795296555
8.794145093
8.792982494
8.791808281
8.790609852
8.78939426
8.78815698
8.786895395
8.785618511
8.784328147
8.783018049
8.781707681
8.780383159
8.779047893
8.777712432
8.776364038
8.775018995
8.773665409
8.772292859
8.770936167
8.769578199
8.76822988
8.766870049
8.765485886
8.764085841
8.76268245
8.761286771
8.759902484
8.758503072
8.757097566
8.755670245
8.754248049
8.752825067
8.751421659
8.75000704
8.748589222
8.747168146
8.745764219
8.744359622
8.742966493
8.741577654
8.74017905
8.738795006
8.737412264
8.73604021
8.734672719
8.733334925
8.732012697
8.730722247
8.729443779
8.728192393
8.726955671
8.725726907
8.724507046
8.723288057
8.722086018
8.72090245
8.719731644
8.718574394
8.717445389
8.716327297
8.715238958
8.714160801
8.713106132
8.712077313
8.711064251
8.710070519
8.709079733
8.708109707
8.707162265
8.706234476
8.705328394
8.704444379
8.703594776
8.70277553
8.701976724
8.701209736
8.700470761
8.699766
8.699085573
8.698443205
8.697831388
8.697238295
8.696677666
8.696139314
8.695626852
8.695147128
8.694691428
8.694264771
8.693868362
8.693492424
8.693136462
8.692802787
8.692484425
8.692184939
8.691913262
8.691671053
8.691455882
8.691274092
8.691122636
8.691001225
8.69090632
8.690845328
8.690812631
8.690802132
8.690816169
8.690846449
8.6908926
8.690956493
8.69103941
8.691134201
8.691244933
8.69137992
8.691539704
8.691716431
8.691911104
8.692126307
8.692358114
8.692601952
8.692863075
8.693144493
8.693450023
8.693770671
8.694108711
8.694459629
8.694818528
8.695179177
8.695547183
8.695915894
8.696290989
8.696685014
8.697079652
8.697471396
8.697862962
8.698257831
8.698652079
8.699046245
8.699440722
8.699830119
8.700211541
8.700609241
8.701022088
8.701437346
8.701852503
8.702261118
8.702668608
8.703074682
8.703486858
8.703898741
8.704315012
8.70473885
8.705165841
8.70559377
8.706026164
8.706465773
8.70691456
8.707373513
8.70783953
8.708315076
8.70880394
8.709302117
8.709803336
8.71032104
8.710847091
8.711386034
8.711952493
8.712538233
8.713133428
8.713747262
8.714373535
8.715031006
8.71570246
8.716391681
8.717091467
8.71781815
8.718564076
8.719333635
8.720114828
8.720914713
8.721743443
8.722600088
8.723471851
8.724357706
8.725260176
8.726182805
8.727119801
8.728065519
8.729023911
8.729997348
8.730985839
8.731979679
8.73298662
8.734005458
8.735036887
8.73609019
8.737156846
8.738240025
8.739338336
8.740452314
8.741576896
8.74272626
8.743898427
8.745079623
8.746289439
8.747514197
8.748765114
8.750035655
8.751323341
8.752623699
8.753940311
8.755262537
8.756604954
8.757952132
8.75929891
8.760651322
8.762018645
8.763389777
8.764785364
8.766182784
8.767596208
8.769016964
8.770442801
8.771890045
8.773357598
8.774842339
8.776343295
8.777846316
8.779375323
8.780910749
8.782458591
8.78401012
8.785566105
8.787134617
8.788716638
8.790318528
8.791943412
8.793590341
8.795246144
8.79692036
8.798597172
8.800290583
8.802002268
8.803720546
8.805450836
8.80718417
8.808927614
8.81067138
8.812423604
8.81418379
8.815953928
8.817724988
8.819509434
8.82129327
8.823089749
8.824905837
8.826724869
8.828558906
8.83039852
8.832256752
8.834129084
8.836006914
8.837885697
8.839774932
8.841665046
8.84355839
8.845439742
8.847329954
8.849222397
8.851099285
8.85298524
8.8548855
8.856778988
8.858679246
8.860579256
8.86248172
8.86437948
8.866269451
8.868155812
8.870047491
8.871936752
8.87383067
8.875723013
8.877615353
8.879508084
8.881409821
8.883309936
8.885211198
8.887120526
8.889025903
8.890925984
8.892827282
8.8947247
8.896617359
8.898513018
8.900401939
8.902285567
8.904169988
8.906047038
8.907913442
8.909777896
8.911631124
8.913473104
8.915306265
8.917135443
8.918962634
8.920775143
8.922590041
8.924398906
8.926208828
8.928011196
8.929808417
8.931605406
8.933389854
8.935182278
8.93696004
8.938734616
8.940496676
8.942257738
8.944010064
8.945752642
8.947491335
8.949217444
8.950934966
8.952648507
8.954346855
8.956027624
8.957699838
8.959345626
8.960996239
8.962629621
8.964258048
8.965883402
8.967494353
8.969106738
8.970721297
8.972329089
8.973927558
8.975516768
8.97710142
8.978674525
8.980240567
8.981808636
8.983368025
8.98491795
8.986456437
8.98799001
8.98951556
8.991033257
8.992538098
8.994037507
8.995530254
8.997012563
8.998488633
8.999953365
9.001412914
9.002862021
9.004300256
9.005736822
9.007173982
9.008605425
9.010034083
9.011447677
9.012846213
9.014234939
9.015619521
9.017004468
9.018375832
9.01973991
9.021097586
9.022442648
9.023790773
9.025138416
9.026475746
9.027808657
9.029135354
9.030464374
9.031786443
9.033109759
9.034435361
9.035761568
9.037088405
9.038408315
9.039728694
9.041043326
9.04234832
9.043644982
9.044937318
9.046226004
9.047506771
9.048779088
9.050056014
9.051325246
9.052601426
9.053881617
9.055171904
9.056459929
9.057748615
9.059030363
9.060311541
9.061593274
9.062878822
9.064171599
9.065468908
9.066777318
9.068106573
9.069445959
9.07079826
9.072163909
9.073535181
9.074910463
9.076283873
9.077659152
9.079031217
9.080380696
9.081712777
9.08303862
9.084358762
9.085671527
9.086970655
9.088255185
9.089529847
9.090800017
9.092078259
9.093345938
9.0945977
9.095842271
9.097077236
9.098310694
9.099539257
9.100753831
9.101948855
9.103133547
9.104303646
9.105465464
9.106616212
9.107754246
9.108869315
9.109971128
9.111045312
9.112092151
9.113098081
9.11407757
9.115025909
9.115952978
9.11685762
9.117737711
9.118591395
9.119431047
9.120250406
9.121048017
9.121811556
9.122546305
9.123246131
9.123891073
9.124498556
9.125089569
9.125655766
9.126197848
9.126720115
9.127217631
9.127685173
9.128117551
9.128529595
9.128923925
9.129305508
9.129676472
9.130031025
9.130372306
9.130687471
9.130980415
9.131259263
9.131519378
9.131765065
9.131990234
9.132184359
9.13235027
9.132499347
9.132624756
9.132716361
9.132780149
9.132825724
9.13285991
9.132877263
9.132877442
9.132873736
9.132855137
9.132814964
9.132766405
9.132698806
9.132589138
9.132442922
9.132249746
9.132025159
9.13177404
9.131487498
9.131149563
9.130793717
9.130411426
9.129991256
9.129556004
9.129093856
9.128599268
9.128089352
9.127588696
9.127079965
9.126553725
9.126024749
9.12550684
9.1249959
9.1244762
9.123938313
9.123369342
9.122778667
9.122167497
9.121542506
9.120908218
9.120298673
9.119711731
9.119140581
9.118589384
9.118064103
9.117556987
9.117055523
9.11656493
9.116073713
9.115584585
9.115090162
9.114582265
9.114073663
9.113544806
9.113014928
9.112469011
9.111894186
9.111270865
9.110627934
9.109978895
9.109305201
9.108596042
9.107862874
9.107109434
9.106346188
9.105566302
9.10478119
9.103977066
9.103162308
9.102319026
9.101442106
9.100545779
9.099632019
9.098735496
9.097837437
9.096918708
9.095979453
9.095017069
9.094036967
9.093035737
9.091990501
9.090902684
9.089768519
9.088600623
9.087392803
9.08612125
9.084797507
9.083438143
9.082037727
9.080600051
9.079137911
9.077610025
9.076047731
9.074440139
9.072767428
9.071064588
9.069334001
9.067561721
9.065735724
9.063859731
9.061931535
9.059966965
9.05795416
9.055855395
9.053687649
9.051461017
9.049168621
9.046820214
9.044408817
9.041958646
9.039469136
9.036946768
9.034401281
9.031801421
9.029183022
9.026525823
9.023858088
9.021162559
9.01844591
9.015690726
9.012889312
9.010073349
9.007234786
9.004346737
9.001414438
8.998422627
8.995385793
8.992356152
8.98931139
8.986249415
8.983169959
8.980052535
8.976898795
8.97369986
8.970478019
8.967228013
8.96398561
8.960754165
8.957480062
8.954192651
8.950877293
8.947523793
8.944143211
8.940723609
8.937283207
8.93379991
8.930290077
8.926741377
8.923172777
8.919561845
8.915952973
8.912367582
8.908779203
8.90518436
8.901573489
8.897998296
8.894471227
8.890960547
8.887462627
8.884001526
8.880582598
8.877191183
8.873847984
8.870548426
8.867264171
8.863981837
8.860741982
8.85751419
8.854344142
8.851195477
8.848103692
8.845041493
8.842034798
8.83909674
8.836226305
8.833401657
8.830601937
8.827823043
8.825064495
8.822322694
8.81955892
8.816791173
8.814031163
8.811286517
8.808546565
8.805837144
8.803133061
8.800462364
8.797807609
8.795139424
8.792482667
8.789872655
8.787295069
8.784714747
8.78212312
8.779524954
8.776956853
8.774373695
8.771793226
8.769194617
8.766593322
8.763994328
8.761376015
8.758736701
8.756106579
8.753482465
8.750852468
8.748194473
8.745542008
8.742897829
8.740254471
8.737597698
8.734947826
8.732277842
8.729621676
8.726966138
8.724359321
8.721778147
8.719168881
8.716551995
8.713924758
8.711300111
8.708692905
8.706103792
8.70348635
8.700871824
8.698249986
8.69560362
8.69296349
8.690331607
8.687703092
8.68509648
8.682525209
8.680020513
8.677553168
8.675120309
8.672753971
8.670430185
8.668139414
8.665864793
8.663597972
8.661350184
8.659169357
8.657006197
8.65484665
8.652705786
8.65057468
8.648450438
8.646318391
8.644197298
8.642099701
8.640004674
8.637889645
8.635736489
8.63359834
8.631477785
8.629334676
8.627162325
8.624966098
8.622748953
8.620537722
8.618347071
8.616187541
8.614033025
8.611883973
8.60975526
8.607637479
8.605548774
8.603483957
8.601420462
8.599345801
8.597259001
8.595178103
8.593107613
8.591093212
8.58910228
8.58712637
8.585158539
8.583212317
8.581274988
8.579325067
8.577342736
8.575315881
8.573291249
8.571273666
8.569264278
8.567256806
8.56525222
8.563257531
8.561280394
8.559323102
8.557375736
8.555407545
8.553410435
8.551368038
8.549296929
8.547268377
8.545267492
8.543318026
8.541419665
8.539593101
8.537801023
8.536032021
8.534336724
8.532691645
8.531086704
8.529531926
8.528004943
8.526479046
8.524958441
8.523444678
8.521947063
8.52046092
8.519000538
8.517608966
8.516270837
8.514990111
8.51377931
8.512599266
8.511439344
8.510281639
8.509165048
8.508081868
8.506992046
8.505907724
8.504835832
8.503810926
8.502837231
8.501913041
8.501017114
8.50015823
8.499334317
8.498553327
8.497824128
8.49711988
8.496474295
8.49587429
8.495305205
8.494765302
8.494256333
8.493752342
8.493265823
8.492816102
8.492407846
8.49205528
8.491750498
8.491491153
8.491238079
8.490989035
8.490778495
8.490577133
8.490432842
8.490340057
8.490309787
8.490337904
8.490375766
8.490416617
8.490463575
8.490521742
8.490568467
8.490612986
8.490696547
8.490793054
8.490924188
8.491061081
8.491197361
8.491343056
8.491515422
8.491741583
8.492043234
8.492386926
8.492802131
8.493300012
8.493837416
8.494434611
8.495091716
8.495820762
8.496613811
8.497433726
8.498290009
8.499196433
8.500132777
8.501118297
8.502173934
8.503271667
8.504409418
8.505608943
8.506864133
8.508201768
8.509615801
8.51112577
8.51270844
8.514358873
8.516063849
8.517793426
8.519558802
8.521367864
8.523222055
8.525145565
8.52714778
8.529214597
8.531333669
8.53348528
8.535649425
8.537836748
8.540057662
8.542294627
8.544573886
8.546908561
8.549255916
8.551623365
8.554013726
8.556427503
8.558852381
8.561290665
8.563723686
8.566160453
8.56857566
8.570986739
8.57340014
8.575839688
8.578276571
8.580712142
8.583114879
8.585522594
8.58791839
8.590299005
8.592690957
8.59511649
8.597573096
8.600074984
8.60262979
8.605225627
8.607830264
8.610452878
8.613066861
8.615696439
8.618398573
8.621186281
8.623979213
8.626820891
8.629719949
8.632667798
8.635669104
8.638748909
8.64187123
8.645032912
8.648213168
8.651408205
8.654594856
8.657782459
8.660981394
8.664247755
8.667584239
8.670990931
8.674433297
8.677921062
8.6814659
8.685036978
8.688615946
8.692207906
8.695810494
8.699426461
8.703056423
8.706687695
8.710343081
8.714010251
8.717651116
8.721292058
8.724927823
8.728584377
8.732258774
8.735953002
8.739678685
8.743411968
8.747181427
8.750981803
8.754817512
8.758652572
8.762531151
8.766449076
8.770394009
8.774352438
8.778343167
8.782365273
8.786376911
8.790386353
8.794412325
8.798442311
8.802432228
8.806413745
8.810387656
8.814348792
8.818283008
8.822195096
8.826068328
8.829898487
8.833722367
8.837548377
8.841384354
8.845212358
8.849057334
8.85291699
8.856770258
8.860603917
8.864414131
8.868227934
8.87204291
8.875838724
8.879611516
8.883360459
8.887095389
8.890844575
8.894608338
8.898399258
8.902237565
8.90608046
8.909932034
8.913780098
8.917614784
8.921446045
8.925252242
8.929031806
8.932807842
8.936589274
8.940343505
8.944065379
8.947762445
8.951431152
8.955056231
8.958643054
8.962178905
8.96566201
8.969089762
8.972489284
8.975893799
8.979313503
8.982727825
8.986165648
8.98959134
8.992986137
8.996343332
8.999679408
9.002997346
9.006315156
9.00966708
9.013082642
9.016500741
9.019941486
9.023432061
9.026974916
9.030574574
9.034199273
9.037877883
9.041627032
9.045442894
9.049329373
9.053265407
9.057240873
9.061255679
9.065331343
9.06947262
9.073652681
9.077870075
9.082144104
9.086474589
9.09080783
9.095137843
9.09946755
9.103829224
9.108233702
9.11267214
9.117124654
9.121605443
9.126147068
9.130744023
9.135375738
9.140086283
9.144891281
9.149752513
9.154665504
9.159632664
9.1646405
9.169650816
9.17465844
9.179689048
9.184721811
9.189772597
9.194834833
9.199920205
9.205033864
9.210144841
9.215226195
9.220286153
9.225340504
9.230390778
9.235411023
9.240398924
9.245387679
9.250396111
9.255394136
9.26038776
9.265386871
9.270409373
9.275432706
9.280409353
9.285369248
9.290305217
9.295263478
9.300238759
9.305258735
9.310320007
9.315426541
9.320582572
9.325754517
9.330975798
9.336246081
9.341541853
9.346903556
9.352321422
9.357775949
9.363266295
9.368767085
9.374273253
9.379803509
9.385371278
9.390937424
9.396482263
9.402015127
9.407550315
9.413096947
9.418678513
9.4242725
9.429897376
9.435552878
9.441222652
9.446914535
9.452605055
9.458327018
9.464081809
9.469851695
9.475673177
9.481513269
9.487386781
9.493284922
9.499249444
9.505250156
9.511309157
9.517427689
9.523597628
9.529821655
9.536055483
9.542290479
9.548594603
9.554965118
9.56137836
9.567824863
9.574308803
9.580857255
9.5874769
9.59415656
9.600885617
9.607650152
9.614412687
9.62118919
9.627996223
9.634834958
9.641714264
9.648577711
9.655429444
9.6622897
9.669155627
9.676086367
9.683052982
9.690071251
9.697147954
9.704286004
9.711479439
9.718718856
9.726027997
9.733445829
9.740948744
9.748499243
9.756085735
9.763710331
9.771356619
9.77904354
9.786783006
9.79457113
9.802404589
9.810287823
9.818206024
9.826165757
9.834146666
9.842165497
9.850194903
9.85825214
9.866356163
9.874501576
9.882670164
9.890857973
9.899079185
9.907366977
9.915678454
9.924010983
9.932364561
9.940785412
9.949280833
9.957836521
9.966436407
9.975108453
9.983825068
9.992594977
10.00140405
10.01026379
10.01918165
10.02812074
10.03710786
10.04617595
10.05527759
10.06441749
10.07358716
10.08280887
10.09206724
10.1013707
10.11074722
10.12017806
10.12967435
10.13920772
10.14881255
10.15847661
10.16819549
10.17797678
10.18778298
10.19763269
10.20748489
10.21734383
10.2272128
10.237108
10.2470489
10.2570103
10.26700793
10.2770094
10.28703408
10.29711268
10.30722605
10.31738189
10.32756143
10.33775934
10.34796955
10.35821006
10.36845221
10.37873602
10.38907301
10.39945241
10.40987483
10.42035427
10.43090323
10.44150091
10.45213173
10.46281117
10.47350131
10.4842138
10.49493977
10.50568534
10.51645045
10.52721893
10.53801139
10.54881009
10.55962516
10.57048305
10.58136473
10.59226799
10.60317116
10.61405173
10.62493987
10.63583207
10.64674892
10.65763792
10.66849972
10.67934088
10.69018211
10.70101993
10.71185268
10.72266092
10.73349236
10.74433016
10.75518286
10.76606191
10.77694664
10.78779741
10.79863689
10.80946352
10.8203137
10.83118187
10.84202837
10.85285764
10.8636613
10.87445002
10.88523128
10.89598042
10.90674048
10.91749913
10.92823848
10.93893325
10.94961771
10.96028477
10.97094912
10.98160601
10.99225598
11.00288336
11.01351249
11.02411442
11.03471113
11.04523287
11.0557066
11.06613869
11.07654884
11.08695463
11.09734335
11.10776429
11.11819113
11.12862241
11.13906557
11.14950017
11.15997338
11.17047109
11.18098838
11.19149289
11.20198849
11.21243666
11.22288912
11.23335021
11.24380714
11.25427243
11.26471259
11.27513316
11.28552285
11.29588404
11.30619533
11.31645929
11.32671238
11.33694398
11.34714859
11.35731626
11.36748289
11.37764886
11.38781984
11.39800963
11.4081907
11.41840323
11.42857887
11.43871126
11.44885774
11.45898335
11.4691
11.47921597
11.48929347
11.49928904
11.50922679
11.51914962
11.52900691
11.53880794
11.54856331
11.55828922
11.5679738
11.57765813
11.58731657
11.59695384
11.60660646
11.61632522
11.62604076
11.63572365
11.64540308
11.65508164
11.66474273
11.67439171
11.68403952
11.6937064
11.70337762
11.71303611
11.72268079
11.73226709
11.74177996
11.75118952
11.76053776
11.76983595
11.77907077
11.78818197
11.79720301
11.8060992
11.81492146
11.82366115
11.83230726
11.84088587
11.84940216
11.85784748
11.86622328
11.87453499
11.88275847
11.89092617
11.89904705
11.90712201
11.9151179
11.92309798
11.93103991
11.93894055
11.94676855
11.95449452
11.96213396
11.96973355
11.97728935
11.98482029
11.99232508
11.99978175
12.00721368
12.01471391
12.02224506
12.02974811
12.03726381
12.04483301
12.05241333
12.06001084
12.06762134
12.07524228
12.08286954
12.09046847
12.09804037
12.10552107
12.11295373
12.12032131
12.12763261
12.13486301
12.14201623
12.14907191
12.1560528
12.16300276
12.16990901
12.17676526
12.18355209
12.19023119
12.1968477
12.20341558
12.20992312
12.21635645
12.22261401
12.22870513
12.23466263
12.24046635
12.2460955
12.25154711
12.25683984
12.26201358
12.26715795
12.27228746
12.27731828
12.28228384
12.28720064
12.29214161
12.29707613
12.30197428
12.30689882
12.31182136
12.31678181
12.32175061
12.32668508
12.33164316
12.33664791
12.34168341
12.34667136
12.35165441
12.35659539
12.3615172
12.36644609
12.37131966
12.37626631
12.3812336
12.38621692
12.39122522
12.39622293
12.4012223
12.40622262
12.41119025
12.41606826
12.42080362
12.42541193
12.43001521
12.43457699
12.43911065
12.44366476
12.4482198
12.45270094
12.45715084
12.46164307
12.46616408
12.47065398
12.47511578
12.47953087
12.48392944
12.48828973
12.49266401
12.49701744
12.50126835
12.50541972
12.50955611
12.51368887
12.51786292
12.52201725
12.52614679
12.53017063
12.53417654
12.53820369
12.5422465
12.54620258
12.55008924
12.55398821
12.55783192
12.56166528
12.56549443
12.56933156
12.57316796
12.57693372
12.58053287
12.58405388
12.58754952
12.59099349
12.59429667
12.59754791
12.60069994
12.60377651
12.60677058
12.60967987
12.61253773
12.6152967
12.61803086
12.62080631
12.6235361
12.62618061
12.62869994
12.63103776
12.63324464
12.63540389
12.63750721
12.63951549
12.64144619
12.64331972
12.64512347
12.64682356
12.64841648
12.64984881
12.65111085
12.6522941
12.65351344
12.65479747
12.65619011
12.65773238
12.65937529
12.66103341
12.66276838
12.66455045
12.66640035
12.66827753
12.67022088
12.67217123
12.67414968
12.67618394
12.67829995
12.680482
12.68276236
12.68506159
12.68739378
12.6896848
12.69197819
12.69431734
12.69667249
12.69896885
12.70127178
12.70347303
12.70557655
12.70755903
12.70942486
12.71111823
12.71267828
12.71405063
12.71528
12.71638226
12.71733002
12.7180881
12.71863641
12.71903416
12.71932635
12.71968289
12.71998657
12.7201475
12.72025368
12.72029168
12.72019111
12.71993179
12.71953501
12.71906871
12.71858582
12.71802545
12.71741128
12.71675667
12.71608577
12.7153236
12.71455491
12.71381982
12.71294031
12.71201572
12.7110412
12.70990285
12.70855802
12.70692816
12.70509828
12.70311314
12.70099252
12.6986758
12.69626893
12.69371491
12.69104159
12.68838042
12.68569614
12.68305975
12.68032966
12.67753018
12.67469236
12.67187169
12.66896835
12.66597774
12.66288056
12.65963442
12.656517
