3.40946142
6.600545258
9.600438392
12.32966095
14.74210124
16.81709033
18.55347735
19.96394018
21.07125851
21.90495848
22.4983497
22.88585517
23.10121997
23.17616928
23.13947541
23.0163981
22.82853716
22.59391201
22.32715374
22.03989315
21.7411624
21.43785089
21.1350721
20.8365232
20.5447929
20.26159894
19.98799409
19.72451506
19.47133798
19.22836804
18.99531724
18.77177323
18.55725767
18.35124864
18.15320134
17.96258185
17.77887349
17.60157952
17.43023111
17.26440777
17.10372125
16.94781995
16.79640149
16.64920846
16.50602079
16.36665217
16.23095639
16.09880554
15.97008341
15.84468427
15.72250372
15.60342936
15.48734432
15.37413663
15.26369711
15.15592406
15.05072748
14.94802957
14.84775575
14.74983436
14.65419438
14.56076229
14.46946238
14.3802175
14.29295537
14.20760715
14.12411015
14.04240798
13.9624513
13.88419466
13.80759191
13.73259802
13.65916683
13.58724896
13.51679145
13.44774141
13.38004398
13.31364284
13.24848454
13.18452177
13.12171202
13.0600187
12.99941498
12.93987844
12.88138821
12.82392426
12.76746632
12.71198932
12.65746309
12.60385592
12.55113241
12.49925405
12.44818264
12.39788297
12.34832233
12.29947263
12.25131276
12.20382747
12.15700612
12.11084274
12.06533541
12.02048302
11.97628435
11.93273663
11.88983499
11.84757134
11.80593452
11.76491153
11.72448725
11.68464505
11.6453667
11.60663386
11.56842828
11.53073226
11.49353091
11.45681339
11.42057215
11.38480191
11.34949952
11.31466162
11.28028247
11.24635374
11.21286514
11.17980299
11.14715082
11.11489195
11.08300997
11.05148947
11.02031757
10.98948536
10.95898642
10.92881647
10.89897371
10.86945686
10.84026308
10.81138737
10.78282237
10.75455737
10.72657911
10.69887348
10.67142668
10.64422607
10.61726176
10.59052747
10.56402002
10.5377387
10.51168413
10.48585712
10.4602572
10.43488199
10.40972735
10.3847879
10.36005763
10.33553047
10.31120161
10.28706799
10.26312848
10.23938434
10.2158394
10.1924988
10.16936731
10.14644808
10.12374105
10.1012413
10.07893928
10.05682254
10.03487693
10.01308868
9.991446749
9.969944251
9.948578063
9.927348228
9.906257406
9.885308846
9.864504965
9.843846836
9.823333493
9.802961337
9.782724685
9.762616833
9.742630687
9.722759789
9.702999542
9.683347884
9.663805328
9.644375182
9.625063301
9.605877272
9.586825246
9.567914601
9.549150761
9.530535995
9.512068989
9.493745051
9.475557044
9.457496436
9.439554342
9.421722766
9.403995347
9.386367518
9.368836508
9.35140129
9.334061804
9.316817924
9.299668998
9.282613312
9.265647385
9.248766082
9.231963482
9.215233329
9.198569653
9.181967745
9.165424747
9.148939528
9.132512665
9.11614644
9.099844129
9.083609272
9.067445283
9.051354838
9.035339091
9.019397442
9.003527687
8.987726177
8.97198827
8.956309137
8.940684384
8.925110379
8.909584633
8.894105984
8.878674573
8.863291613
8.847959077
8.832679327
8.817454615
8.80228662
8.787176072
8.772122667
8.757125039
8.742180881
8.727287468
8.712442275
8.697643345
8.682889555
8.668180913
8.653518427
8.63890378
8.624339276
8.609827764
8.595372179
8.580975148
8.566638781
8.552364279
8.5381517
8.524000243
8.50990867
8.495875477
8.481899152
8.467978514
8.454112675
8.440300879
8.426542541
8.412837202
8.399184359
8.385583488
8.372034164
8.358536035
8.345088736
8.331691878
8.318344925
8.305046989
8.291796775
8.278592666
8.265432955
8.252316118
8.239241082
8.226207397
8.213215253
8.200265345
8.18735867
8.174496473
8.161680193
8.148911346
8.136191472
8.123522024
8.110904043
8.098337815
8.08582278
8.073357511
8.060939733
8.048566596
8.036235067
8.023942156
8.011685237
7.999462493
7.987273163
7.975117531
7.962996885
7.950913346
7.938869398
7.926867438
7.914909597
7.902997515
7.891132239
7.87931438
7.867544268
7.855821959
7.844147266
7.832519828
7.820939154
7.809404673
7.797915868
7.786472361
7.775073892
7.763720226
7.752411029
7.741145755
7.72992358
7.718743397
7.707603894
7.696503716
7.685441649
7.674416749
7.663428487
7.652476772
7.641561808
7.630683953
7.619843645
7.60904133
7.59827744
7.587552479
7.576867077
7.566221896
7.555617602
7.545054933
7.534534702
7.524057884
7.513625572
7.503239039
7.492899495
7.482607879
7.472364608
7.462169347
7.452020991
7.441917872
7.431858034
7.421839194
7.411858923
7.401914824
7.392004644
7.38212646
7.372278914
7.362461369
7.352673961
7.342917591
7.333193858
7.323504965
7.313853586
7.304242742
7.294675678
7.285155747
7.275686244
7.266270211
7.256910194
7.247608004
7.238364498
7.229179506
7.220051896
7.210979684
7.201960238
7.192990545
7.184067434
7.175187692
7.166348217
7.157546138
7.148778866
7.140044187
7.13134039
7.122666235
7.11402083
7.105403565
7.096814057
7.088252128
7.079717886
7.071211883
7.062735166
7.054289226
7.045875882
7.037497058
7.029154522
7.020849707
7.012583675
7.00435713
6.996170491
6.988023984
6.979917677
6.971851449
6.963824928
6.955837433
6.947887912
6.939974928
6.932096674
6.924251043
6.91643574
6.908648434
6.900886941
6.893149347
6.885434119
6.877740118
6.870066597
6.862413185
6.854779819
6.847166695
6.839574279
6.832003333
6.824454906
6.816930352
6.80943134
6.801959751
6.794517532
6.787106548
6.779728396
6.772384256
6.765074872
6.757800617
6.750561557
6.743357568
6.736188465
6.729054043
6.721953998
6.714887816
6.707854639
6.700853157
6.693881601
6.686937851
6.680019604
6.673124588
6.666250864
6.659396924
6.652561955
6.645745997
6.638949969
6.632175547
6.62542492
6.618700439
6.612004268
6.605338094
6.598702933
6.592099059
6.585526127
6.578983424
6.572470153
6.565985693
6.559529721
6.553102153
6.546702956
6.54033196
6.533988753
6.527672688
6.521383021
6.51511912
6.508880622
6.502667488
6.496479985
6.490318562
6.48418367
6.478075595
6.471994343
6.46593957
6.459910594
6.453906525
6.447926432
6.441969495
6.436035099
6.430122846
6.424232458
6.418363671
6.412516174
6.406689633
6.400883809
6.395098686
6.389334561
6.383592041
6.377871938
6.372175068
6.366502027
6.360853012
6.355227696
6.349625205
6.344044231
6.338483215
6.332940553
6.327414791
6.321904768
6.316409679
6.310929101
6.305462983
6.300011552
6.294575182
6.289154263
6.283749096
6.278359842
6.272986521
6.267629077
6.262287455
6.256961674
6.251651898
6.246358459
6.2410818
6.235822379
6.230580601
6.225356769
6.220151088
6.214963695
6.209794675
6.20464404
6.199511695
6.194397418
6.189300861
6.18422162
6.179159324
6.174113694
6.169084568
6.164071887
6.159075692
6.154096113
6.149133329
6.144187505
6.139258731
6.134346966
6.129452007
6.124573487
6.119710883
6.114863562
6.11003081
6.105211912
6.100406266
6.095613485
6.090833475
6.086066438
6.081312819
6.076573215
6.0718483
6.067138784
6.062445373
6.057768754
6.053109597
6.048468516
6.04384601
6.039242379
6.034657634
6.030091449
6.025543178
6.021011932
6.016496707
6.011996529
6.00751059
6.003038337
5.998579507
5.99413408
5.989702201
5.985284092
5.980879998
5.976490162
5.972114798
5.967754072
5.963408073
5.959076793
5.954760128
5.950457899
5.946169871
5.941895748
5.937635172
5.933387724
5.929152943
5.924930397
5.92071977
5.916520937
5.912334009
5.90815935
5.903997551
5.899849366
5.895715622
5.891597116
5.887494515
5.883408284
5.879338647
5.875285579
5.871248825
5.867227981
5.863222586
5.859232195
5.855256443
5.851295064
5.84734786
5.843414648
5.839495175
5.835589031
5.831695586
5.827813983
5.823943189
5.820082093
5.81622963
5.812384932
5.808547449
5.804717011
5.800893832
5.797078437
5.793271526
5.789473828
5.785685992
5.781908536
5.77814185
5.774386235
5.770641943
5.766909203
5.763188214
5.759479153
5.755782139
5.752097205
5.748424239
5.744762982
5.741113061
5.737474079
5.733845737
5.730227936
5.726620827
5.723024765
5.719440203
5.715867537
5.712306942
5.708758274
5.70522105
5.701694508
5.698177699
5.69466961
5.69116927
5.687675842
5.68418869
5.680707414
5.677231859
5.673762088
5.670298311
5.666840816
5.663389907
5.659945858
5.65650891
5.653079283
5.649657189
5.64624285
5.6428365
5.639438376
5.636048684
5.632667552
5.629294992
5.625930878
5.622574983
5.619227039
5.615886838
5.612554319
5.609229627
5.605913142
5.602605437
5.599307207
5.596019148
5.592741842
5.589475673
5.586220796
5.582977156
5.579744556
5.576522728
5.573311407
5.570110381
5.566919494
5.563738611
5.56056754
5.557405962
5.554253391
5.551109185
5.547972609
5.544842933
5.541719525
5.538601959
5.535490076
5.532383998
5.529284083
5.526190816
5.523104669
5.520025986
5.516954899
5.51389134
5.510835017
5.50778554
5.504742546
5.501705821
5.498675385
5.495651508
5.492634671
5.489625473
5.486624532
5.483632377
5.480649364
5.477675636
5.474711105
5.47175548
5.468808287
5.465868936
5.462936794
5.46001126
5.457091821
5.454178083
5.451269767
5.448366665
5.445468579
5.44257526
5.439686391
5.436801608
5.43392053
5.431042791
5.428168045
5.425295941
5.422426092
5.419558066
5.416691403
5.413825656
5.410960441
5.408095487
5.405230665
5.402365991
5.399501601
5.396637722
5.393774634
5.390912657
5.388052148
5.385193517
5.382337217
5.379483763
5.37663374
5.373787804
5.37094667
5.3681111
5.365281872
5.362459732
5.359645322
5.356839124
5.354041418
5.351252286
5.345699367
5.342935234
5.340179092
5.337430818
5.33469032
5.331957512
5.32923229
5.326514507
5.323803986
5.321100532
5.318403951
5.315714059
5.313030672
5.310353628
5.307682803
5.305018135
5.302359619
5.299707291
5.297061179
5.294421246
5.289159137
5.286536192
5.283917896
5.281303546
5.278692409
5.276083805
5.273477179
5.270872114
5.268268374
5.265665906
5.263064837
5.260465428
5.257867994
5.252680031
5.2500897
5.247501737
5.244916016
5.242332421
5.239750873
5.237171357
5.234593918
5.232018654
5.229445684
5.226875123
5.221741568
5.219178746
5.216618731
5.214061733
5.211508038
5.208957991
5.20641197
5.203870359
5.201333512
5.196275102
5.193753729
5.19123751
5.188726312
5.186220028
5.183718649
5.181222311
5.178731288
5.173766747
5.171294036
5.168828126
5.166369181
5.163917209
5.161472053
5.159033405
5.156600835
5.151751957
5.149334717
5.146921776
5.144512873
5.142107834
5.139706567
5.134915329
5.132525438
5.130139405
5.127757201
5.12537871
5.123003714
5.120631885
5.115895963
5.11353084
5.111166906
5.108803682
5.106440773
5.104077881
5.099351604
5.096988335
5.094625313
5.092262937
5.089901674
5.087541987
5.082828841
5.080475801
5.078125123
5.075776639
5.073430111
5.068742086
5.066400417
5.064060403
5.061722242
5.059386192
5.054721564
5.052393561
5.050068789
5.047747501
5.045429955
5.040807306
5.038502911
5.036203622
5.033909753
5.031621513
5.027062061
5.024790573
5.02252424
5.020262763
5.018005852
5.013504738
5.011260184
5.009019502
5.00678266
5.002320536
5.000095291
4.997873919
4.995656348
4.99123198
4.989024752
4.986820533
4.984619148
4.980224502
4.978031186
4.975840555
4.973652647
4.971467523
4.967106017
4.964929984
4.962757482
4.958424798
4.956265603
4.954111782
4.951963649
4.947684967
4.945554359
4.943429404
4.941309935
4.937086799
4.934982797
4.932883608
4.930789042
4.926612955
4.924531048
4.922453048
4.918308597
4.916242173
4.914179633
4.912120938
4.908014583
4.905966575
4.903921804
4.899841671
4.897806297
4.89577409
4.891719352
4.889696919
4.887677845
4.885662179
4.881641168
4.879635763
4.877633617
4.873638381
4.871644897
4.869653965
4.865679703
4.863696642
4.861716651
4.857767415
4.855799017
4.853835274
4.849922561
4.847973545
4.846029097
4.842152229
4.840218897
4.838288412
4.834434809
4.832511327
4.830589946
4.826753614
4.824838944
4.82292692
4.819112042
4.817209802
4.815311339
4.811526099
4.809639283
4.807756257
4.804001688
4.8021305
4.798401931
4.796545211
4.7946938
4.791006642
4.789170333
4.787338284
4.783684931
4.781862673
4.778225171
4.77640951
4.774595829
4.770974825
4.769167902
4.765562398
4.763764208
4.761969244
4.758389388
4.756604701
4.753046418
4.751273022
4.749503492
4.745975711
4.744217169
4.740709842
4.738960638
4.737214097
4.733728027
4.731988074
4.72851377
4.726779449
4.725047156
4.721589374
4.719864283
4.716422619
4.714706334
4.711283357
4.70957679
4.706173607
4.704476948
4.702783496
4.699405811
4.697721396
4.69436129
4.692685716
4.689344103
4.687678269
4.684356626
4.682700624
4.681047588
4.677749431
4.676103818
4.67281868
4.671179068
4.667906148
4.666273171
4.663015188
4.661390611
4.658151253
4.656536782
4.653318771
4.651715308
4.648519328
4.646926631
4.643751081
4.642167861
4.639009688
4.637434517
4.634291803
4.632724283
4.629597004
4.628037196
4.624924854
4.623372101
4.620272878
4.618726185
4.615638028
4.614096293
4.611016772
4.609478719
4.606405676
4.604870754
4.6018048
4.600274148
4.597218706
4.595694454
4.592654185
4.589626153
4.588116973
4.585108212
4.583608434
4.58061733
4.579125655
4.576149175
4.574664013
4.571699047
4.568740613
4.567263944
4.564316841
4.562847083
4.559916756
4.558456592
4.555546486
4.554096344
4.551204834
4.548323133
4.54688522
4.544014089
4.542580588
4.539717458
4.536859538
4.535432645
4.532583751
4.53116235
4.528327697
4.525506595
4.52410181
4.521304089
4.519911041
4.51713621
4.51437602
4.513001186
4.510261113
4.50889537
4.506171135
4.503454955
4.502099374
4.499392503
4.49669087
4.495342057
4.492649079
4.489963538
4.488624011
4.485952058
4.484619684
4.481961672
4.479311274
4.477988325
4.475345988
4.47270803
4.471390883
4.468761233
4.466139379
4.464831977
4.462225321
4.459630683
4.458338105
4.45576221
4.453197483
4.451918736
4.449367433
4.446823431
4.445553926
4.443019607
4.440491399
4.439229629
4.43671104
4.434199466
4.431695114
4.430445566
4.427951347
4.425463322
4.424221748
4.421744239
4.419275413
4.416816107
4.415589989
4.413144301
4.410706709
4.40949085
4.407065071
4.404647296
4.402237325
4.401035097
4.39863561
4.396241735
4.393852135
4.392658599
4.39027365
4.387891444
4.385512747
4.384325237
4.381955207
4.37959332
4.377240597
4.376067773
4.373729119
4.371399419
4.369078205
4.367920781
4.365612903
4.363315594
4.361030345
4.358757763
4.357626105
4.355371491
4.353127588
4.35089302
4.348665749
4.347554051
4.345332978
4.343113494
4.340894498
4.338675691
4.337566508
4.335349351
4.333135283
4.330926115
4.328723148
4.32762419
4.325431403
4.323245384
4.321065965
4.318893116
4.316726988
4.315646451
4.313490171
4.311339516
4.30919321
4.307049995
4.304909019
4.302769925
4.301701162
4.299565773
4.29743428
4.295307632
4.293186057
4.291069265
4.288956704
4.286847621
4.285794117
4.283688727
4.281585101
4.27948307
4.277382965
4.275285706
4.273192543
4.271104433
4.269021365
4.26798144
4.265903993
4.263828916
4.261756079
4.259686381
4.257621292
4.255562355
4.253510689
4.251466574
4.249429618
4.247399324
4.245375276
4.244365435
4.24234958
4.240337988
4.238330028
4.236325841
4.234326197
4.232331966
4.230343549
4.228360699
4.226382855
4.224409624
4.222440992
4.220477421
4.21851987
4.216569547
4.214627661
4.212695253
4.210772967
4.208860761
4.206957813
4.205062742
4.203174144
4.20129112
4.199413372
4.19754111
4.195674893
4.193815295
4.19196263
4.190116776
4.188277188
4.186443127
4.184613823
4.182788509
4.180966541
4.179147538
4.177331454
4.175518491
4.17370886
4.171902592
4.170099482
4.168299278
4.166501835
4.164706887
4.162913827
4.161121809
4.159329875
4.157536991
4.155742344
4.153046465
4.151246692
4.149444916
4.147641077
4.145835197
4.144027475
4.142218293
4.14040828
4.138598504
4.136790498
4.134985997
4.133186558
4.130499148
4.128715884
4.126938955
4.125167669
4.123401217
4.121638738
4.119879162
4.118121227
4.11636401
4.113729722
4.111975769
4.110224424
4.108475724
4.106729376
4.10498519
4.103243383
4.100636653
4.098904232
4.097176962
4.095454908
4.093737571
4.092024309
4.08946162
4.087758265
4.086059053
4.084363574
4.082671277
4.080981825
4.078453153
4.076771468
4.075093135
4.073417662
4.071744258
4.069237114
4.067568425
4.065903313
4.064242658
4.062586722
4.06011139
4.058466702
4.056826519
4.055191108
4.052747015
4.051122761
4.049501457
4.047882437
4.046265894
4.04384807
4.042242749
4.040643777
4.039051591
4.036676286
4.03510124
4.033532505
4.031969257
4.029632622
4.028079581
4.026530516
4.024215981
4.02268006
4.021150507
4.019628084
4.017359788
4.015858031
4.014363394
4.012131656
4.01064985
4.00917376
4.006973616
4.005517416
4.004069496
4.002629177
4.000481526
3.999057445
3.99763861
3.995518639
3.994110524
3.992706888
3.990610389
3.98921834
3.987137453
3.985754734
3.984376106
3.982317923
3.980953486
3.979595316
3.97756893
3.976224998
3.974886651
3.972888409
3.971561039
3.969575936
3.968257017
3.966942608
3.964981026
3.963680643
3.961740945
3.96045402
3.959170912
3.957251795
3.955975502
3.954064903
3.952793086
3.951522603
3.949620584
3.948356565
3.946468555
3.945215267
3.943342404
3.942098263
3.940858075
3.939006495
3.937778059
3.93594246
3.934721622
3.932891492
3.931670696
3.929838122
3.928616777
3.926788567
3.925573864
3.92375943
3.922555164
3.920756346
3.919561444
3.917774547
3.916587142
3.914812464
3.913633172
3.911868214
3.910693389
3.908934056
3.907764142
3.90601552
3.904854518
3.903120613
3.901970025
3.90025248
3.899112975
3.897411577
3.895718736
3.894594763
3.892917139
3.891805662
3.890149678
3.889052078
3.887411727
3.886320483
3.884686532
3.883057565
3.88197501
3.880356066
3.879279664
3.877669055
3.876062644
3.874993542
3.873392769
3.872328199
3.870735815
3.869148003
3.868091809
3.866512089
3.86493963
3.863896146
3.862338809
3.860790708
3.859763272
3.858228223
3.857208199
3.855681336
3.854156668
3.853141358
3.85162063
3.850103067
3.849093005
3.847580019
3.846070361
3.845066986
3.843568009
3.842076217
3.840591046
3.839604364
3.838128243
3.836655263
3.835674855
3.834207297
3.832744885
3.831289183
3.830322471
3.828876875
3.82743601
3.826478363
3.825046403
3.823619052
3.822195249
3.82124777
3.819829978
3.818418949
3.817017063
3.81562382
3.814698488
3.813313829
3.811932092
3.810553482
3.809636792
3.808266308
3.806902267
3.805545503
3.804194832
3.803296741
3.80195258
3.800612039
3.799274545
3.797939077
3.796606431
3.795721287
3.794400978
3.793090376
3.791787782
3.790490428
3.78919737
3.788338009
3.7870526
3.785769586
3.784487611
3.783207008
3.781928195
3.780651807
3.779378717
3.778531885
3.777263995
3.775998935
3.774737573
3.773479664
3.772223546
3.770967936
3.769712945
3.768459921
3.76721036
3.765965571
3.76513956
3.763908435
3.762687279
3.761473873
3.760265141
3.759059524
3.75785734
3.756658976
3.755464601
3.754274885
3.753090157
3.751910049
3.750733839
3.749560378
3.748388818
3.747219648
3.746053316
3.744889334
3.743726761
3.742564962
3.741404631
3.740247255
3.739094136
3.737945605
3.736801168
3.7356599
3.734521328
3.733385895
3.732254422
3.731127845
3.73000777
3.728895604
3.727790743
3.726324211
3.725226278
3.724129362
3.723032864
3.721936767
3.720843128
3.719754366
3.718671407
3.71759484
3.71652464
3.715460109
3.714049992
3.712999857
3.711955019
3.710913416
3.709872964
3.708831813
3.707788976
3.70639598
3.705350006
3.704304038
3.703259942
3.702219919
3.701184984
3.700154799
3.698788961
3.697772347
3.696762834
3.695758764
3.694757993
3.693426186
3.692427017
3.691425657
3.690420981
3.689412887
3.68806537
3.687053238
3.686039786
3.68502576
3.683673581
3.682658794
3.68164363
3.680629135
3.679279108
3.678269175
3.677261655
3.676256942
3.674922209
3.67392466
3.672930222
3.67160932
3.670622001
3.669637825
3.668657814
3.667359188
3.666391819
3.665429905
3.6641546
3.663202446
3.6622535
3.660990012
3.660040345
3.659089431
3.657826429
3.656886593
3.655952635
3.654713273
3.653788407
3.652562721
3.651647639
3.650734397
3.649518311
3.648607055
3.647696875
3.646486729
3.645581867
3.644377609
3.643475276
3.642272574
3.641370849
3.640469331
3.639266985
3.638363967
3.637157386
3.636251274
3.635043064
3.634136596
3.633230071
3.632022495
3.631118119
3.629915281
3.629015407
3.627815414
3.626913532
3.625708631
3.624803691
3.62359664
3.622692393
3.621487558
3.620582479
3.619372898
3.618465333
3.617256906
3.616051181
3.6151498
3.613952749
3.613056963
3.611860321
3.610958295
3.609749836
3.608841447
3.607630802
3.606422969
3.605518548
3.60431387
3.603413427
3.602221344
3.601038989
3.60015649
3.598985614
3.598112592
3.596954285
3.595801545
3.594941968
3.593802173
3.59266611
3.591816188
3.590685898
3.589557207
3.588710693
3.587582033
3.586454422
3.585608447
3.584477242
3.583344222
3.58249661
3.581371989
3.580254759
3.579144971
3.578317473
3.577219491
3.57612324
3.575300552
3.574203651
3.573108537
3.57201625
3.571199939
3.570116906
3.569038466
3.567962943
3.566891733
3.566091937
3.565029305
3.563968761
3.562909959
3.561852969
3.561061108
3.560007794
3.558959268
3.557914647
3.556872065
3.55609128
3.555051301
3.554012148
3.552974171
3.551936985
3.55090173
3.549869279
3.549096888
3.548070598
3.547050244
3.546035726
3.545024424
3.544014542
3.543006123
3.541999139
3.540995169
3.53999786
3.539009425
3.538272701
3.537294591
3.536322104
3.535355477
3.534393115
3.533434053
3.532478988
3.531528053
3.530580663
3.529638081
3.528701079
3.527769124
3.526840622
3.525914871
3.524991781
3.524072168
3.523157496
3.522247738
3.521342395
3.520441683
3.519545213
3.518652374
3.517763097
3.516875836
3.515770015
3.514889864
3.51401268
3.513136019
3.512260685
3.511388912
3.510520952
3.509655376
3.508791212
3.50792907
3.507070914
3.50600726
3.505163019
3.504322701
3.503485695
3.502654957
3.501832877
3.500817573
3.500014362
3.499216151
3.498419283
3.49762249
3.496825604
3.495829683
3.495032239
3.494231316
3.493426918
3.492620471
3.491609441
3.490800013
3.489993628
3.489191049
3.488193244
3.487397916
3.486602257
3.485804025
3.484804328
3.484008563
3.483219432
3.482239074
3.481458913
3.480685864
3.479919617
3.478969095
3.478215754
3.477467508
3.476534724
3.475789132
3.475044237
3.474114906
3.473374464
3.472452789
3.471719128
3.470988122
3.470076719
3.469349533
3.46862484
3.467724473
3.467009634
3.466122118
3.465415609
3.464535804
3.463833891
3.463131786
3.462251418
3.461544364
3.460660398
3.459953545
3.459069274
3.458363315
3.45748343
3.456780447
3.455900454
3.455195185
3.454314279
3.453609856
3.452727819
3.452020871
3.451137719
3.450433929
3.449558611
3.448860579
3.447988697
3.447292408
3.446425159
3.445558193
3.444863661
3.443995722
3.44330305
3.442439858
3.441578258
3.440889801
3.440028278
3.439336997
3.438470428
3.437599589
3.436901169
3.43603191
3.435168841
3.434482685
3.43363161
3.432786863
3.432115562
3.431284875
3.430464155
3.429812318
3.429001406
3.428193715
3.427388063
3.426742447
3.425929678
3.425111555
3.424292043
3.423637053
3.422819972
3.42200558
3.421192158
3.420541724
3.419727716
3.418910293
3.418089545
3.417270677
3.416617242
3.415800807
3.414985843
3.414174096
3.413365049
3.412557771
3.411912111
3.411104057
3.410295704
3.409487551
3.408681759
3.407878675
3.407077141
3.406274664
3.405472527
3.404833297
3.40403976
3.403251184
3.402466245
3.401684915
3.400905721
3.40012982
3.399356581
3.398582076
3.397805021
3.397027571
3.396251982
3.395477872
3.394705844
3.393938136
3.393175705
3.392417283
3.391661123
3.390906212
3.390150131
3.389389903
3.388623857
3.387851823
3.387073001
3.386132618
3.385346397
3.384559781
3.383773922
3.382987421
3.382199592
3.38141118
3.380619286
3.379825483
3.378877663
3.378091703
3.377309277
3.376529663
3.375748657
3.374967307
3.374035171
3.373266366
3.37250296
3.371741899
3.370983448
3.370074419
3.369316795
3.368560588
3.367806412
3.366904997
3.366158418
3.36541231
3.364662553
3.363758663
3.363006048
3.362251957
3.361343488
3.360584266
3.359824807
3.358914163
3.358157183
3.357403071
3.356501568
3.355755149
3.35501062
3.354115183
3.353369009
3.352476111
3.351734079
3.350992461
3.350105161
3.349369775
3.348487457
3.347750747
3.347013142
3.346124462
3.345379568
3.344486015
3.343745574
3.342858334
3.342116458
3.341223212
3.340478079
3.339585501
3.33884371
3.337954267
3.33721346
3.336326155
3.335587724
3.334702854
3.333821875
3.333092863
3.332222052
3.331496357
3.330624399
3.329894695
3.329015052
3.328134597
3.327399651
3.326517861
3.325635394
3.324899396
3.324017015
3.323133988
3.322396853
3.321510975
3.320625212
3.319889281
3.319010318
3.318135426
3.317410664
3.316545519
3.315685771
3.31483083
3.314121907
3.313277377
3.312437081
3.311599068
3.310903289
3.310072061
3.309243972
3.308413869
3.3075826
3.30689034
3.306062507
3.305237893
3.304414028
3.303586399
3.302752811
3.301912914
3.301207684
3.300358304
3.299508315
3.298658388
3.297809139
3.296957958
3.296103007
3.295245349
3.294381087
3.293510725
3.292635038
3.291756635
3.290879306
3.290003643
3.289130492
3.288258681
3.28738864
3.286519905
3.285650823
3.284778577
3.283903882
3.283030494
3.282160352
3.28129456
3.280432856
3.27957514
3.27872198
3.277871601
3.277021038
3.276023972
3.275164519
3.274305978
3.273451284
3.27259961
3.271749826
3.270762958
3.269921789
3.269079405
3.268233066
3.267381556
3.266525318
3.265527776
3.264675524
3.263823988
3.26297355
3.261986485
3.261143296
3.260303739
3.259325265
3.258485954
3.25764685
3.256809876
3.255837697
3.255004711
3.254169497
3.253193808
3.252358532
3.251523308
3.250549289
3.249713851
3.248741674
3.247910752
3.24708168
3.246118804
3.245296847
3.244343468
3.243529899
3.242579398
3.24176425
3.240813033
3.23999796
3.2390478
3.23823665
3.237297043
3.236493633
3.235559523
3.234762372
3.233834054
3.233040998
3.232117286
3.231322868
3.23039451
3.229599407
3.228672767
3.227746941
3.226955052
3.226029885
3.225105987
3.224315098
3.223394186
3.222472484
3.221683175
3.220770283
3.219866807
3.219094218
3.218191004
3.217290743
3.216524658
3.215632037
3.214736452
3.213841113
3.213076814
3.212189328
3.211304051
3.210419659
3.20953637
3.20877977
3.207898298
3.207019763
3.206147684
3.205282604
3.204421376
3.203683446
3.20282477
3.201969019
3.201117201
3.200267298
3.199421315
3.198582376
3.197747024
3.196910722
3.196073948
3.19523845
3.194408779
3.193584509
3.192763684
3.191947436
3.191139232
3.190336404
3.189537275
3.188742441
3.187951246
3.187162079
3.186375915
3.185592241
3.184809462
3.184028327
3.18325435
3.182487147
3.181728809
3.180874238
3.180132752
3.179394794
3.178657537
3.17792496
3.177196083
3.176364006
3.175635592
3.174907021
3.174182026
3.173358635
3.172641861
3.17192925
3.171219495
3.170406578
3.169691326
3.168975339
3.168156862
3.167446508
3.166741408
3.165939235
3.165241792
3.164546215
3.163753631
3.163066842
3.162385249
3.161608831
3.16093048
3.160155211
3.159474388
3.158793312
3.158013012
3.157333879
3.156567215
3.15590187
3.155142988
3.154481167
3.153730735
3.153078238
3.152337836
3.151694928
3.150964755
3.150241332
3.149612418
3.148894494
3.148267064
3.147550768
3.146842067
3.146226962
3.14552565
3.144827433
3.144218008
3.14352132
3.142826658
3.142221243
3.141527584
3.140832862
3.140224058
3.139530798
3.138839001
3.138147233
3.137539571
3.136843792
3.136146493
3.135447992
3.134748273
3.134138113
3.133443107
3.132751738
3.132060844
3.131369448
3.130678711
3.12998676
3.129379613
3.128683414
3.12798445
3.127282874
3.126577803
3.12587148
3.125164992
3.124457418
3.123750752
3.123043271
3.122336452
3.121630334
3.120922409
3.120214409
3.119500006
3.118782563
3.118066039
3.117351933
3.116557184
3.115855715
3.115159338
3.114464274
3.113769016
3.113073917
3.112382101
3.111606859
3.110915823
3.110226352
3.109539877
3.108857466
3.108090445
3.107409745
3.106728433
3.106048244
3.105284565
3.104611132
3.103940616
3.103186428
3.102518834
3.101852779
3.101110525
3.100459255
3.09981113
3.099084315
3.098439418
3.097713921
3.097072439
3.096436765
3.095727573
3.095103617
3.094404421
3.093781314
3.093080106
3.092456629
3.091756003
3.091141218
3.090461192
3.089865028
3.089199762
3.088538079
3.08795436
3.087303266
3.086723185
3.086065873
3.085405274
3.084816028
3.084152668
3.083490492
3.08290379
3.082249406
3.081598432
3.081020252
3.080372817
3.079730184
3.07908931
3.078524508
3.077895979
3.077275916
3.07666207
3.076120155
3.075507725
3.074893615
3.074279774
3.073666735
3.073056626
3.07245201
3.071847351
3.071311746
3.070709026
3.07011089
3.069516371
3.068922652
3.068332681
3.067748702
3.067170245
3.066592564
3.066013436
3.065432897
3.064853653
3.064275744
3.063697431
3.063055827
3.062483752
3.061914074
3.061343424
3.06077382
3.060208611
3.059646024
3.059021989
3.058457402
3.057895094
3.057337945
3.056782838
3.056169641
3.055617744
3.055066441
3.054519168
3.053916423
3.053371835
3.05282495
3.052220034
3.051676161
3.051136702
3.050540645
3.050004534
3.049469691
3.048876736
3.048344489
3.047755866
3.04722592
3.046640772
3.046123333
3.045559056
3.045058377
3.044506915
3.044014983
3.043470153
3.042984275
3.042446893
3.041966
3.041432512
3.040899804
3.040420501
3.039891
3.039417376
3.038891581
3.038366632
3.037895216
3.037377503
3.036867648
3.036362292
3.035910813
3.035415376
3.034926187
3.034441341
3.034009083
3.033533754
3.033062526
3.032586767
3.032104079
3.031623597
3.031195787
3.030724538
3.030258383
3.029792684
3.029326422
3.028862334
3.028400418
3.027940595
3.027483132
3.027028278
3.026571352
3.026112076
3.025650573
3.025189416
3.024730595
3.024274081
3.023822723
3.023372705
3.022882973
3.022444484
3.022010177
3.021580947
3.021154671
3.020732877
3.020273162
3.019863335
3.019461395
3.019061451
3.018626198
3.018231878
3.017834697
3.017397915
3.017004733
3.016614213
3.01619398
3.015817036
3.015441365
3.015025872
3.014645744
3.01422825
3.013851495
3.013480213
3.013075035
3.012707997
3.01230696
3.011943985
3.011547695
3.011190864
3.010804134
3.010425054
3.010078384
3.009697884
3.009352952
3.008975032
3.008597114
3.0082539
3.007874486
3.007493823
3.007150466
3.006776008
3.006406752
3.006042517
3.005713631
3.005352406
3.00499054
3.004633608
3.004275607
3.003948762
3.003592339
3.003242223
3.002896752
3.002557524
3.002228583
3.001905532
3.00158214
3.001259297
3.00094216
3.000631959
3.000325511
3.000021982
2.999722072
2.999425287
2.999128949
2.998835527
2.99854514
2.998258097
2.997974325
2.997692533
2.997410265
2.997105388
2.996829008
2.996555736
2.996285751
2.996018309
2.995727922
2.99546304
2.995200054
2.994914502
2.994655098
2.994395139
2.994108302
2.993844257
2.993581185
2.993298521
2.993042154
2.992782589
2.992498008
2.992239567
2.991955708
2.991695742
2.991413365
2.991152714
2.990869365
2.990615063
2.990340686
2.990066735
2.989816056
2.989549159
2.989310432
2.98905523
2.988801417
2.988569654
2.988321888
2.98807968
2.987844991
2.987635111
2.987412094
2.98719285
2.9869788
2.986788381
2.986582747
2.986383122
2.986187097
2.985992596
2.985803966
2.985620181
2.985442269
2.985266691
2.985107788
2.984934923
2.984763178
2.98459626
2.984434466
2.984263377
2.984110986
2.983965378
2.983822217
2.983676881
2.983528345
2.98337695
2.983224525
2.98307113
2.982900747
2.982740067
2.982579095
2.982419936
2.982249519
2.982095655
2.981944154
2.981796671
2.981642996
2.981505011
2.981368786
2.981225211
2.981097833
2.980966829
2.980854086
2.980734594
2.980623545
2.980506333
2.980400274
2.980286455
2.980185379
2.980077908
2.979982904
2.979882568
2.979794155
2.979699658
2.979605825
2.979524004
2.979441162
2.979365076
2.979297408
2.979224394
2.979149406
2.97907711
2.979011871
2.978940987
2.978868968
2.978796823
2.978728026
2.978661646
2.978600539
2.978539009
2.978480348
2.978422768
2.978366548
2.978311211
2.978253164
2.978193076
2.978133041
2.978073209
2.978015466
2.977959685
2.97789628
2.977836888
2.977782589
2.977728675
2.977675394
2.977624144
2.977568701
2.977515157
2.977463307
2.977412309
2.977359505
2.977310976
2.977261948
2.977212141
2.97716678
2.977120416
2.977070146
2.977022044
2.976967652
2.976913277
2.97686095
2.976811274
2.976770775
2.976731345
2.97669259
2.976657033
2.976617479
2.976578701
2.976538589
2.976500313
2.976462876
2.976420082
2.976375187
2.976331403
2.976282906
2.976231389
2.976181478
2.976136538
2.97609142
2.976049058
2.976006102
2.975964069
2.975928547
2.975894021
2.975862451
2.975831617
2.975802583
2.975777167
2.975751817
2.975722847
2.975690315
2.975659955
2.975629366
2.975606059
2.975589672
2.975576427
2.975563807
2.975553825
2.975546129
2.975535786
2.975527642
2.975520397
2.97551012
2.975497564
2.975483513
2.975469097
2.975452597
2.975437763
2.975423596
2.975409071
2.975396976
2.975388663
2.975386875
2.975389367
2.97539317
2.975400741
2.975411312
2.975427076
2.975445399
2.975464772
2.975483351
2.975501943
2.975522746
2.975543179
2.975562776
2.975582227
2.97560118
2.975616893
2.975630453
2.975642737
2.975653593
2.975667161
2.975678543
2.975691138
2.975703842
2.975712456
2.975717935
2.975723346
2.975730698
2.97573545
2.975741517
2.975749818
2.975761241
2.975774387
2.975784447
2.975797046
2.975812972
2.975832614
2.975855439
2.975878123
2.975900877
2.975921244
2.975940721
2.975962479
2.975985194
2.976008911
2.976037737
2.976073443
2.976120633
2.976170764
2.976226919
2.976281935
2.976341245
2.97639782
2.976458404
2.976517925
2.976583331
2.976647962
2.976719599
2.976791338
2.97685486
2.976919383
2.976985006
2.977052028
2.977116804
2.977185591
2.977254867
2.977325079
2.977393363
2.97746094
2.977527639
2.977592704
2.977654844
2.977719142
2.977788263
2.977861654
2.977941002
2.978016694
2.978088959
2.978168553
2.978251305
2.978337908
2.9784259
2.978509501
2.978599661
2.978685192
2.978772428
2.978862556
2.97895748
2.979048426
2.979143255
2.97925057
2.979352893
2.979460543
2.979561029
2.979669566
2.979772329
2.979882175
2.979983183
2.980094699
2.980202845
2.98031789
2.980433156
2.980539381
2.980650344
2.980759224
2.980862332
2.980971786
2.98107864
2.981183457
2.981281783
2.981386576
2.981489695
2.981590389
2.981688592
2.981789438
2.981894733
2.982001198
2.982110278
2.982222972
2.982332819
2.982441412
2.982550461
2.982661778
2.982776642
2.982899366
2.983014346
2.98312874
2.983243548
2.983356549
2.983473208
2.983578458
2.983685073
2.983798995
2.983905831
2.984022006
2.984135046
2.984250321
2.984368685
2.984480856
2.98460029
2.98472017
2.984830897
2.984946658
2.985052565
2.98516657
2.985281469
2.98538961
2.985505114
2.985619988
2.985733007
2.985844906
2.985963253
2.986083438
2.986202915
2.986325381
2.986450101
2.986572652
2.986693354
2.98681381
2.986934479
2.987056324
2.987178773
2.987298956
2.987418591
2.987535834
2.987647467
2.987757041
2.987860005
2.987965325
2.98806869
2.988174067
2.988273159
2.988371688
2.988476598
2.988574813
2.988677591
2.988777943
2.988885327
2.988988919
2.989098013
2.989199714
2.989306901
2.989410787
2.989522306
2.989632338
2.989739896
2.989852096
2.989963074
2.990075446
2.990181681
2.990296031
2.990410953
2.990524313
2.990633964
2.990739543
2.990840635
2.990939555
2.99103444
2.991127982
2.991222103
2.991318001
2.991412467
2.991506976
2.99159888
2.991693803
2.991796871
2.991892848
2.991985036
2.992079245
2.992182038
2.992280582
2.992379434
2.992478746
2.992569312
2.992661514
2.992746066
2.992829361
2.992906574
2.992984113
2.993052918
2.993124997
2.9931941
2.993261692
2.993334272
2.993402024
2.99346322
2.993527034
2.99358935
2.993652557
2.993718534
2.993786548
2.993856606
2.993924525
2.993986744
2.994051162
2.994123041
2.994192661
2.994265349
2.994337188
2.994409944
2.994481132
2.994549721
2.994621687
2.994699769
2.994773085
2.9948461
2.994918595
2.994985137
2.995049539
2.995116019
2.995175264
2.995236488
2.995299248
2.99536777
2.995434012
2.995506228
2.995581221
2.995649044
2.995716579
2.995781812
2.995842222
2.995903838
2.995963174
2.99602417
2.996085937
2.996142231
2.996195437
2.996248588
2.996302914
2.996356324
2.996408362
2.996455014
2.996499887
2.996547784
2.996593442
2.996641356
2.9966901
2.996741042
2.996795874
2.996849573
2.996904561
2.996963399
2.997026935
2.997086774
2.997146885
2.99720176
2.997260802
2.997317463
2.997376103
2.99743212
2.997486588
2.997541371
2.997595482
2.997653182
2.997708231
2.997760078
2.997812732
2.997863932
2.997914261
2.997962953
2.998011303
2.998057419
2.99810136
2.998147251
2.998193306
2.998238942
2.998285578
2.998332935
2.998380987
2.998432054
2.998486549
2.998534099
2.998579715
2.998623635
2.998667941
2.998708653
2.9987479
2.998782871
2.998816541
2.998849298
2.998883418
2.998918806
2.998960503
2.999001771
2.9990492
2.999102466
2.999155234
2.999211993
2.999265591
2.999314309
2.999367449
2.999416176
2.999463445
2.999511915
2.999559168
2.999606964
2.999656303
2.999703394
2.999746348
2.999787699
2.999831388
2.999877921
2.999923196
2.999968683
3.000013213
3.000060409
3.000108284
3.000152924
3.000201204
3.000250948
3.000298193
3.000344928
3.000388166
3.000431449
3.000471475
3.000510551
3.00054964
3.000589351
3.000629223
3.000674608
3.000723921
3.000774673
3.000828307
3.00088193
3.000935056
3.000989696
3.001042838
3.001095993
3.001148504
3.001201149
3.001252669
3.001304393
3.001355981
3.001411383
3.001465841
3.001522475
3.001581838
3.001641481
3.001705167
3.001772448
3.001838214
3.001907888
3.001971351
3.002035462
3.002097532
3.002154769
3.002210086
3.002260821
3.002308962
3.0023577
3.002405553
3.002451221
3.002493605
3.002535044
3.002576469
3.002615882
3.002654574
3.002689567
3.002725068
3.002760346
3.002795305
3.002829549
3.002862565
3.002895686
3.002929044
3.002965626
3.003002269
3.003041701
3.003082283
3.003124068
3.003167957
3.003210451
3.003251741
3.003294971
3.003336059
3.003375929
3.00341426
3.003455689
3.003495015
3.003531733
3.003567504
3.003599751
3.003633251
3.003670102
3.003706811
3.003747531
3.003791465
3.00383312
3.003877337
3.003923696
3.003969583
3.004016249
3.004065336
3.004112777
3.004161419
3.004213976
3.004266033
3.004322895
3.004378952
3.004435139
3.004490714
3.004549132
3.004613087
3.00467747
3.004740681
3.004807467
3.004873674
3.004939187
3.00500412
3.005069872
3.005133994
3.005195087
3.005251878
3.005307421
3.005363281
3.005421988
3.005481383
3.005541017
3.005601334
3.005666163
3.005735675
3.005803156
3.005872314
3.005944913
3.006018897
3.006097544
3.006174874
3.006251423
3.006331755
3.006412972
3.006493778
3.006580229
3.006673123
3.006770379
3.006865348
3.006961627
3.007060683
3.007161962
3.007265445
3.007370429
3.007473213
3.007575084
3.007673577
3.007766821
3.007859566
3.007950047
3.008038548
3.008125833
3.008210135
3.008296455
3.008378859
3.008464921
3.008548392
3.008636417
3.008722561
3.008805469
3.008884176
3.00896696
3.009052429
3.009139259
3.009222569
3.009299927
3.009376423
3.009451313
3.009521501
3.009589325
3.009656403
3.009724751
3.009795227
3.009860857
3.009924233
3.009987035
3.010047067
3.010107956
3.010172552
3.010235389
3.010304486
3.010376069
3.010444878
3.010514593
3.01058424
3.010652656
3.010724816
3.010793603
3.010862905
3.010934375
3.011007811
3.01108142
3.011153076
3.011220989
3.011288219
3.011353035
3.011418556
3.01148495
3.011549872
3.011617543
3.011683476
3.011748277
3.011811874
3.011871842
3.011936508
3.01200148
3.012062983
3.012126172
3.012187638
3.012246483
3.01229834
3.012348129
3.012396494
3.012443859
3.012489081
3.012534517
3.012580207
3.012627052
3.012675322
3.012722021
3.012766439
3.012807956
3.012849998
3.012891408
3.012934459
3.012977982
3.013019589
3.013059898
3.013098422
3.013133991
3.013171132
3.013209414
3.013248732
3.01328994
3.013332395
3.013373048
3.013415701
3.01345687
3.013496485
3.013537516
3.013579919
3.013624125
3.013670711
3.013717666
3.013762599
3.013807823
3.013852545
3.013895447
3.013938711
3.013979192
3.014017596
3.014060022
3.014102508
3.014142807
3.014180051
3.01421639
3.014253507
3.014288953
3.01432644
3.014366533
3.014408081
3.014453034
3.014498643
3.014539478
3.014582033
3.014626388
3.01467152
3.014715558
3.014758624
3.01480044
3.014843043
3.014891841
3.014942864
3.014997398
3.015052389
3.015107617
3.015164159
3.015226358
3.01528991
3.015353987
3.01542097
3.015488095
3.015553999
3.015620977
3.015687868
3.015754927
3.015820738
3.015881417
3.015942451
3.016005999
3.016069435
3.016136434
3.016203793
3.016275581
3.016350703
3.016432311
3.016517895
3.016603901
3.016684594
3.016767385
3.01684972
3.016935588
3.01702518
3.017117498
3.017211534
3.017308754
3.017400276
3.017489368
3.017577982
3.017670805
3.017764446
3.017860627
3.017957207
3.018058965
3.01815708
3.018258559
3.018364602
3.018467572
3.018570146
3.018674111
3.018782027
3.018890566
3.018996608
3.019100919
3.019204645
3.019311128
3.019419802
3.019534401
3.019648713
3.019765976
3.019891538
3.020014498
3.020142911
3.020269802
3.020400569
3.020526295
3.020655381
3.020784267
3.020911772
3.021040446
3.021167572
3.021286949
3.021411725
3.021534568
3.02165815
3.021779938
3.02190229
3.022025723
3.022155563
3.022283927
3.022412442
3.022544827
3.022671092
3.022798261
3.022923339
3.023044452
3.023167069
3.023290728
3.023417256
3.023545714
3.023672837
3.023798842
3.023924501
3.024050575
3.024177037
3.024304974
3.024432281
3.024564152
3.02469012
3.024818484
3.024943168
3.025068975
3.025190366
3.025316857
3.025447091
3.025580074
3.025720242
3.025861981
3.026006534
3.026153271
3.026304316
3.026457257
3.02661334
3.026774477
3.026938228
3.027107403
3.027275436
3.027450542
3.027634298
3.027818113
3.028012166
3.028207518
3.028397239
3.028591006
3.028785405
3.02898182
3.029182541
3.029380077
3.029583562
3.029793714
3.029999734
3.030205482
3.03041236
3.030620571
3.030837294
3.031049866
3.031266886
3.031477459
3.031696734
3.031915961
3.032144193
3.03237779
3.032605893
3.032838511
3.033073874
3.033311035
3.033547044
3.033781021
3.034012832
3.034245235
3.0344826
3.034715271
3.034950766
3.035193371
3.035431887
3.035678426
3.035917948
3.03616183
3.036404132
3.036647129
3.036889887
3.037142557
3.037396708
3.037652498
3.037909803
3.038171241
3.038434253
3.038706287
3.038971949
3.03923976
3.039515438
3.039787882
3.040069327
3.04034989
3.040639599
3.040928033
3.041206715
3.041490371
3.041774271
3.042062209
3.042352693
3.04264578
3.042941943
3.043241323
3.043549444
3.043852258
3.044155381
3.044468376
3.044774251
3.045090373
3.045403539
3.045725777
3.046046624
3.046358275
3.046677751
3.046997157
3.047317979
3.047640658
3.047966383
3.048296939
3.048637004
3.048970575
3.049303975
3.049646892
3.049983373
3.050322449
3.05067087
3.051022311
3.051369203
3.051728067
3.052091054
3.052454599
3.05281868
3.053187551
3.053561555
3.053934979
3.054310272
3.054684558
3.055070024
3.055450679
3.055847802
3.056242043
3.056651773
3.057059701
3.057479299
3.057906568
3.058338894
3.058766042
3.059205182
3.059645813
3.060096605
3.060537669
3.060979005
3.061420134
3.061862726
3.062317963
3.062769604
3.063238322
3.063700466
3.064176957
3.064658413
3.065139858
3.065621918
3.066097144
3.066587959
3.067084294
3.067597443
3.068102905
3.068612307
3.069124573
3.069649223
3.070165853
3.070695618
3.071217195
3.07175468
3.072295713
3.072828778
3.073378966
3.073933939
3.0744911
3.07504966
3.075610906
3.076178445
3.076761877
3.077335813
3.077913163
3.078507907
3.079094995
3.0796984
3.080291596
3.080901352
3.081517147
3.082136858
3.082762071
3.083395014
3.084037002
3.084688686
3.085345345
3.086007018
3.086688099
3.087364028
3.088047758
3.088750562
3.089458699
3.090156878
3.090873519
3.091596102
3.092323108
3.093053618
3.093786808
3.094519794
3.09525676
3.095993133
3.096731885
3.097489946
3.098236502
3.099003236
3.099760578
3.100533225
3.101288289
3.102059579
3.102833716
3.103610805
3.104392197
3.105178099
3.105971478
3.106771689
3.107595974
3.108409257
3.10922738
3.110064886
3.110890403
3.111738467
3.112592083
3.113452104
3.11430222
3.115173821
3.116049544
3.116929585
3.117827648
3.118710136
3.119594772
3.120482329
3.121390063
3.122284516
3.123197187
3.124097799
3.125019732
3.125942997
3.126868307
3.127793767
3.128720304
3.129648517
3.130580325
3.131516397
3.132471166
3.133408443
3.13434895
3.135310901
3.136257614
3.137227915
3.138203299
3.139182509
3.140162604
3.1411443
3.142125808
3.143112065
3.144105084
3.145106384
3.146130349
3.147139969
3.148170708
3.14918553
3.150222165
3.151242535
3.152284043
3.153328982
3.154378951
3.155433077
3.156488328
3.157547054
3.15862465
3.15968319
3.160740197
3.161816316
3.162872465
3.163946805
3.165021505
3.166100234
3.167163987
3.16824992
3.169339719
3.17045083
3.171545382
3.17264219
3.173741645
3.174863141
3.175965522
3.177090002
3.178215326
3.179326067
3.180461118
3.181599052
3.182742272
3.183888457
3.185039445
3.186194114
3.187371625
3.188531966
3.189695134
3.190884021
3.192075113
3.193248126
3.194443424
3.195642123
3.196844029
3.198044976
3.199247853
3.200453855
3.201661586
3.202891972
3.204101343
3.205331763
3.206540366
3.207772989
3.208989985
3.210233826
3.211478945
3.212724764
3.213973676
3.215224411
3.2164983
3.217754141
3.219015742
3.220303492
3.221574481
3.222871116
3.224171938
3.225454767
3.226764183
3.228076979
3.229392782
3.230735672
3.232058887
3.233383997
3.234715124
3.236073302
3.237411807
3.238776801
3.240145309
3.241516524
3.24286904
3.244247692
3.245653919
3.247040321
3.248429797
3.249823783
3.251243353
3.252643607
3.254070255
3.255476793
3.256909663
3.258345958
3.25978498
3.26123016
3.262679527
3.264133784
3.265592109
3.267078212
3.268545295
3.270039855
3.27151519
3.27301892
3.274526552
3.276037012
3.277525107
3.279063547
3.280581712
3.282102654
3.283627425
3.285180282
3.286713635
3.288274766
3.289815708
3.291385605
3.292959516
3.294534682
3.296110788
3.297688512
3.29926622
3.300847736
3.302457064
3.304043033
3.305656115
3.307247001
3.308865017
3.310486028
3.312109341
3.313735619
3.315366839
3.317000906
3.318635737
3.320296213
3.321934193
3.32359884
3.325237973
3.326902225
3.328568443
3.330237355
3.331906569
3.333576424
3.335247068
3.336917904
3.338589356
3.340285419
3.341954833
3.343650737
3.345350551
3.347052259
3.348729251
3.35043385
3.352164971
3.353870313
3.355576205
3.357283976
3.359018163
3.360726472
3.362460302
3.364194054
3.365928215
3.367661801
3.369394855
3.371129731
3.372864593
3.374599638
3.3763599
3.378095122
3.379854458
3.381612488
3.383344579
3.385102977
3.386862027
3.388622754
3.390385842
3.392175643
3.393939339
3.395729991
3.397493165
3.39928151
3.401071159
3.402833922
3.40462081
3.406405117
3.408212387
3.409991896
3.41177059
3.413579198
3.415367273
3.417184077
3.418976783
3.420792945
3.422609605
3.424429337
3.426250593
3.428073287
3.429923049
3.431746336
3.433598056
3.435427539
3.437283542
3.439139527
3.440997018
3.442857997
3.444722721
3.446588899
3.448455516
3.450348636
3.452214927
3.454107635
3.456003172
3.457899742
3.459771251
3.46166998
3.463598483
3.465503885
3.46741237
3.469350237
3.471266091
3.473211035
3.475130204
3.477077304
3.479028056
3.480982454
3.482939136
3.484925567
3.486888591
3.488855005
3.490851203
3.492849334
3.494821807
3.496822856
3.498826649
3.500834886
3.502845979
3.504887159
3.506903962
3.508953543
3.510983416
3.513042587
3.515105426
3.517174999
3.519248257
3.521324389
3.523406318
3.525492707
3.527611286
3.529706592
3.531830691
3.533959083
3.536062601
3.538197777
3.540366789
3.54251024
3.544653538
3.546797074
3.548968167
3.551139435
3.553283793
3.555454319
3.5576236
3.559793524
3.561964675
3.564139542
3.566342716
3.568518199
3.570724742
3.572932853
3.575112541
3.577321728
3.579530576
3.581742231
3.583985059
3.586201748
3.588420695
3.590670991
3.592921692
3.59517432
3.59740057
3.599659566
3.601950121
3.604215544
3.606481816
3.608778206
3.611047425
3.6133458
3.615644689
3.617946148
3.620247307
3.622546636
3.624845814
3.627144146
3.629469591
3.631766563
3.63409457
3.636424415
3.638750727
3.641075986
3.6434038
3.645737036
3.648100531
3.650438967
3.652809658
3.655153382
3.657528136
3.659905908
3.66228343
3.664663065
3.667072045
3.669454712
3.671870007
3.674256171
3.676672191
3.679089092
3.681507137
3.683927311
3.686349029
3.688801261
3.69122528
3.693679167
3.696104973
3.698564286
3.701024022
3.703485497
3.705945662
3.708436494
3.710899831
3.713394727
3.715864552
3.718364518
3.720865884
3.723369948
3.725875093
3.728382631
3.730891774
3.733430714
3.735973066
3.738488555
3.741035107
3.743585434
3.746138049
3.748689215
3.751268414
3.753817935
3.756400077
3.758954223
3.761539713
3.764125684
3.766711821
3.769299765
3.77191738
3.774507537
3.77712902
3.779722619
3.782346446
3.784973829
3.787604343
3.790234781
3.79286578
3.795527106
3.798160662
3.800827079
3.803497773
3.806172418
3.808848501
3.8115242
3.814201879
3.81688101
3.819595807
3.822315638
3.825007403
3.827728917
3.830450269
3.833172465
3.835926487
3.838652677
3.841410847
3.844141997
3.846906037
3.849672831
3.852441652
3.855212325
3.857987662
3.860797003
3.863578705
3.866390145
3.869201993
3.872014434
3.874826491
3.877638132
3.880449617
3.883291219
3.886134868
3.888945598
3.89178703
3.894626933
3.897467452
3.900309777
3.90318519
3.906030333
3.90890567
3.911783135
3.914662843
3.917542556
3.920421238
3.923297102
3.926173209
3.929079746
3.931984256
3.934857449
3.937760121
3.940662246
3.943594804
3.946497007
3.949427899
3.952328824
3.955259829
3.958189406
3.961117939
3.964046094
3.966973675
3.969929054
3.972850949
3.97580055
3.978748428
3.981693405
3.984634273
3.987570998
3.990506642
3.993469449
3.996428779
3.999355488
4.002309912
4.005261292
4.008240437
4.011188404
4.014133404
4.017104935
4.020074736
4.023041575
4.026007867
4.028973168
4.031937894
4.034935091
4.037900594
4.040893614
4.043885126
4.046872613
4.049854016
4.052833795
4.055843822
4.058820145
4.061823022
4.064823661
4.067822408
4.070820331
4.073815644
4.076806378
4.079820325
4.082832697
4.085843229
4.088823363
4.091856949
4.094857152
4.097854195
4.100877823
4.103898482
4.106889359
4.109909473
4.112928567
4.115975866
4.118992394
4.122036878
4.125048021
4.128082819
4.131114431
4.134144779
4.137201832
4.140227538
4.14328228
4.146309055
4.149364764
4.152418949
4.155500589
4.158551967
4.161600892
4.164675548
4.167747546
4.170815852
4.173879701
4.176939851
4.179995906
4.183075978
4.186128214
4.189207075
4.192284937
4.195363066
4.198438876
4.201543424
4.204620324
4.207726674
4.210832609
4.21393628
4.217037996
4.220137386
4.223264682
4.226360759
4.229482539
4.232602622
4.23571995
4.238836675
4.241981562
4.245095664
4.248237913
4.251380797
4.25452295
4.257665965
4.260807784
4.263976846
4.267119072
4.270289174
4.273458751
4.276628664
4.27980041
4.282998184
4.286167679
4.289365156
4.292561741
4.295760037
4.298958642
4.302157758
4.305384471
4.308584027
4.311811009
4.315034957
4.318259396
4.321482333
4.324732899
4.32795489
4.3312054
4.33445606
4.337706507
4.34095811
4.344237734
4.347487952
4.350766821
4.354048256
4.357330265
4.360612972
4.363897201
4.367209632
4.370521191
4.373804914
4.37711606
4.380456298
4.383767828
4.387075926
4.390410592
4.393745438
4.397079307
4.4004105
4.40373979
4.407095376
4.410421721
4.41377455
4.417125263
4.42047323
4.423817839
4.427192451
4.430537702
4.433908483
4.43727713
4.440645692
4.444041992
4.447410385
4.450805947
4.45416907
4.457553678
4.46093204
4.464333467
4.467704331
4.471098375
4.474489671
4.477877989
4.481263581
4.48464521
4.4880221
4.491422678
4.494822417
4.498219208
4.50161126
4.505001125
4.50841749
4.511803058
4.51521348
4.518622354
4.522029445
4.525459271
4.528859241
4.532281807
4.535703629
4.539123955
4.54254035
4.545981774
4.549391949
4.552824519
4.556255021
4.559682013
4.563105452
4.566554937
4.569976562
4.573421153
4.576860382
4.580294339
4.583726126
4.587182299
4.590609805
4.594063103
4.59751612
4.600994731
4.604447252
4.607896807
4.611370376
4.614840032
4.618307876
4.621770792
4.625257193
4.628739515
4.632192763
4.635669135
4.639171348
4.642647133
4.646120606
4.649620541
4.653118697
4.656616112
4.660113483
4.663638176
4.667135164
4.6706552
4.67417271
4.677687953
4.681228741
4.684745083
4.688290186
4.691836512
4.695384906
4.698931767
4.702502604
4.706047282
4.709621689
4.71319702
4.716775013
4.720380309
4.723960458
4.727568415
4.731177307
4.73478861
4.738424072
4.742031237
4.745663805
4.749295915
4.752929581
4.756560147
4.760188862
4.763845368
4.767500812
4.771157367
4.774816651
4.778478866
4.782167766
4.785860053
4.789551897
4.793242467
4.796930283
4.800642285
4.804352348
4.808063233
4.811773646
4.815484748
4.819219715
4.822926374
4.826656017
4.830384001
4.834138293
4.837863537
4.841615532
4.845364322
4.849108987
4.852850306
4.856590016
4.860354336
4.864118102
4.867877434
4.87163511
4.875416684
4.879172273
4.882954624
4.886737094
4.890517328
4.894322379
4.898098404
4.901901456
4.905703519
4.909528757
4.913324804
4.917145275
4.920939376
4.924761867
4.928611226
4.932430375
4.936274123
4.94011683
4.943956299
4.947790371
4.95162169
4.955476145
4.959327119
4.963180973
4.967037037
4.970921402
4.974776868
4.978657545
4.98253921
4.986443635
4.990322323
4.994224023
4.998122701
5.002018718
5.005911713
5.009829277
5.013720238
5.017638319
5.021586991
5.025509218
5.029425553
5.033367405
5.037304153
5.041234703
5.045187719
5.049113088
5.053063147
5.057011124
5.060982907
5.064924685
5.068894129
5.072862251
5.076828795
5.080800392
5.084774069
5.08877308
5.092769299
5.096762722
5.100775417
5.104759415
5.108769166
5.112778806
5.116786154
5.120815735
5.12481704
5.128840024
5.132856607
5.136894207
5.140899653
5.144922545
5.14894233
5.152955533
5.156963913
5.160994809
5.165023534
5.16904573
5.17306551
5.177110789
5.181124989
5.185161249
5.189220122
5.193253409
5.197308566
5.201338526
5.205393963
5.209472933
5.213521442
5.217588018
5.221654506
5.225720971
5.229783989
5.233871293
5.237951035
5.242028106
5.246101484
5.250196632
5.254264362
5.258357598
5.262450098
5.266562543
5.270645501
5.274753364
5.278857949
5.28298405
5.287080034
5.291197252
5.295318315
5.299439789
5.303582537
5.307698643
5.311837793
5.315972742
5.320131325
5.324262664
5.328417456
5.332574904
5.336760266
5.340920866
5.345107477
5.349301051
5.353496154
5.357713508
5.361910791
5.366132055
5.370350303
5.374591356
5.378800372
5.383027945
5.387257145
5.391508304
5.39573203
5.399979677
5.40422718
5.408474587
5.412746894
5.417014985
5.421284184
5.425556653
5.429828988
5.434125228
5.438419081
5.442709507
5.447024091
5.451309721
5.455616273
5.459924224
5.464258858
5.468593863
5.472904067
5.477263343
5.481604085
5.485973953
5.490318025
5.494713271
5.4990826
5.503454122
5.507850585
5.512242783
5.516660836
5.521055708
5.525470068
5.5298856
5.534300248
5.538742793
5.543185941
5.547624693
5.552061691
5.556523863
5.560990382
5.56545483
5.569917998
5.574406541
5.578870558
5.58335455
5.587862888
5.592347655
5.596857514
5.601364127
5.605867084
5.610393027
5.614920773
5.61944474
5.623974587
5.628532461
5.633088633
5.637642303
5.642199977
5.646782556
5.651369543
5.655959899
5.660553093
5.665170297
5.669786257
5.67440381
5.679021923
5.683664301
5.688307258
5.6929521
5.697608468
5.702285243
5.706964133
5.711643169
5.716342886
5.72101108
5.725706592
5.730428979
5.735125821
5.739843807
5.744560758
5.749277876
5.75402362
5.758773759
5.763524257
5.768273296
5.773051793
5.777833195
5.782623524
5.787440609
5.792229013
5.79704431
5.801862457
5.806711964
5.811561992
5.816413267
5.821272738
5.826161199
5.831051737
5.835950144
5.840857834
5.845798227
5.850735968
5.855677714
5.860623059
5.86559585
5.870574122
5.875576943
5.88055301
5.885552528
5.890549331
5.8955683
5.900554498
5.905570861
5.910587435
5.915628689
5.920674029
5.925724471
5.930773984
5.935841108
5.940906842
5.945978085
5.951053867
5.956164052
5.961277425
5.966399558
5.971545731
5.976700468
5.981863837
5.987032381
5.992229439
5.997426867
6.002625544
6.007848017
6.013073928
6.018300933
6.02352665
6.028773569
6.034027482
6.039283743
6.044566442
6.049831156
6.055149793
6.060447562
6.065771468
6.071091864
6.076406526
6.081722688
6.087067663
6.092413886
6.097794341
6.103182745
6.108575501
6.113967012
6.119384348
6.124773984
6.130211108
6.135620978
6.141063023
6.146509557
6.151966766
6.157453986
6.1629507
6.168459992
6.174008797
6.179537082
6.185112616
6.190665523
6.196253339
6.20185353
6.20746245
6.213104725
6.218752024
6.224409282
6.230073528
6.235763633
6.241452151
6.247175615
6.252878949
6.25862158
6.264394922
6.27014533
6.275927352
6.28171733
6.28753985
6.293366296
6.299197911
6.305034374
6.310905421
6.316784849
6.322694453
6.328574633
6.334479602
6.340412138
6.346320369
6.352259185
6.358189021
6.364149531
6.370118582
6.376091444
6.382062076
6.388065497
6.394072154
6.400111009
6.406133065
6.412190324
6.418275255
6.424338347
6.430432225
6.436554309
6.442653829
6.448787906
6.454924165
6.461092821
6.467262106
6.473429374
6.479604877
6.485809749
6.49201533
6.498254058
6.504499496
6.510741702
6.516986349
6.523265922
6.529552716
6.535838572
6.542151802
6.548469888
6.554793311
6.561146468
6.567512528
6.573884119
6.580289425
6.586698091
6.59310739
6.59954474
6.605982438
6.6124241
6.618896879
6.625383491
6.631878347
6.638375828
6.644911087
6.651486174
6.658044379
6.664638965
6.671243901
6.677888205
6.684542773
6.691201301
6.697894708
6.704565736
6.711299697
6.718018554
6.724779967
6.731558812
6.738377796
6.745201221
6.75203613
6.758911356
6.765792922
6.772674198
6.779589518
6.786514486
6.793445342
6.800411652
6.807367613
6.814389518
6.821396714
6.828443724
6.835528824
6.842599314
6.849699578
6.856833949
6.86398163
6.871137834
6.878304766
6.885508133
6.892721737
6.899947408
6.907211168
6.914489277
6.92181253
6.929147594
6.936497765
6.943857777
6.951254529
6.958661417
6.966109551
6.973567252
6.981038391
6.988549901
6.996073927
7.003614668
7.011200084
7.018807405
7.026427842
7.034087024
7.041763531
7.049485813
7.057230182
7.06499275
7.072774153
7.080600385
7.088476296
7.096339381
7.10424741
7.112202207
7.120139847
7.128120633
7.136141613
7.14416988
7.15220742
7.160249658
7.168333523
7.17642734
7.184558699
7.192700908
7.20085257
7.20904155
7.217242814
7.22548373
7.233734663
7.241997361
7.250273426
7.258596913
7.266964817
7.275306851
7.283693201
7.292122432
7.300530605
7.309004799
7.317453803
7.325937455
7.334424894
7.342950743
7.351480553
7.360050096
7.368596487
7.377188574
7.38582633
7.394474376
7.403133947
7.411832974
7.420539507
7.429252641
7.438006304
7.446774808
7.455578078
7.464390358
7.473212561
7.482076253
7.49094637
7.499855739
7.508772307
7.517700298
7.526662015
7.535629294
7.544602795
7.553613177
7.562628729
7.571680625
7.580729527
7.589772396
7.598853635
7.60794011
7.617027341
7.626156003
7.635326163
7.644474924
7.653694922
7.662890518
7.6721216
7.681356082
7.690620742
7.699885214
7.70918841
7.718455756
7.727790132
7.737092802
7.746468188
7.755810429
7.765186302
7.77457022
7.783990844
7.793408384
7.802829982
7.812283568
7.821770044
7.831221632
7.840709914
7.850230308
7.859753159
7.869280115
7.87884712
7.888418508
7.898021785
7.907626567
7.917232714
7.926873513
7.936515104
7.946198015
7.955890229
7.965601372
7.975357311
7.985122163
7.99493384
8.004759024
8.014591469
8.02446134
8.03436584
8.044245859
8.054167655
8.064130298
8.07410686
8.084090498
8.094120299
8.104156282
8.114230503
8.124312888
8.134433819
8.144556044
8.154685542
8.164851422
8.175023187
8.185226331
8.19543803
8.205662124
8.215933684
8.226216747
8.23655088
8.246901863
8.257291758
8.267680077
8.278104679
8.288539655
8.298984663
8.30947793
8.319985947
8.330501616
8.341089268
8.351651755
8.362261443
8.372880254
8.383538467
8.394206368
8.404916811
8.415629918
8.426378348
8.437138557
8.44790752
8.458718786
8.469568514
8.480392718
8.491298868
8.502174295
8.513090596
8.524053668
8.535029766
8.546016593
8.557045703
8.568082597
8.579164049
8.590255845
8.601401514
8.61255857
8.623762515
8.634975774
8.646198751
8.657469696
8.668788296
8.680085316
8.691463699
8.702821822
8.714260357
8.725674269
8.73713411
8.748638101
8.760157405
8.771689801
8.783269728
8.794897853
8.806537293
8.818190657
8.829888554
8.841597236
8.853345759
8.865095715
8.876854344
8.888654295
8.900494002
8.912328673
8.924156079
8.936021382
8.94792231
8.959830349
8.971741802
8.98368973
8.995652797
9.007656049
9.019664478
9.031714646
9.043761344
9.055847397
9.067939141
9.080030718
9.092200446
9.104343289
9.11652259
9.128740389
9.140960632
9.153191055
9.165463538
9.177750763
9.190089229
9.202480886
9.214879528
9.227280532
9.239721072
9.252163326
9.264640031
9.277122778
9.289641409
9.302155276
9.314704333
9.327249174
9.339833578
9.352420627
9.365049257
9.377682168
9.390359338
9.403049078
9.415785477
9.428532144
9.441287291
9.454084558
9.466922401
9.479762466
9.492637678
9.505508957
9.518416274
9.531329224
9.544245529
9.557233738
9.570184052
9.583174655
9.596190071
9.609196536
9.622237869
9.635273631
9.648346067
9.661415475
9.674480584
9.687621255
9.700721135
9.713849019
9.727007879
9.740167867
9.753363672
9.766558969
9.779791395
9.793027717
9.80630031
9.81958008
9.832906792
9.846274974
9.85961781
9.873041072
9.886469623
9.899900063
9.913367232
9.926841797
9.940346731
9.953885293
9.967427093
9.980969799
9.99454448
10.00815946
10.02178067
10.03544541
10.04911977
10.06279774
10.07655242
10.09027208
10.10406393
10.11781947
10.13164131
10.14545985
10.15928446
10.17315043
10.18702703
10.20094612
10.21490547
10.22886171
10.24281802
10.25685094
10.27084602
10.28487331
10.29893178
10.31302281
10.32707451
10.3411941
10.35531768
10.36944022
10.38360088
10.39779384
10.41198213
10.42617737
10.44043931
10.45466778
10.46897336
10.48324477
10.49759646
10.51194727
10.52629926
10.54069335
10.55512491
10.56955673
10.58402444
10.59849742
10.61300482
10.62750469
10.64203088
10.65659208
10.67114402
10.68569057
10.70030893
10.71487847
10.72951901
10.74413269
10.75882634
10.77352084
10.78821571
10.80298878
10.81772798
10.83250623
10.84732515
10.86219375
10.8770721
10.89196237
10.90690364
10.92188967
10.93688188
10.95191276
10.96698262
10.98206552
10.99716347
11.01230417
11.0274932
11.04269079
11.0579364
11.07322644
11.08853131
11.103848
11.11925043
11.13462634
11.15008583
11.16555393
11.18102283
11.19653196
11.21208397
11.2276383
11.24322833
11.25885758
11.27448816
11.29016221
11.30585169
11.32159019
11.33733206
11.35311492
11.36893178
11.38474956
11.40060559
11.41650007
11.43239777
11.44829431
11.46425791
11.48018186
11.49617744
11.5121707
11.52820185
11.54423353
11.56029976
11.57637025
11.59247247
11.60861053
11.62478516
11.64092373
11.6571324
11.6733418
11.68959286
11.70584829
11.72214432
11.73847383
11.75480161
11.77115183
11.78749328
11.80390061
11.82026284
11.83669654
11.85313142
11.86956662
11.88603277
11.90253492
11.9190612
11.93557575
11.95208439
11.96865315
11.98520666
12.00175808
12.01837702
12.03495755
12.05160679
12.06825682
12.08494249
12.10163322
12.11834812
12.13508974
12.1518231
12.16857886
12.18535865
12.20213407
12.21893728
12.2357335
12.25256101
12.26943509
12.28634986
12.30326749
12.32019052
12.33719026
12.35418354
12.37117619
12.38823572
12.4052978
12.4223649
12.43950718
12.45665047
12.47378893
12.49096483
12.5081693
12.52540384
12.54263351
12.55989016
12.57714154
12.59446567
12.61179326
12.62911902
12.64647007
12.66385603
12.68128046
12.69870402
12.7161708
12.73364031
12.75114053
12.76867075
12.78622794
12.80377603
12.82136167
12.83894702
12.85659928
12.87421517
12.89190185
12.90958309
12.92729421
12.94503941
12.96278
12.98053872
12.99833028
13.01610585
13.03391719
13.05175901
13.06958478
13.08744643
13.1053437
13.12326883
13.14118411
13.15909915
13.17708357
13.1950658
13.21307065
13.23109984
13.24912415
13.26718117
13.28526662
13.30334524
13.3214553
13.33959854
13.35776866
13.3759217
13.39410137
13.41228947
13.43055403
13.44881746
13.46707493
13.48539388
13.50370147
13.52203788
13.54041103
13.55877437
13.57717737
13.59560034
13.61401677
13.63246422
13.65094003
13.66943539
13.6879212
13.70642747
13.72496412
13.74349242
13.7620617
13.78066831
13.79931083
13.81794946
13.83662609
13.85533422
13.87408068
13.89282659
13.91160187
13.93040775
13.94920375
13.96806367
13.98688053
14.00576117
14.02467669
14.0435866
14.06251338
14.08143632
14.10042206
14.11938783
14.13837362
14.15734936
14.17639606
14.19543362
14.21450721
14.23358367
14.25273477
14.27188195
14.29106443
14.31025149
14.32949059
14.34871373
14.36796338
14.38720758
14.40652901
14.42584685
14.44519222
14.46452897
14.48393677
14.50335559
14.52280865
14.54229787
14.56178919
14.58135695
14.600932
14.62050884
14.64014898
14.65980626
14.6795326
14.69923136
14.71900719
14.73881574
14.75862471
14.77848521
14.7983852
14.81827893
14.83824623
14.85821526
14.87820675
14.89819527
14.91824293
14.93827755
14.95833577
14.97843136
14.99855831
15.0186962
15.0388787
15.05909077
15.07933887
15.09963522
15.11993707
15.14027191
15.16065119
15.18106954
15.20152562
15.22198105
15.24251705
15.26306112
15.28360941
15.30423057
15.32486077
15.3455619
15.36628157
15.38704972
15.40782229
15.42866423
15.44951306
15.47040642
15.49133758
15.51232521
15.53336556
15.55441546
15.57549607
15.59660536
15.61774906
15.63891905
15.66012537
15.68132456
15.70256013
15.7238567
15.74520221
15.76659515
15.78799087
15.80942949
15.83093207
15.85242162
15.87393071
15.89541323
15.91695214
15.93848584
15.96003037
15.98162146
16.0031681
16.02476674
16.04638381
16.06797156
16.08961441
16.111232
16.13286436
16.15450064
16.17611549
16.19776713
16.21938028
16.2410336
16.26268351
16.2843685
16.30607846
16.32776714
16.34949932
16.37121657
16.3929982
16.41479325
16.43662499
16.45849883
16.48041481
16.50234169
16.52432828
16.54630732
16.56834744
16.59038011
16.6124281
16.63450259
16.65661253
16.67872116
16.70089028
16.72303515
16.74524123
16.76743714
16.78965044
16.8118805
16.83412371
16.85637411
16.87863338
16.90088496
16.92317441
16.94542311
16.96767467
16.98995551
17.01219873
17.0344477
17.05669186
17.07888765
17.10110222
17.12329848
17.1454409
17.16760991
17.18975795
17.21191554
17.23408824
17.2562628
17.27846422
17.30068699
17.32290863
17.34513976
17.36733724
17.38958899
17.41186777
17.43412643
17.45639468
17.4787077
17.50102099
17.52335567
17.54571253
17.56811058
17.59052746
17.61297262
17.63543015
17.65784786
17.68030099
17.70274741
17.72516938
17.74762658
17.77004484
17.7925289
17.81499075
17.83747516
17.85999979
17.88249919
17.90499678
17.92750699
17.95003732
17.97255764
17.99508019
18.01762155
18.04017066
18.06272842
18.08528562
18.10780091
18.13033969
18.15289391
18.17547838
18.19805776
18.22065898
18.24325095
18.26590981
18.28859763
18.31129942
18.33407517
18.35683397
18.37959534
18.4023988
18.42518638
18.44801997
18.47083166
18.49368728
18.51653338
18.53939419
18.56229986
18.58519411
18.60809749
18.63103252
18.65395243
18.67690753
18.69990697
18.72289829
18.74592442
18.76898012
18.79212215
18.81528266
18.83849215
18.86178548
18.88508799
18.90846833
18.9318533
18.95527529
18.97875805
19.00223325
19.02577697
19.04931399
19.07290309
19.0964756
19.12007341
19.14364168
19.16725641
19.19090109
19.2145426
19.23824128
19.26195689
19.28564164
19.30937168
19.33312746
19.35691542
19.38073271
19.40459038
19.42847001
19.45236562
19.47628634
19.50022482
19.52417987
19.54814754
19.57213728
19.59610149
19.6200748
19.64410631
19.66813946
19.69224899
19.71638124
19.74052435
19.76474353
19.78898399
19.81324776
19.83752012
19.86181047
19.88612437
19.91045707
19.9348164
19.9592209
19.98360853
20.00801258
20.03246444
20.05693591
20.08141703
20.10599025
20.13059162
20.15524178
20.17993508
20.20467157
20.22945827
20.25430769
20.27916877
20.30408099
20.32897786
20.35393885
20.37889745
20.40385267
20.42880133
20.45374751
20.4786943
20.50368694
20.52866107
20.55366697
20.57864451
20.60364562
20.62865519
20.65365589
20.67869087
20.70378686
20.72886512
20.753984
20.77908465
20.80423529
20.82940836
20.8546153
20.87984986
20.90511291
20.93035595
20.95566347
20.98095934
21.00629195
21.03163827
21.05699792
21.08238578
21.10776308
21.13320585
21.15866285
21.18421247
21.20980216
21.23541438
21.26109183
21.28678401
21.3125366
21.33829951
21.36410869
21.38993514
21.41579284
21.44168351
21.46754702
21.49345545
21.51939659
21.5453662
21.57138129
21.59739498
21.62347261
21.64957436
21.67569646
21.70183501
21.72803739
21.75422618
21.78046605
21.80672447
21.83299097
21.85931877
21.88565914
21.91207257
21.93850203
21.9649653
21.99150659
22.01805553
22.04463781
22.07125594
22.09790478
22.12462452
22.15134207
22.17810264
22.20486278
22.23165605
22.25851652
22.28540911
22.31233349
22.33927533
22.36621594
22.39320409
22.42019044
22.44725653
22.47433011
22.50144073
22.52861262
22.55582754
22.58307087
22.61035171
22.63763163
22.66495408
22.69230712
22.71966855
22.74705555
22.77446626
22.80185924
22.82926187
22.85662264
22.88401759
22.91144713
22.93888927
22.96640288
22.99395424
23.02152225
23.04911246
23.07670083
23.10431804
23.13195575
23.15963597
23.18734133
23.21505566
23.24276039
23.27046956
23.29815603
23.32584329
23.35346453
23.38108077
23.40866037
23.4362422
23.46377828
23.49128399
23.51876083
23.5462296
23.5736555
23.60104565
23.62846862
23.65588036
23.68325617
23.71063451
23.73798196
23.76540541
23.79280995
23.82023856
23.84769299
23.87517703
23.90264335
23.93011855
23.95760289
23.9850665
24.01251725
24.03999026
24.06751075
24.09503588
24.12256795
24.15014518
24.17770855
24.20529883
24.23290363
24.26052052
24.28816724
24.31588085
24.34362135
24.37147497
24.39939328
24.42736249
24.45536041
24.48339152
24.51145105
24.53959416
24.56774901
24.59596689
24.62416959
24.65243898
24.68070387
24.70905809
24.73745868
24.76583053
24.79425144
24.82266907
24.85114565
24.87965215
24.90820725
24.93679374
24.9654702
24.9941486
25.02290887
25.05168639
25.08051134
25.10938536
25.13828707
25.16722532
25.19623841
25.22530011
25.25440671
25.2835563
25.31271981
25.34196308
25.37123803
25.40057901
25.4299528
25.45941865
25.48899527
25.51865296
25.54836161
25.57823261
25.60817856
25.63826704
25.66846148
25.69875754
25.72912164
25.75958379
25.790145
25.82078455
25.85150591
25.88233686
25.91323325
25.94415918
25.97517664
26.00621017
26.03733676
26.06854595
26.09980767
26.13109482
26.16243241
26.19379307
26.22524082
26.2568058
26.28848519
26.32029483
26.35220646
26.38417116
26.4162229
26.44830975
26.4804645
26.51268071
26.54496093
26.57725563
26.60959227
26.64188562
26.67423079
26.70662049
26.73896273
26.77137478
26.80377717
26.83615174
26.86853113
26.90090044
26.93328407
26.96568353
26.99807274
27.03048258
27.06291201
27.09536479
27.12783988
27.16033676
27.19284054
27.22532984
27.25780143
27.29029595
27.32282478
27.35536168
27.38788661
27.42041393
27.45298548
27.48554977
27.51811703
27.55067937
27.58328844
27.61597486
27.6486862
27.68143716
27.71418351
27.7469665
27.77973954
27.81252449
27.84529635
27.87810949
27.91088256
27.94367956
27.97650232
28.0093518
28.04222738
28.07513769
28.10803286
28.14098385
28.17395014
28.20686842
28.23980354
28.27287811
28.30599679
28.33915289
28.37242025
28.40571905
28.43917356
28.47272613
28.50637826
28.54010275
28.57394269
28.60788941
28.64188696
28.67598221
28.71014311
28.74439741
28.77863114
28.81284796
28.8471212
28.88142182
28.91574545
28.95016458
28.98461041
29.01914303
29.05371594
29.08834582
29.12304428
29.15781266
29.1926652
29.22763693
29.26267639
29.29776578
29.33294442
29.36828713
29.40372388
29.43928197
29.47495403
29.51075209
29.54662306
29.58253767
29.61858693
29.65468927
29.69089517
29.7271616
29.7635788
29.80015029
29.83677914
29.8734814
29.91027104
29.94712354
29.98400014
30.02090426
30.0578358
30.09477152
30.13177328
30.16881664
30.2059081
30.2430743
30.28039242
30.31777235
30.35518907
30.39270595
30.43030581
30.46806198
30.50588376
30.54374088
30.58167124
30.61971821
30.65786376
30.69614254
30.73450541
30.77293633
30.81148012
30.8502287
30.88911163
30.92818465
30.96741405
31.00679095
31.046291
31.08599464
31.12587456
31.16591138
31.20611715
31.24651034
31.28709173
31.32784643
31.36877484
31.40991914
31.45123371
31.49265696
31.53418361
31.57588914
31.61776152
31.6598365
31.70214049
31.74464756
31.78731532
31.83013394
31.87306818
31.91609967
31.95922729
32.00245428
32.04572249
32.08914792
32.13267818
32.17630523
32.22005156
32.26388329
32.30785684
32.35197196
32.39624488
32.44059342
32.4851038
32.52979508
32.57468595
32.61973966
32.66496543
32.71032085
32.75580585
32.80150678
32.8472655
32.89308345
32.93889742
32.98483589
33.03085771
33.07696813
33.12313495
33.16935302
33.21561148
33.26198307
33.30847075
33.35498131
33.40155162
33.4481423
33.49481637
33.54156396
33.5883154
33.63515258
33.68207438
33.72902336
33.77604748
33.82321014
33.87049647
33.91781933
33.96516842
34.01255323
34.05996013
34.10734752
34.15477298
34.20233181
34.25002135
34.2978279
34.34577812
34.3938512
34.44202427
34.49030767
34.53867062
34.58717104
34.63577792
34.68448198
34.73326665
