390.3746461
276.0742491
225.4444574
195.2672797
174.6762016
159.4785849
147.668622
138.1501878
130.2670073
123.5989823
117.8630684
108.4478013
100.9869107
94.88651391
89.7780842
83.466647
76.8198898
72.76763329
67.2500097
62.83385958
59.19616934
55.03586092
51.22402172
48.12051524
44.94756071
41.87505249
39.18368802
36.65902993
34.20939967
32.01072636
29.96171126
28.01788469
26.21853972
24.57787465
23.02684989
21.59521794
20.27113478
19.04809524
17.92181931
16.87713949
15.91681893
15.0257716
14.21585015
13.46582032
12.78255069
12.15850181
11.59227245
11.07848967
10.61436202
10.1969847
9.825453375
9.495686964
9.206061488
8.954076432
8.738834447
8.557927021
8.410048371
8.293991995
8.209003286
8.154196078
8.129180508
8.133732635
8.167904363
8.23206809
8.326756233
8.452868624
8.611451556
8.803868207
9.031749218
9.296906848
9.601385865
9.947508832
10.33781125
10.77506258
11.26236182
11.8030766
12.40078222
13.05955395
13.78377406
14.57825655
15.44840075
16.40013782
17.44006831
18.57564749
19.81513092
21.16795545
22.64468455
24.25738435
26.01981503
27.94767206
30.05901423
32.37456776
34.91832351
