471.4863945
319.7736154
257.2912964
221.1624607
196.9232128
179.2251573
165.5749368
154.6338221
145.6105375
138.0035234
131.4774657
120.798218
112.3627328
105.4817428
99.73005859
92.63591413
85.1778312
80.63674781
74.45967366
69.52007738
65.45357576
60.80483162
56.54665534
53.08004956
49.53558597
46.10243323
43.09383494
40.26986296
37.52754963
35.06360679
32.76449502
30.58009159
28.55437509
26.70340563
24.94927414
23.32554209
21.81885952
20.42192241
19.12999455
17.92580994
16.81271172
15.77337582
14.8219072
13.93367016
13.11707627
12.3635449
11.67184436
11.03592341
10.45284445
9.919517966
9.43544313
8.995995512
8.599687192
8.243782709
7.927735836
7.648733371
7.405390683
7.196298627
7.020655705
6.87712572
6.765062573
6.683729489
6.632777154
6.61190617
6.62111931
6.660593234
6.73070516
6.832070533
6.965556409
7.13223841
7.333436816
7.570764822
7.846103934
8.161635674
8.519933725
8.923947698
9.376985202
9.882967831
10.44632956
11.07216079
11.7663895
12.53581059
13.38827731
14.3329501
15.38036337
16.54287206
17.83475256
19.27268883
20.87612513
22.66767946
24.67374844
26.92501753
29.45726714
