0.0196389394
0.01376728773
0.01120954957
0.009694996938
0.008665234357
0.007906915318
0.007318555443
0.006844906874
0.006452981778
0.006121707325
0.005836908461
0.005369745117
0.004999826991
0.004697537218
0.004444519609
0.004132064251
0.003803183686
0.003602768207
0.003329991849
0.003111767893
0.002932081996
0.002726665982
0.002538543883
0.002385449719
0.002229004116
0.002077593843
0.001945044166
0.001820782942
0.001700300123
0.00159224579
0.001491633208
0.001396278025
0.001308106176
0.00122780571
0.001151992513
0.001082117373
0.001017594618
0.0009580990431
0.0009034127026
0.0008527890814
0.0008063507285
0.0007633555495
0.0007243601339
0.0006883250458
0.0006555622643
0.0006256893143
0.0005986166615
0.0005740633109
0.0005518703348
0.000531871872
0.0005139969383
0.0004980210292
0.0004838367482
0.0004712929017
0.0004603174092
0.0004507614798
0.0004425300119
0.000435530991
0.000429697138
0.0004249482097
0.000421232032
0.0004184986224
0.0004167161467
0.0004158594241
0.0004159186513
0.0004168944392
0.0004187990606
0.0004216569744
0.0004255050484
0.0004303909018
0.0004363733685
0.0004435232433
0.0004519216639
0.000461659907
0.0004728408345
0.0004855767307
0.0004999866539
0.0005162021656
0.0005343613839
0.00055461039
0.0005771054483
0.0006020097839
0.0006294949962
0.0006597435967
0.0006929448507
0.0007293017779
0.0007690259838
0.0008123433248
0.0008594937479
0.0009107314064
0.0009663284807
0.001026574182
0.001091779694
