0.01627488768
0.01151298534
0.00940431896
0.008147847908
0.007290758402
0.006658351845
0.006167055468
0.005771201523
0.005443449341
0.005166298502
0.00492795866
0.004536898586
0.004227190876
0.003974103377
0.003762290681
0.003500781166
0.003225648705
0.003058079355
0.002830166584
0.002648007266
0.002498167174
0.002327081321
0.002170647238
0.002043560004
0.001913942047
0.001788793521
0.001679529705
0.001577404645
0.001478729554
0.001390583757
0.001308869143
0.001231811062
0.001160960285
0.001096837197
0.001036717166
0.0009817344034
0.0009313945536
0.0008854083073
0.0008435663455
0.0008052572078
0.0007705307161
0.0007387878075
0.0007103882685
0.0006845228253
0.0006613666983
0.0006405956519
0.0006220960636
0.0006056270642
0.0005910386067
0.0005781832093
0.0005669813432
0.0005572659192
0.0005489554849
0.0005419559844
0.0005362328886
0.0005317281395
0.0005284356601
0.0005263782783
0.0005256187796
0.0005262586828
0.0005284539977
0.000532426189
0.0005384640419
0.0005469569287
0.000558379723
0.0005733375994
0.0005925510047
0.0006168873877
0.0006473643059
0.000685143342
0.0007315385846
0.0007880270666
0.0008562458709
0.0009380074741
0.001035339771
0.001150507668
0.001286037378
0.00144482855
0.001630167861
0.00184581625
0.002096116774
0.002386052838
0.002721363381
0.00310868739
0.003555637813
0.004071034245
0.004664995474
0.005349201829
0.006137107508
0.007044182848
0.008088257318
0.009289822304
0.01067249527
