215.1881973
233.6806282
204.266043
182.9092665
166.5833895
154.0302542
143.974156
135.5635413
128.5457874
122.256257
116.8019253
107.5418915
100.1540544
94.24549643
89.34223373
83.30246839
76.98750862
73.12804906
67.60007309
63.23819994
59.72838258
55.69801753
51.90836328
48.8518609
45.65510544
42.57902536
39.84059534
37.26940641
34.77401956
32.5001516
30.38197068
28.35321717
26.46205542
24.73218707
23.08398123
21.57386123
20.20518743
18.96964537
17.8472017
16.85412612
15.91070001
15.02610898
14.23517589
13.54545701
12.94488617
12.42093347
11.96325291
11.59810059
11.32002063
11.11505665
10.99803717
10.93354965
10.89329386
10.8377981
10.7820134
10.72170605
10.70436017
10.71437463
10.7549593
10.79186305
10.8143807
10.78084271
10.70212103
10.57806235
10.42106265
10.20893437
9.944047818
9.583135816
9.121817493
8.624346668
8.156171431
7.76421822
7.660431322
7.800589916
8.04785654
8.235986107
8.357981202
8.367008767
8.396350927
8.596000221
9.029126131
9.608803704
10.22234268
10.83082686
11.15567367
11.41751814
11.45776045
10.97902631
10.12261365
9.26882389
8.63585865
7.860821383
6.800683649
