286.1815565
205.6873934
169.750331
147.8978249
132.4063814
120.5226241
111.2560693
103.999089
98.13035223
93.19027357
88.96759817
82.20330243
76.66510943
71.89410675
68.0688232
63.49726784
59.71280476
56.44783471
52.99200874
49.36775739
46.49624494
43.55465339
40.87023151
38.71237521
36.42391831
34.38059908
32.38223578
30.62715155
28.98954295
27.47552224
26.08339211
24.77195828
23.65048913
22.59952306
21.65704274
20.77083908
19.93880119
19.16993293
18.47347436
17.86804408
17.31072314
16.77538791
16.27072488
15.78193707
15.3296082
14.94053057
14.65629293
14.47493141
14.35532854
14.26712604
14.21513075
14.19489083
14.17482815
14.14910592
14.12223643
14.07650104
13.96307619
13.80241531
13.67301537
13.65157544
13.72924052
13.91424717
14.1363046
14.35518876
14.4820388
14.49199261
14.43380871
14.41592579
14.50933666
14.81596761
15.37473621
15.96527045
16.42979816
16.78175212
16.90394807
16.69451956
16.32296569
15.92178965
15.53392012
15.17849176
15.25812921
15.57150502
16.20005716
17.24531545
18.47692417
19.61846077
20.63145748
21.65240125
22.83842228
22.79187678
23.91960764
26.92965305
